0.000021 1000 
0.090319 2000 
0.114572 3000 
0.132813 4000 
0.166134 5000 
0.181337 6000 
0.196548 7000 
0.212856 8000 
0.229115 9000 
0.246452 10000 
0.263715 11000 
0.282021 12000 
0.300260 13000 
0.319456 14000 
0.339699 15000 
0.360982 16000 
0.383216 17000 
0.406448 18000 
0.430664 19000 
0.455912 20000 
0.483115 21000 
0.510385 22000 
0.539658 23000 
0.570878 24000 
0.605114 25000 
0.641420 26000 
0.680717 27000 
0.724026 28000 
0.771262 29000 
0.823477 30000 
0.881697 31000 
0.947977 32000 
1.024276 33000 
1.114608 34000 
1.225839 35000 
1.368150 36000 
1.567319 37000 
1.900605 38000 
2.899819 6000 
3.899023 1000 
3.931240 1000 
3.950438 2000 
3.966671 2000 
3.981915 3000 
3.996151 3000 
4.010303 4000 
4.024489 4000 
4.039690 5000 
4.054864 5000 
4.070055 6000 
4.085240 6000 
4.101427 7000 
4.117583 7000 
4.133824 8000 
4.150071 8000 
4.167330 8000 
4.184548 9000 
4.201699 9000 
4.218875 10000 
4.236080 10000 
4.254288 11000 
4.272481 11000 
4.291679 11000 
4.310885 12000 
4.330113 12000 
4.349314 12000 
4.369508 13000 
4.389723 13000 
4.409937 13000 
4.431154 14000 
4.452338 14000 
4.473528 14000 
4.494750 15000 
4.516969 15000 
4.539166 15000 
4.561384 15000 
4.584597 16000 
4.607813 16000 
4.631024 16000 
4.655245 16000 
4.679374 16000 
4.703562 17000 
4.727745 17000 
4.751927 17000 
4.777271 17000 
4.802507 17000 
4.827668 17000 
4.852855 18000 
4.878072 18000 
4.904277 18000 
4.930532 18000 
4.956767 18000 
4.982966 18000 
5.009175 18000 
5.036352 18000 
5.063600 19000 
5.090854 19000 
5.118058 19000 
5.146250 19000 
5.174452 19000 
5.202680 19000 
5.230932 19000 
5.259145 19000 
5.287289 19000 
5.315469 19000 
5.343689 19000 
5.371869 19000 
5.400070 19000 
5.428284 19000 
5.456415 19000 
5.484622 20000 
5.512836 20000 
5.541027 20000 
5.569216 20000 
5.597430 20000 
5.625628 20000 
5.653828 20000 
5.682031 20000 
5.710222 20000 
5.738459 20000 
5.766723 20000 
5.794967 20000 
5.823136 20000 
5.851325 20000 
5.879548 20000 
5.907736 20000 
5.935951 20000 
5.964182 21000 
5.992397 21000 
6.022594 21000 
6.053773 21000 
6.084956 20000 
6.116162 20000 
6.147345 20000 
6.178542 20000 
6.209740 20000 
6.240990 20000 
6.272146 20000 
6.303354 20000 
6.334612 20000 
6.365825 20000 
6.397026 20000 
6.428239 20000 
6.459457 20000 
6.490662 20000 
6.521844 20000 
6.553050 20000 
6.584225 20000 
6.615414 20000 
6.646609 20000 
6.677811 20000 
6.709024 20000 
6.740204 20000 
6.771393 20000 
6.802583 20000 
6.833789 20000 
6.865005 19000 
6.896215 19000 
6.926435 19000 
6.955639 19000 
6.983825 20000 
7.012051 20000 
7.040264 20000 
7.068455 20000 
7.096694 20000 
7.124965 20000 
7.153214 20000 
7.181373 20000 
7.209579 20000 
7.237789 20000 
7.265980 20000 
7.294217 20000 
7.322424 20000 
7.350645 20000 
7.378832 20000 
7.407034 20000 
7.435237 20000 
7.463464 21000 
7.491689 21000 
7.521927 21000 
7.553150 21000 
7.584362 21000 
7.616568 20000 
7.648778 20000 
7.680978 20000 
7.713215 20000 
7.745482 20000 
7.777732 20000 
7.809930 20000 
7.842112 20000 
7.874307 20000 
7.906519 20000 
7.938673 20000 
7.970866 20000 
8.003025 20000 
8.035203 19000 
8.067394 19000 
8.097617 19000 
8.126861 19000 
8.155069 19000 
8.183319 20000 
8.211485 20000 
8.239689 20000 
8.267882 20000 
8.296104 20000 
8.324358 20000 
8.352572 20000 
8.380814 20000 
8.409017 20000 
8.437181 20000 
8.465425 20000 
8.493667 20000 
8.521894 20000 
8.550115 20000 
8.578311 20000 
8.606498 20000 
8.634708 21000 
8.662898 21000 
8.693094 21000 
8.724298 21000 
8.755530 20000 
8.787745 20000 
8.819978 20000 
8.852199 20000 
8.884393 20000 
8.916622 20000 
8.948828 20000 
8.981057 20000 
9.013262 20000 
9.045497 20000 
9.077750 20000 
9.109995 20000 
9.142212 20000 
9.174422 20000 
9.206624 19000 
9.238806 19000 
9.269011 19000 
9.298215 19000 
9.326423 19000 
9.354623 20000 
9.382838 20000 
9.411037 20000 
9.439234 20000 
9.467436 20000 
9.495655 20000 
9.523884 20000 
9.552152 20000 
9.580376 20000 
9.608573 20000 
9.636864 20000 
9.665115 20000 
9.693396 20000 
9.721712 20000 
9.750405 20000 
9.778606 20000 
9.806798 20000 
9.834988 20000 
9.863240 21000 
9.891487 21000 
9.921723 21000 
9.952954 21000 
9.984171 21000 
10.016372 20000 
10.048571 20000 
10.080802 20000 
10.113022 20000 
10.145241 20000 
10.177425 20000 
10.209599 20000 
10.241789 20000 
10.273996 20000 
10.306188 20000 
10.338375 20000 
10.370548 20000 
10.402682 20000 
10.434942 19000 
10.467187 19000 
10.497401 19000 
10.526593 19000 
10.554781 20000 
10.583008 20000 
10.611230 20000 
10.639439 20000 
10.667638 20000 
10.695847 20000 
10.724025 20000 
10.752234 20000 
10.780413 20000 
10.808602 20000 
10.836803 20000 
10.864996 20000 
10.893219 20000 
10.921413 20000 
10.949590 20000 
10.977814 20000 
11.006038 20000 
11.034232 21000 
11.062490 21000 
11.092702 21000 
11.123906 21000 
11.155024 20000 
11.187228 20000 
11.219418 20000 
11.251633 20000 
11.283856 20000 
11.316070 20000 
11.348225 20000 
11.380440 20000 
11.412627 20000 
11.444821 20000 
11.477030 20000 
11.509239 20000 
11.541423 20000 
11.573611 20000 
11.605787 19000 
11.637961 19000 
11.668172 19000 
11.697334 19000 
11.725555 19000 
11.753791 20000 
11.781988 20000 
11.810212 20000 
11.838435 20000 
11.866643 20000 
11.894891 20000 
11.923078 20000 
11.951272 20000 
11.979480 20000 
12.007717 20000 
12.035959 20000 
12.064154 20000 
12.092330 20000 
12.120527 20000 
12.148701 20000 
12.176945 20000 
12.205144 20000 
12.233354 21000 
12.261536 21000 
12.291740 21000 
12.322926 21000 
12.354124 21000 
12.386312 20000 
12.418504 20000 
12.450704 20000 
12.482892 20000 
12.515134 20000 
12.547491 20000 
12.579907 20000 
12.612242 20000 
12.644547 20000 
12.676800 20000 
12.709006 20000 
12.741220 20000 
12.773435 20000 
12.805612 19000 
12.837799 19000 
12.867981 19000 
12.897182 19000 
12.925375 19000 
12.953639 20000 
12.981882 20000 
13.010090 20000 
13.038275 20000 
13.066481 20000 
13.094663 20000 
13.122860 20000 
13.151092 20000 
13.179305 20000 
13.207505 20000 
13.235709 20000 
13.263920 20000 
13.292117 20000 
13.320354 20000 
13.348572 20000 
13.376764 20000 
13.404946 20000 
13.433109 21000 
13.461339 21000 
13.491536 21000 
13.522709 21000 
13.553904 21000 
13.586097 20000 
13.618297 20000 
13.650511 20000 
13.682709 20000 
13.714898 20000 
13.747153 20000 
13.779393 20000 
13.811641 20000 
13.843824 20000 
13.876046 20000 
13.908252 20000 
13.940452 20000 
13.972631 20000 
14.004816 20000 
14.037008 19000 
14.069204 19000 
14.099405 19000 
14.128613 19000 
14.156835 19000 
14.185078 19000 
14.213263 20000 
14.241465 20000 
14.269615 20000 
14.297845 20000 
14.326112 20000 
14.354360 20000 
14.382546 20000 
14.410760 20000 
14.438943 20000 
14.467187 20000 
14.495415 20000 
14.523618 20000 
14.551816 20000 
14.580012 20000 
14.608196 20000 
14.636404 20000 
14.664719 21000 
14.692951 21000 
14.723122 21000 
14.754271 21000 
14.785460 20000 
14.817599 20000 
14.849746 20000 
14.881944 20000 
14.914142 20000 
14.946327 20000 
14.978541 20000 
15.010744 20000 
15.042927 20000 
15.075163 20000 
15.107367 20000 
15.139551 20000 
15.171735 20000 
15.203946 20000 
15.236153 19000 
15.268368 19000 
15.298562 19000 
15.327758 19000 
15.355926 19000 
15.384130 20000 
15.412301 20000 
15.440519 20000 
15.468680 20000 
15.496871 20000 
15.525064 20000 
15.553241 20000 
15.581482 20000 
15.609715 20000 
15.637899 20000 
15.666091 20000 
15.694290 20000 
15.722482 20000 
15.750682 20000 
15.778831 20000 
15.807070 20000 
15.835267 20000 
15.863501 21000 
15.891727 21000 
15.921926 21000 
15.953124 21000 
15.984297 21000 
16.016477 20000 
16.048643 20000 
16.080874 20000 
16.113122 20000 
16.145392 20000 
16.177661 20000 
16.209849 20000 
16.242057 20000 
16.274300 20000 
16.306543 20000 
16.338755 20000 
16.370961 20000 
16.403191 20000 
16.435413 19000 
16.467641 19000 
16.497831 19000 
16.527067 19000 
16.555227 19000 
16.583421 20000 
16.611630 20000 
16.639813 20000 
16.668052 20000 
16.696269 20000 
16.724454 20000 
16.752664 20000 
16.780921 20000 
16.809099 20000 
16.837295 20000 
16.865500 20000 
16.893750 20000 
16.921977 20000 
16.950155 20000 
16.978372 20000 
17.006585 20000 
17.034756 21000 
17.062898 21000 
17.093133 21000 
17.124345 21000 
17.155506 20000 
17.187685 20000 
17.219896 20000 
17.252093 20000 
17.284305 20000 
17.316514 20000 
17.348754 20000 
17.380960 20000 
17.413204 20000 
17.445435 20000 
17.477597 20000 
17.509766 20000 
17.541932 20000 
17.574122 20000 
17.606258 19000 
17.638448 19000 
17.668663 19000 
17.697829 19000 
17.726024 19000 
17.754270 20000 
17.782482 20000 
17.810672 20000 
17.838874 20000 
17.867056 20000 
17.895231 20000 
17.923436 20000 
17.951667 20000 
17.979907 20000 
18.008041 20000 
18.036255 20000 
18.064460 20000 
18.092688 20000 
18.120832 20000 
18.149043 20000 
18.177221 20000 
18.205415 20000 
18.233599 21000 
18.261835 21000 
18.292037 21000 
18.323250 21000 
18.354427 21000 
18.386597 20000 
18.418843 20000 
18.451073 20000 
18.483217 20000 
18.515391 20000 
18.547530 20000 
18.579749 20000 
18.611983 20000 
18.644197 20000 
18.676423 20000 
18.708615 20000 
18.740818 20000 
18.772982 20000 
18.805180 19000 
18.837380 19000 
18.867535 19000 
18.896690 19000 
18.924882 19000 
18.953149 20000 
18.981391 20000 
19.009585 20000 
19.037772 20000 
19.065992 20000 
19.094213 20000 
19.122447 20000 
19.150674 20000 
19.178872 20000 
19.207077 20000 
19.235235 20000 
19.263478 20000 
19.291710 20000 
19.319922 20000 
19.348143 20000 
19.376330 20000 
19.404530 21000 
19.432678 21000 
19.462885 21000 
19.494081 21000 
19.525261 20000 
19.557456 20000 
19.589630 20000 
19.621827 20000 
19.654012 20000 
19.686265 20000 
19.718542 20000 
19.750773 20000 
19.783005 20000 
19.815232 20000 
19.847450 20000 
19.879661 20000 
19.911895 20000 
19.944116 20000 
19.976326 19000 
20.008546 19000 
20.038766 19000 
20.067955 19000 
20.096182 19000 
20.124403 20000 
20.152620 20000 
20.180818 20000 
20.209035 20000 
20.237238 20000 
20.265444 20000 
20.293678 20000 
20.321897 20000 
20.350085 20000 
20.378346 20000 
20.406567 20000 
20.434764 20000 
20.462997 20000 
20.491198 20000 
20.519387 20000 
20.547625 20000 
20.575872 20000 
20.604073 21000 
20.632276 21000 
20.662462 21000 
20.693685 21000 
20.724874 21000 
20.757100 20000 
20.789330 20000 
20.821598 20000 
20.853862 20000 
20.886067 20000 
20.918279 20000 
20.950522 20000 
20.982728 20000 
21.014904 20000 
21.047129 20000 
21.079359 20000 
21.111495 20000 
21.143697 20000 
21.175860 19000 
21.208041 19000 
21.238191 19000 
21.267394 19000 
21.295645 19000 
21.323879 20000 
21.352072 20000 
21.380261 20000 
21.408505 20000 
21.436709 20000 
21.464905 20000 
21.493055 20000 
21.521258 20000 
21.549431 20000 
21.577675 20000 
21.605909 20000 
21.634086 20000 
21.662330 20000 
21.690512 20000 
21.718719 20000 
21.746951 20000 
21.775146 20000 
21.803328 21000 
21.831523 21000 
21.861724 21000 
21.892903 21000 
21.924092 21000 
21.956274 20000 
21.988479 20000 
22.020689 20000 
22.052945 20000 
22.085166 20000 
22.117416 20000 
22.149596 20000 
22.181805 20000 
22.214055 20000 
22.246351 20000 
22.278580 20000 
22.310782 20000 
22.342978 20000 
22.375218 19000 
22.407446 19000 
22.437635 19000 
22.466828 19000 
22.495013 19000 
22.523208 20000 
22.551396 20000 
22.579598 20000 
22.607811 20000 
22.636017 20000 
22.664210 20000 
22.692412 20000 
22.720625 20000 
22.748868 20000 
22.777080 20000 
22.805309 20000 
22.833540 20000 
22.861700 20000 
22.889862 20000 
22.918058 20000 
22.946266 20000 
22.974542 21000 
23.002780 21000 
23.032984 21000 
23.064161 21000 
23.095334 20000 
23.127523 20000 
23.159724 20000 
23.191910 20000 
23.224112 20000 
23.256295 20000 
23.288522 20000 
23.320734 20000 
23.352952 20000 
23.385133 20000 
23.417326 20000 
23.449563 20000 
23.481816 20000 
23.514021 20000 
23.546211 19000 
23.578413 19000 
23.608614 19000 
23.637802 19000 
23.666002 19000 
23.694173 20000 
23.722362 20000 
23.750561 20000 
23.778758 20000 
23.806953 20000 
23.835197 20000 
23.863427 20000 
23.891681 20000 
23.919936 20000 
23.948157 20000 
23.976355 20000 
24.004562 20000 
24.032776 20000 
24.060952 20000 
24.089157 20000 
24.117351 20000 
24.145539 20000 
24.173735 21000 
24.201964 21000 
24.232215 21000 
24.263413 21000 
24.294612 21000 
24.326824 20000 
24.359112 20000 
24.391312 20000 
24.423561 20000 
24.455784 20000 
24.487980 20000 
24.520191 20000 
24.552417 20000 
24.584657 20000 
24.616849 20000 
24.649049 20000 
24.681264 20000 
24.713462 20000 
24.745687 19000 
24.777898 19000 
24.808088 19000 
24.837307 19000 
24.865506 19000 
24.893758 20000 
24.921976 20000 
24.950164 20000 
24.978409 20000 
25.006622 20000 
25.034835 20000 
25.063070 20000 
25.091246 20000 
25.119463 20000 
25.147651 20000 
25.175895 20000 
25.204116 20000 
25.232302 20000 
25.260441 20000 
25.288638 20000 
25.316814 20000 
25.345016 20000 
25.373226 21000 
25.401412 21000 
25.431567 21000 
25.462796 21000 
25.494012 21000 
25.526229 20000 
25.558420 20000 
25.590620 20000 
25.622804 20000 
25.655010 20000 
25.687199 20000 
25.719389 20000 
25.751557 20000 
25.783743 20000 
25.815954 20000 
25.848156 20000 
25.880344 20000 
25.912538 20000 
25.944724 20000 
25.976902 19000 
26.009108 19000 
26.039321 19000 
26.068562 19000 
26.096746 19000 
26.124931 19000 
26.153138 20000 
26.181352 20000 
26.209560 20000 
26.237709 20000 
26.265913 20000 
26.294092 20000 
26.322270 20000 
26.350467 20000 
26.378698 20000 
26.406918 20000 
26.435124 20000 
26.463325 20000 
26.491541 20000 
26.519741 20000 
26.547969 20000 
26.576201 20000 
26.604391 21000 
26.632617 21000 
26.662875 21000 
26.694117 21000 
26.725292 20000 
26.757492 20000 
26.789688 20000 
26.821912 20000 
26.854148 20000 
26.886349 20000 
26.918552 20000 
26.950774 20000 
26.982992 20000 
27.015187 20000 
27.047422 20000 
27.079651 20000 
27.111860 20000 
27.144042 20000 
27.176227 19000 
27.208414 19000 
27.238602 19000 
27.267844 19000 
27.296077 19000 
27.324334 20000 
27.352520 20000 
27.380792 20000 
27.409017 20000 
27.437225 20000 
27.465450 20000 
27.493658 20000 
27.521849 20000 
27.550087 20000 
27.578307 20000 
27.606505 20000 
27.634695 20000 
27.662908 20000 
27.691132 20000 
27.719329 20000 
27.747520 20000 
27.775718 20000 
27.803938 21000 
27.832149 21000 
27.862405 21000 
27.893633 21000 
27.924880 21000 
27.957077 20000 
27.989302 20000 
28.021511 20000 
28.053699 20000 
28.085894 20000 
28.119236 20000 
28.151477 20000 
28.183699 20000 
28.215889 20000 
28.248095 20000 
28.280310 20000 
28.312520 20000 
28.344722 20000 
28.376909 19000 
28.409147 19000 
28.439306 19000 
28.468514 19000 
28.496722 19000 
28.524940 19000 
28.553141 20000 
28.581332 20000 
28.609587 20000 
28.637810 20000 
28.666016 20000 
28.694236 20000 
28.722461 20000 
28.750677 20000 
28.778899 20000 
28.807085 20000 
28.835269 20000 
28.863485 20000 
28.891729 20000 
28.919940 20000 
28.948159 20000 
28.976346 20000 
29.004559 21000 
29.032782 21000 
29.063029 21000 
29.094311 21000 
29.125610 20000 
29.157825 20000 
29.190028 20000 
29.222233 20000 
29.254442 20000 
29.286665 20000 
29.318878 20000 
29.351138 20000 
29.383359 20000 
29.415550 20000 
29.447762 20000 
29.479940 20000 
29.512128 20000 
29.544366 20000 
29.576589 19000 
29.608826 19000 
29.639012 19000 
29.668217 19000 
29.696430 19000 
29.724630 20000 
29.752841 20000 
29.781047 20000 
29.809234 20000 
29.837427 20000 
29.865626 20000 
29.893856 20000 
29.922075 20000 
29.950263 20000 
29.978466 20000 
30.006645 20000 
30.034853 20000 
30.063131 20000 
30.091360 20000 
30.119515 20000 
30.147702 20000 
30.175888 20000 
30.204104 21000 
30.232346 21000 
30.262604 21000 
30.293849 21000 
30.325095 20000 
30.357331 20000 
30.389542 20000 
30.421746 20000 
30.453927 20000 
30.486102 20000 
30.518275 20000 
30.550462 20000 
30.582660 20000 
30.614849 20000 
30.647106 20000 
30.679404 20000 
30.711628 20000 
30.743817 20000 
30.776003 19000 
30.808181 19000 
30.838401 19000 
30.867679 19000 
30.896082 19000 
30.924316 20000 
30.952464 20000 
30.980627 20000 
31.008875 20000 
31.037097 20000 
31.065325 20000 
31.093528 20000 
31.121666 20000 
31.149857 20000 
31.178050 20000 
31.206244 20000 
31.234430 20000 
31.262636 20000 
31.290847 20000 
31.319031 20000 
31.347221 20000 
31.375411 20000 
31.403643 21000 
31.431862 21000 
31.462066 21000 
31.493266 21000 
31.524461 21000 
31.556622 20000 
31.588828 20000 
31.621034 20000 
31.653246 20000 
31.685446 20000 
31.717628 20000 
31.749824 20000 
31.782062 20000 
31.814298 20000 
31.846508 20000 
31.878696 20000 
31.910905 20000 
31.943141 20000 
31.975357 19000 
32.007581 19000 
32.037817 19000 
32.066988 19000 
32.095180 19000 
32.123374 20000 
32.151576 20000 
32.179804 20000 
32.208027 20000 
32.236279 20000 
32.264488 20000 
32.292667 20000 
32.320871 20000 
32.349055 20000 
32.377312 20000 
32.405579 20000 
32.433764 20000 
32.461957 20000 
32.490131 20000 
32.518313 20000 
32.546528 20000 
32.574717 21000 
32.602906 21000 
32.633106 21000 
32.664348 21000 
32.695579 20000 
32.727807 20000 
32.760055 20000 
32.792268 20000 
32.824551 20000 
32.856788 20000 
32.888981 20000 
32.921136 20000 
32.953289 20000 
32.985765 20000 
33.017956 20000 
33.050145 20000 
33.082355 20000 
33.114550 20000 
33.146740 19000 
33.178963 19000 
33.209178 19000 
33.238344 19000 
33.266550 19000 
33.294728 20000 
33.322965 20000 
33.351131 20000 
33.379337 20000 
33.407527 20000 
33.435733 20000 
33.463983 20000 
33.492206 20000 
33.520413 20000 
33.548630 20000 
33.576821 20000 
33.605023 20000 
33.633208 20000 
33.661425 20000 
33.689588 20000 
33.717739 20000 
33.745943 20000 
33.774159 21000 
33.802372 21000 
33.832598 21000 
33.863851 21000 
33.895093 20000 
33.927328 20000 
33.959493 20000 
33.991695 20000 
34.023909 20000 
34.056133 20000 
34.088401 20000 
34.152678 19000 
34.184898 19000 
34.215089 19000 
34.244280 19000 
34.272467 19000 
34.300667 19000 
34.328878 19000 
34.357067 19000 
34.385241 19000 
34.413452 19000 
34.441698 19000 
34.469919 19000 
34.498177 19000 
34.526395 19000 
34.554557 20000 
34.582794 20000 
34.610998 20000 
34.639153 20000 
34.667338 20000 
34.695536 20000 
34.723707 20000 
34.751899 20000 
34.780138 20000 
34.808378 20000 
34.864640 19000 
34.892851 19000 
34.921043 19000 
34.949232 19000 
34.977432 19000 
35.005645 19000 
35.033890 20000 
35.062169 20000 
35.090382 20000 
35.118586 20000 
35.146785 20000 
35.175003 20000 
35.203201 20000 
35.231445 20000 
35.259710 20000 
35.287901 20000 
35.316083 20000 
35.344260 20000 
35.372480 20000 
35.400719 20000 
35.429060 20000 
35.457246 20000 
35.485424 20000 
35.513647 21000 
35.541850 21000 
35.572037 21000 
35.603297 21000 
35.634508 21000 
35.666728 20000 
35.698917 20000 
35.731169 20000 
35.763371 20000 
35.795545 20000 
35.827745 20000 
35.859881 20000 
35.892082 20000 
35.924266 20000 
35.956439 20000 
35.988659 20000 
36.020934 20000 
36.053198 20000 
36.085438 19000 
36.117694 19000 
36.147912 19000 
36.177146 19000 
36.205359 19000 
36.233554 20000 
36.261771 20000 
36.290012 20000 
36.318253 20000 
36.346421 20000 
36.374575 20000 
36.402758 20000 
36.431038 20000 
36.459264 20000 
36.487436 20000 
36.515633 20000 
36.543826 20000 
36.572052 20000 
36.600250 20000 
36.628456 20000 
36.656658 20000 
36.684830 21000 
36.713087 21000 
36.743320 21000 
36.774512 21000 
36.805687 20000 
36.837896 20000 
36.870113 20000 
36.902344 20000 
36.934624 20000 
36.966865 20000 
36.999080 20000 
37.031300 20000 
37.063486 20000 
37.095643 20000 
37.127815 20000 
37.160014 20000 
37.192202 20000 
37.224406 20000 
37.256566 19000 
37.288776 19000 
37.318963 19000 
37.348129 19000 
37.376356 19000 
37.404611 20000 
37.432801 20000 
37.461009 20000 
37.489177 20000 
37.517387 20000 
37.545600 20000 
37.573819 20000 
37.602004 20000 
37.630218 20000 
37.658408 20000 
37.714674 19000 
37.742920 19000 
37.771153 19000 
37.799368 19000 
37.827561 19000 
37.855768 19000 
37.883926 20000 
37.912132 20000 
37.940355 20000 
37.968529 20000 
37.996728 20000 
38.024908 20000 
38.053100 20000 
38.081313 20000 
38.109548 20000 
38.137767 20000 
38.165957 20000 
38.194157 20000 
38.222346 20000 
38.250587 20000 
38.278817 20000 
38.307033 20000 
38.335221 20000 
38.363389 21000 
38.391588 21000 
38.421765 21000 
38.452960 21000 
38.484164 21000 
38.516345 20000 
38.548597 20000 
38.580864 20000 
38.613101 20000 
38.645340 20000 
38.677638 20000 
38.709887 20000 
38.742113 20000 
38.774324 20000 
38.806529 20000 
38.838721 20000 
38.870916 20000 
38.903141 20000 
38.935289 19000 
38.967467 19000 
38.997650 19000 
39.026833 19000 
39.055015 19000 
39.083201 20000 
39.111391 20000 
39.139568 20000 
39.167725 20000 
39.195932 20000 
39.224199 20000 
39.252376 20000 
39.280582 20000 
39.308783 20000 
39.336970 20000 
39.365158 20000 
39.393364 20000 
39.421625 20000 
39.449878 20000 
39.478093 20000 
39.506257 20000 
39.534445 21000 
39.562639 21000 
39.592865 21000 
39.624088 21000 
39.655299 20000 
39.687505 20000 
39.719735 20000 
39.751954 20000 
39.784156 20000 
39.816379 20000 
39.848581 20000 
39.880743 20000 
39.912980 20000 
39.945195 20000 
39.977397 20000 
40.009613 20000 
40.041803 20000 
40.074014 20000 
40.106182 19000 
40.138438 19000 
40.168660 19000 
40.197853 19000 
40.226044 19000 
40.254249 20000 
40.282506 20000 
40.310723 20000 
40.338926 20000 
40.367099 20000 
40.395331 20000 
40.423539 20000 
40.451736 20000 
40.479942 20000 
40.508162 20000 
40.536349 20000 
40.564536 20000 
40.592722 20000 
40.620937 20000 
40.649148 20000 
40.677408 20000 
40.705644 20000 
40.733828 21000 
40.762021 21000 
40.792217 21000 
40.823419 21000 
40.854637 21000 
40.886829 20000 
40.919003 20000 
40.951259 20000 
40.983446 20000 
41.015659 20000 
41.047857 20000 
41.080063 20000 
41.112278 20000 
41.144490 20000 
41.176687 20000 
41.208868 20000 
41.241084 20000 
41.273286 20000 
41.305447 19000 
41.337631 19000 
41.367847 19000 
41.397080 19000 
41.425323 19000 
41.453513 20000 
41.481728 20000 
41.509965 20000 
41.538194 20000 
41.566377 20000 
41.594602 20000 
41.622800 20000 
41.651004 20000 
41.679211 20000 
41.707395 20000 
41.735587 20000 
41.763785 20000 
41.791936 20000 
41.820117 20000 
41.848324 20000 
41.876566 20000 
41.904763 21000 
41.932993 21000 
41.963215 21000 
41.994455 21000 
42.025613 20000 
42.057791 20000 
42.090022 20000 
42.122256 20000 
42.154461 20000 
42.186657 20000 
42.218874 20000 
42.251106 20000 
42.283325 20000 
42.315565 20000 
42.347784 20000 
42.379984 20000 
42.412209 20000 
42.444373 20000 
42.476551 19000 
42.508740 19000 
42.538920 19000 
42.568117 19000 
42.596321 19000 
42.624543 20000 
42.652735 20000 
42.680942 20000 
42.709153 20000 
42.737366 20000 
42.765595 20000 
42.793770 20000 
42.821979 20000 
42.850178 20000 
42.878385 20000 
42.906583 20000 
42.934788 20000 
42.962985 20000 
42.991180 20000 
43.019324 20000 
43.047523 20000 
43.075700 20000 
43.103923 21000 
43.132141 21000 
43.162340 21000 
43.193568 21000 
43.224793 21000 
43.257012 20000 
43.289176 20000 
43.321395 20000 
43.353978 20000 
43.386205 20000 
43.418424 20000 
43.450552 20000 
43.482734 20000 
43.514927 20000 
43.547135 20000 
43.579384 20000 
43.611601 20000 
43.643853 20000 
43.676043 19000 
43.708236 19000 
43.738438 19000 
43.767651 19000 
43.795881 19000 
43.824077 20000 
43.852275 20000 
43.880515 20000 
43.908751 20000 
43.936962 20000 
43.965257 20000 
43.993486 20000 
44.021719 20000 
44.049890 20000 
44.078084 20000 
44.106273 20000 
44.134523 20000 
44.162749 20000 
44.190936 20000 
44.219130 20000 
44.247311 20000 
44.275544 20000 
44.303854 21000 
44.332095 21000 
44.362353 21000 
44.393509 21000 
44.424716 21000 
44.456882 20000 
44.489062 20000 
44.521211 20000 
44.553401 20000 
44.585594 20000 
44.617788 20000 
44.649992 20000 
44.682190 20000 
44.714445 20000 
44.746681 20000 
44.778955 20000 
44.811227 20000 
44.843448 20000 
44.875662 19000 
44.907894 19000 
44.938118 19000 
44.967293 19000 
44.995510 19000 
45.023744 20000 
45.051933 20000 
45.080144 20000 
45.108326 20000 
45.136539 20000 
45.164720 20000 
45.192881 20000 
45.221084 20000 
45.250877 20000 
45.279067 20000 
45.307331 20000 
45.335565 20000 
45.363802 20000 
45.392080 20000 
45.420271 20000 
45.448490 20000 
45.476697 20000 
45.504980 20000 
45.533207 21000 
45.561445 21000 
45.591678 21000 
45.622869 21000 
45.654054 21000 
45.686239 20000 
45.718458 20000 
45.750722 20000 
45.782943 20000 
45.815152 20000 
45.847339 20000 
45.879518 20000 
45.911708 20000 
45.943913 20000 
45.976052 20000 
46.008191 20000 
46.040372 20000 
46.072569 20000 
46.104760 20000 
46.136930 19000 
46.169138 19000 
46.199344 19000 
46.228579 19000 
46.256832 19000 
46.285027 19000 
46.313261 20000 
46.341499 20000 
46.369697 20000 
46.397879 20000 
46.426089 20000 
46.454256 20000 
46.482464 20000 
46.510630 20000 
46.538835 20000 
46.567066 20000 
46.595260 20000 
46.623444 20000 
46.651664 20000 
46.679907 20000 
46.708100 20000 
46.736318 20000 
46.764525 21000 
46.792730 21000 
46.822903 21000 
46.854123 21000 
46.885307 20000 
46.917510 20000 
46.949708 20000 
46.981951 20000 
47.014204 20000 
47.046441 20000 
47.078695 20000 
47.110951 20000 
47.143187 20000 
47.175418 20000 
47.207634 20000 
47.239828 20000 
47.272018 20000 
47.304218 20000 
47.336374 19000 
47.368537 19000 
47.398718 19000 
47.427901 19000 
47.456113 19000 
47.484346 20000 
47.512551 20000 
47.540765 20000 
47.569017 20000 
47.597230 20000 
47.625418 20000 
47.653644 20000 
47.681889 20000 
47.710103 20000 
47.738254 20000 
47.766471 20000 
47.794675 20000 
47.822903 20000 
47.851147 20000 
47.879391 20000 
47.907579 20000 
47.935744 20000 
47.963937 21000 
47.992183 21000 
48.022397 21000 
48.053632 21000 
48.084878 21000 
48.117073 20000 
48.149335 20000 
48.181605 20000 
48.213808 20000 
48.246005 20000 
48.278204 20000 
48.310407 20000 
48.342604 20000 
48.374810 20000 
48.407015 20000 
48.439205 20000 
48.471411 20000 
48.503606 20000 
48.535808 19000 
48.568022 19000 
48.598228 19000 
48.627486 19000 
48.655747 19000 
48.683991 20000 
48.712182 20000 
48.740371 20000 
48.768602 20000 
48.796833 20000 
48.825045 20000 
48.853251 20000 
48.881460 20000 
48.909667 20000 
48.937868 20000 
48.966080 20000 
48.994288 20000 
49.022494 20000 
49.050749 20000 
49.078958 20000 
49.107144 20000 
49.135331 20000 
49.163532 21000 
49.191761 21000 
49.221951 21000 
49.253151 21000 
49.284351 21000 
49.316539 20000 
49.348732 20000 
49.380927 20000 
49.413121 20000 
49.445278 20000 
49.477470 20000 
49.509669 20000 
49.541883 20000 
49.574089 20000 
49.606308 20000 
49.638578 20000 
49.670824 20000 
49.703076 20000 
49.735300 19000 
49.767553 19000 
49.797760 19000 
49.826932 19000 
49.855121 19000 
49.883341 20000 
49.911526 20000 
49.939732 20000 
49.967906 20000 
49.996158 20000 
50.024380 20000 
50.052609 20000 
50.080834 20000 
50.109078 20000 
50.137272 20000 
50.165470 20000 
50.193668 20000 
50.221881 20000 
50.250095 20000 
50.278294 20000 
50.306500 20000 
50.334691 21000 
50.362891 21000 
50.393104 21000 
50.424369 21000 
50.455588 20000 
50.487806 20000 
50.520163 20000 
50.552382 20000 
50.584504 20000 
50.616664 20000 
50.648841 20000 
50.681002 20000 
50.713228 20000 
50.745443 20000 
50.777701 20000 
50.809966 20000 
50.842142 20000 
50.874337 20000 
50.906550 19000 
50.938785 19000 
50.968993 19000 
50.998201 19000 
51.026411 19000 
51.054624 20000 
51.082866 20000 
51.111096 20000 
51.139299 20000 
51.167500 20000 
51.195704 20000 
51.223916 20000 
51.252118 20000 
51.280349 20000 
51.308585 20000 
51.336794 20000 
51.364996 20000 
51.393154 20000 
51.421370 20000 
51.449612 20000 
51.477922 20000 
51.506141 20000 
51.534326 21000 
51.562545 21000 
51.592747 21000 
51.623933 21000 
51.655156 20000 
51.687397 20000 
51.719623 20000 
51.751871 20000 
51.784127 20000 
51.816328 20000 
51.848593 20000 
51.880806 20000 
51.913033 20000 
51.945237 20000 
51.977457 20000 
52.009668 20000 
52.043166 20000 
52.075358 19000 
52.107521 19000 
52.137727 19000 
52.166923 19000 
52.195102 19000 
52.223330 20000 
52.251577 20000 
52.279783 20000 
52.307973 20000 
52.336187 20000 
52.364425 20000 
52.392598 20000 
52.420845 20000 
52.449115 20000 
52.477807 20000 
52.506068 20000 
52.534310 20000 
52.562536 20000 
52.590771 20000 
52.619016 20000 
52.647256 20000 
52.675450 20000 
52.703646 21000 
52.731895 21000 
52.762138 21000 
52.793394 21000 
52.824604 21000 
52.856826 20000 
52.889039 20000 
52.921255 20000 
52.953494 20000 
52.985763 20000 
53.017968 20000 
53.050189 20000 
53.082402 20000 
53.114610 20000 
53.146810 20000 
53.178999 20000 
53.211187 20000 
53.243391 20000 
53.275591 19000 
53.307775 19000 
53.337972 19000 
53.367215 19000 
53.395483 19000 
53.423725 20000 
53.451930 20000 
53.480179 20000 
53.508420 20000 
53.536614 20000 
53.564807 20000 
53.593008 20000 
53.621215 20000 
53.649430 20000 
53.677628 20000 
53.705815 20000 
53.734045 20000 
53.762297 20000 
53.790558 20000 
53.818807 20000 
53.847019 20000 
53.875250 20000 
53.903441 21000 
53.931654 21000 
53.961868 21000 
53.993088 21000 
54.024326 21000 
54.056550 20000 
54.088810 20000 
54.121021 20000 
54.153238 20000 
54.185418 20000 
54.217600 20000 
54.249787 20000 
54.281989 20000 
54.314194 20000 
54.346411 20000 
54.378642 20000 
54.410848 20000 
54.443001 20000 
54.475213 19000 
54.507446 19000 
54.537674 19000 
54.566896 19000 
54.595067 19000 
54.623279 20000 
54.651476 20000 
54.679703 20000 
54.707928 20000 
54.736122 20000 
54.764275 20000 
54.792480 20000 
54.820657 20000 
54.848890 20000 
54.877141 20000 
54.905343 20000 
54.933553 20000 
54.961759 20000 
54.989947 20000 
55.018174 20000 
55.046459 20000 
55.074712 21000 
55.102971 21000 
55.133177 21000 
55.164426 21000 
55.195602 20000 
55.227800 20000 
55.260004 20000 
55.292232 20000 
55.324458 20000 
55.356643 20000 
55.388849 20000 
55.421009 20000 
55.453194 20000 
55.485398 20000 
55.517605 20000 
55.549815 20000 
55.582020 20000 
55.614184 20000 
55.646380 19000 
55.678597 19000 
55.739823 18000 
55.800070 17000 
55.828317 17000 
55.854565 18000 
55.880815 18000 
55.907064 18000 
55.959359 17000 
56.011609 16000 
56.037828 16000 
56.088103 16000 
56.112299 16000 
56.160539 15000 
56.184694 16000 
56.207880 16000 
56.255121 15000 
56.302364 15000 
56.325608 15000 
56.348861 15000 
56.372060 15000 
56.418322 15000 
56.441524 15000 
56.464720 15000 
56.487882 15000 
56.511073 16000 
56.557290 15000 
56.580892 15000 
56.627171 15000 
56.673423 14000 
56.718672 14000 
56.740875 14000 
56.785121 13000 
56.807288 14000 
56.851551 13000 
56.873734 14000 
56.917026 13000 
56.960334 13000 
57.003535 12000 
57.024746 13000 
57.044937 13000 
57.066137 13000 
57.108419 13000 
57.150690 12000 
57.191978 12000 
57.212215 12000 
57.232410 13000 
57.272656 12000 
57.312928 12000 
57.333189 12000 
57.373466 12000 
57.393671 12000 
57.413869 13000 
57.454161 12000 
57.474413 13000 
57.494638 13000 
57.514851 13000 
57.556139 13000 
57.577346 13000 
57.598543 13000 
57.640789 13000 
57.661982 13000 
57.704248 13000 
57.746501 12000 
57.767699 13000 
57.809931 12000 
57.851186 12000 
57.892403 12000 
57.912631 12000 
57.952974 12000 
57.973220 12000 
58.013541 12000 
58.033736 12000 
58.053935 12000 
58.074136 13000 
58.114450 12000 
58.134637 13000 
58.154829 13000 
58.196113 12000 
58.236402 12000 
58.276679 12000 
58.296879 12000 
58.317107 12000 
58.337265 13000 
58.377566 12000 
58.397823 13000 
58.438091 12000 
58.458310 13000 
58.478531 13000 
58.498722 13000 
58.539940 13000 
58.561132 13000 
58.603357 13000 
58.624544 13000 
58.645733 13000 
58.666938 14000 
58.709215 13000 
58.730432 14000 
58.751605 14000 
58.772810 14000 
58.795038 14000 
58.817209 15000 
58.839394 15000 
58.861600 15000 
58.883783 16000 
58.907012 16000 
58.930218 16000 
58.954390 16000 
59.002650 16000 
59.026867 16000 
59.051065 16000 
59.075291 16000 
59.099506 16000 
59.123703 17000 
59.147922 17000 
59.172151 17000 
59.197373 17000 
59.247661 16000 
59.272908 17000 
59.297100 17000 
59.346340 16000 
59.371539 16000 
59.395732 16000 
59.443987 16000 
59.468193 16000 
59.492406 16000 
59.540676 16000 
59.564867 16000 
59.613161 15000 
59.637387 15000 
59.660572 16000 
59.706835 15000 
59.730039 15000 
59.753210 16000 
59.776411 16000 
59.799608 16000 
59.823828 16000 
59.848001 16000 
59.872258 17000 
59.896509 17000 
59.920714 17000 
59.945918 17000 
59.971108 17000 
59.996278 17000 
60.021497 18000 
60.046699 18000 
60.072922 18000 
60.099126 18000 
60.125310 18000 
60.151504 18000 
60.177726 18000 
60.204966 18000 
60.232169 19000 
60.259369 19000 
60.286570 19000 
60.314802 19000 
60.342993 19000 
60.371210 19000 
60.399413 19000 
60.427611 19000 
60.455820 19000 
60.484009 19000 
60.512229 19000 
60.540467 19000 
60.568675 19000 
60.596917 19000 
60.625146 19000 
60.653326 20000 
60.681536 20000 
60.737758 19000 
60.765918 19000 
60.794116 19000 
60.822315 19000 
60.850516 19000 
60.878729 19000 
60.907026 19000 
60.935221 19000 
60.963406 19000 
60.991597 19000 
61.019823 19000 
61.048077 19000 
61.076262 19000 
61.104465 20000 
61.132707 20000 
61.160944 20000 
61.189214 20000 
61.217462 20000 
61.245671 20000 
61.273840 20000 
61.302053 20000 
61.330237 20000 
61.358421 20000 
61.386719 20000 
61.414908 20000 
61.443075 20000 
61.471260 20000 
61.499499 20000 
61.527703 20000 
61.555906 20000 
61.584108 21000 
61.612304 21000 
61.642516 21000 
61.673702 21000 
61.704860 21000 
61.737076 20000 
61.769299 20000 
61.801568 20000 
61.833841 20000 
61.866219 20000 
61.898468 20000 
61.930698 20000 
61.962931 20000 
61.995159 20000 
62.027412 20000 
62.059620 20000 
62.091791 20000 
62.124026 20000 
62.156275 19000 
62.188502 19000 
62.218713 19000 
62.247925 19000 
62.276139 19000 
62.304382 20000 
62.332605 20000 
62.360795 20000 
62.388984 20000 
62.417140 20000 
62.445325 20000 
62.473504 20000 
62.501730 20000 
62.529921 20000 
62.558119 20000 
62.586316 20000 
62.614533 20000 
62.642821 20000 
62.671081 20000 
62.699239 20000 
62.727413 20000 
62.755612 20000 
62.783853 21000 
62.812091 21000 
62.842308 21000 
62.873507 21000 
62.904718 21000 
62.936919 20000 
62.969107 20000 
63.001298 20000 
63.033526 20000 
63.065714 20000 
63.097925 20000 
63.130159 20000 
63.162370 20000 
63.194589 20000 
63.226790 20000 
63.258989 20000 
63.291200 20000 
63.323412 20000 
63.355634 19000 
63.387803 19000 
63.418001 19000 
63.447202 19000 
63.475388 19000 
63.503636 20000 
63.531868 20000 
63.560080 20000 
63.588273 20000 
63.616486 20000 
63.644680 20000 
63.672887 20000 
63.701097 20000 
63.729338 20000 
63.757525 20000 
63.785671 20000 
63.813890 20000 
63.842090 20000 
63.870320 20000 
63.898545 20000 
63.926747 20000 
63.954960 20000 
63.983127 21000 
64.011302 21000 
64.041504 21000 
64.072735 21000 
64.103973 21000 
64.136201 20000 
64.168486 20000 
64.200708 20000 
64.232973 20000 
64.265239 20000 
64.297443 20000 
64.329684 20000 
64.361909 20000 
64.394134 20000 
64.426333 20000 
64.458553 20000 
64.490754 20000 
64.522931 20000 
64.555122 19000 
64.587307 19000 
64.617508 19000 
64.646754 19000 
64.675011 19000 
64.703244 20000 
64.731420 20000 
64.759632 20000 
64.787799 20000 
64.815987 20000 
64.844170 20000 
64.872358 20000 
64.900537 20000 
64.928766 20000 
64.956963 20000 
64.985153 20000 
65.013395 20000 
65.041662 20000 
65.069872 20000 
65.098092 20000 
65.126282 20000 
65.154494 21000 
65.182685 21000 
65.212889 21000 
65.244098 21000 
65.275323 20000 
65.338559 19000 
65.370818 19000 
65.401069 19000 
65.430271 19000 
65.458488 19000 
65.486660 19000 
65.514899 20000 
65.543099 20000 
65.571328 20000 
65.599567 20000 
65.627729 20000 
65.655920 20000 
65.684119 20000 
65.712310 20000 
65.740547 20000 
65.768758 20000 
65.797020 20000 
65.825251 20000 
65.853454 20000 
65.881659 20000 
65.909863 20000 
65.938075 20000 
65.966313 20000 
65.994528 21000 
66.022749 21000 
66.052959 21000 
66.084156 21000 
66.115355 20000 
66.147520 20000 
66.179725 20000 
66.211965 20000 
66.244176 20000 
66.276365 20000 
66.308562 20000 
66.340739 20000 
66.372941 20000 
66.405160 20000 
66.437343 20000 
66.469617 20000 
66.501883 20000 
66.534141 20000 
66.566416 19000 
66.598653 19000 
66.628887 19000 
66.658146 19000 
66.686345 19000 
66.714558 20000 
66.742776 20000 
66.771071 20000 
66.799283 20000 
66.827483 20000 
66.855639 20000 
66.883845 20000 
66.912035 20000 
66.940227 20000 
66.968427 20000 
66.996622 20000 
67.024802 20000 
67.052989 20000 
67.081191 20000 
67.109420 20000 
67.137601 20000 
67.165802 20000 
67.194035 21000 
67.222202 21000 
67.252453 21000 
67.283699 21000 
67.314907 20000 
67.347121 20000 
67.379371 20000 
67.411630 20000 
67.444075 20000 
67.476301 20000 
67.508477 20000 
67.540686 20000 
67.572894 20000 
67.605064 20000 
67.637280 20000 
67.669457 20000 
67.701609 20000 
67.733862 20000 
67.766094 19000 
67.798284 19000 
67.828503 19000 
67.857723 19000 
67.885929 19000 
67.914131 20000 
67.942313 20000 
67.970491 20000 
67.998680 20000 
68.026935 20000 
68.055156 20000 
68.083359 20000 
68.111566 20000 
68.139779 20000 
68.167984 20000 
68.196233 20000 
68.224490 20000 
68.252704 20000 
68.280886 20000 
68.309072 20000 
68.337282 20000 
68.365475 20000 
68.393656 21000 
68.421871 21000 
68.452082 21000 
68.483300 21000 
68.514552 21000 
68.546796 20000 
68.579028 20000 
68.611215 20000 
68.675470 19000 
68.707665 19000 
68.737864 19000 
68.767068 19000 
68.795302 19000 
68.823553 19000 
68.851783 19000 
68.880010 19000 
68.936312 18000 
68.964486 19000 
68.991738 19000 
69.019955 19000 
69.076227 18000 
69.104448 18000 
69.131651 18000 
69.158845 18000 
69.186027 18000 
69.213236 18000 
69.240424 18000 
69.267620 18000 
69.294877 19000 
69.322150 19000 
69.349351 19000 
69.377534 19000 
69.405743 19000 
69.433954 19000 
69.462146 19000 
69.490350 19000 
69.518542 19000 
69.546740 19000 
69.574940 19000 
69.603135 19000 
69.631453 19000 
69.659753 19000 
69.687977 19000 
69.716162 19000 
69.744367 20000 
69.772626 20000 
69.800836 20000 
69.829090 20000 
69.857323 20000 
69.885527 20000 
69.941793 19000 
69.970001 19000 
69.998227 19000 
70.026455 19000 
70.054666 19000 
70.082864 19000 
70.111078 19000 
70.139285 19000 
70.167552 19000 
70.195848 19000 
70.224107 20000 
70.252306 20000 
70.280533 20000 
70.308754 20000 
70.336968 20000 
70.365185 20000 
70.393423 20000 
70.421621 20000 
70.449831 20000 
70.478024 20000 
70.506232 20000 
70.534470 20000 
70.562732 20000 
70.619019 19000 
70.647231 19000 
70.675452 19000 
70.703669 20000 
70.731898 20000 
70.760121 20000 
70.788348 20000 
70.816530 20000 
70.872799 19000 
70.901046 19000 
70.929249 19000 
70.957465 19000 
70.985660 19000 
71.013895 19000 
71.070192 18000 
71.098396 18000 
71.125582 18000 
71.179852 18000 
71.207000 18000 
71.234194 18000 
71.261399 18000 
71.288609 18000 
71.315825 18000 
71.343032 18000 
71.370263 18000 
71.397507 18000 
71.424713 19000 
71.451921 19000 
71.479143 19000 
71.507332 19000 
71.535556 19000 
71.563779 19000 
71.592034 19000 
71.620271 19000 
71.648442 19000 
71.676636 19000 
71.704831 19000 
71.733118 19000 
71.761377 19000 
71.789579 19000 
71.817767 19000 
71.845990 19000 
71.874167 20000 
71.902379 20000 
71.930663 20000 
71.958886 20000 
71.987086 20000 
72.015272 20000 
72.043483 20000 
72.071694 20000 
72.099911 20000 
72.128139 20000 
72.156394 20000 
72.184601 20000 
72.212758 20000 
72.240917 20000 
72.269100 20000 
72.297303 20000 
72.325506 20000 
72.353722 21000 
72.381942 21000 
72.412161 21000 
72.443404 21000 
72.474607 21000 
72.505793 20000 
72.537997 20000 
72.570243 20000 
72.602481 20000 
72.634673 20000 
72.666953 20000 
72.699238 20000 
72.731462 20000 
72.763710 20000 
72.827989 19000 
72.860194 19000 
72.890409 19000 
72.919615 19000 
72.947831 19000 
72.976014 19000 
73.004180 19000 
73.032375 19000 
73.060578 19000 
73.088770 19000 
73.116978 19000 
73.173217 18000 
73.201399 18000 
73.256680 17000 
73.283937 18000 
73.310168 18000 
73.336380 18000 
73.388661 17000 
73.440894 16000 
73.492139 16000 
73.517372 16000 
73.541547 16000 
73.589798 15000 
73.614010 16000 
73.637211 16000 
73.661404 16000 
73.685581 16000 
73.709772 16000 
73.734056 17000 
73.758316 17000 
73.782500 17000 
73.807723 17000 
73.832936 17000 
73.858129 17000 
73.883322 18000 
73.908499 18000 
73.934776 18000 
73.961011 18000 
73.987205 18000 
74.013434 18000 
74.039728 18000 
74.066933 18000 
74.094095 19000 
74.121286 19000 
74.148497 19000 
74.176722 19000 
74.204897 19000 
74.233091 19000 
74.261292 19000 
74.289498 19000 
74.317750 19000 
74.346064 19000 
74.374328 19000 
74.402566 19000 
74.430769 19000 
74.458974 19000 
74.487221 19000 
74.515466 19000 
74.543671 20000 
74.571871 20000 
74.600071 20000 
74.628287 20000 
74.656455 20000 
74.684697 20000 
74.712896 20000 
74.741120 20000 
74.769318 20000 
74.797501 20000 
74.825706 20000 
74.853895 20000 
74.882078 20000 
74.910318 20000 
74.966717 19000 
74.994943 19000 
75.023131 20000 
75.051346 20000 
75.079542 20000 
75.107735 20000 
75.135934 20000 
75.164119 20000 
75.192309 20000 
75.220500 20000 
75.248762 20000 
75.277002 20000 
75.305193 20000 
75.333406 20000 
75.361604 20000 
75.389807 20000 
75.418010 20000 
75.446218 20000 
75.474441 21000 
75.502643 21000 
75.532841 21000 
75.564049 21000 
75.595250 20000 
75.627481 20000 
75.659755 20000 
75.692004 20000 
75.724216 20000 
75.756426 20000 
75.788659 20000 
75.820860 20000 
75.853057 20000 
75.885244 20000 
75.917450 20000 
75.949632 20000 
75.981832 20000 
76.014073 20000 
76.046313 19000 
76.078538 19000 
76.108773 19000 
76.138195 19000 
76.166440 19000 
76.194694 20000 
76.222887 20000 
76.251136 20000 
76.279393 20000 
76.307601 20000 
76.335774 20000 
76.363960 20000 
76.392151 20000 
76.420386 20000 
76.448639 20000 
76.476819 20000 
76.504997 20000 
76.533215 20000 
76.561443 20000 
76.589656 20000 
76.617944 20000 
76.646219 20000 
76.674443 21000 
76.702603 21000 
76.732799 21000 
76.764010 21000 
76.795205 20000 
76.827423 20000 
76.859628 20000 
76.891848 20000 
76.924035 20000 
76.956493 20000 
76.988710 20000 
77.020917 20000 
77.053084 20000 
77.085250 20000 
77.117461 20000 
77.149662 20000 
77.181859 20000 
77.214091 20000 
77.246288 19000 
77.308559 18000 
77.368795 17000 
77.428068 16000 
77.455245 16000 
77.480490 17000 
77.504743 17000 
77.529962 17000 
77.555153 17000 
77.580335 17000 
77.605529 17000 
77.630729 18000 
77.655875 18000 
77.682047 18000 
77.708281 18000 
77.734543 18000 
77.760752 18000 
77.786943 18000 
77.814189 19000 
77.841431 19000 
77.868649 19000 
77.896844 19000 
77.925061 19000 
77.953250 19000 
77.981504 19000 
78.009806 19000 
78.038039 19000 
78.066245 19000 
78.094442 19000 
78.122647 19000 
78.150874 19000 
78.179113 19000 
78.207364 19000 
78.235579 19000 
78.263810 20000 
78.292055 20000 
78.320270 20000 
78.348523 20000 
78.376776 20000 
78.404983 20000 
78.433175 20000 
78.461363 20000 
78.489512 20000 
78.517686 20000 
78.545909 20000 
78.574150 20000 
78.602353 20000 
78.630577 20000 
78.658927 20000 
78.687175 20000 
78.715433 20000 
78.743671 21000 
78.771864 21000 
78.802056 21000 
78.833251 21000 
78.864510 21000 
78.895704 20000 
78.927904 20000 
78.960085 20000 
78.992269 20000 
79.024495 20000 
79.056729 20000 
79.088922 20000 
79.121122 20000 
79.153373 20000 
79.185599 20000 
79.217804 20000 
79.250009 20000 
79.282256 20000 
79.314450 20000 
79.346641 19000 
79.378846 19000 
79.409050 19000 
79.438237 19000 
79.466447 19000 
79.494683 20000 
79.522861 20000 
79.551068 20000 
79.579271 20000 
79.607497 20000 
79.635700 20000 
79.663929 20000 
79.692108 20000 
79.720295 20000 
79.748503 20000 
79.776691 20000 
79.804922 20000 
79.833211 20000 
79.861436 20000 
79.889650 20000 
79.917840 20000 
79.946034 20000 
79.974247 21000 
80.002452 21000 
80.032651 21000 
80.063864 21000 
80.095080 20000 
80.158357 19000 
80.190505 19000 
80.220709 19000 
80.249929 19000 
80.278164 19000 
80.306382 19000 
80.334640 20000 
80.362896 20000 
80.391123 20000 
80.419359 20000 
80.447584 20000 
80.475771 20000 
80.503969 20000 
80.532180 20000 
80.560379 20000 
80.588583 20000 
80.616794 20000 
80.645034 20000 
80.673269 20000 
80.701495 20000 
80.729689 20000 
80.757897 20000 
80.786113 20000 
80.814372 21000 
80.842610 21000 
80.872814 21000 
80.904009 21000 
80.935204 20000 
80.967447 20000 
80.999652 20000 
81.031850 20000 
81.064050 20000 
81.096264 20000 
81.128458 20000 
81.160652 20000 
81.192833 20000 
81.225027 20000 
81.257244 20000 
81.289452 20000 
81.321657 20000 
81.353851 20000 
81.386048 19000 
81.418277 19000 
81.448578 19000 
81.477841 19000 
81.505994 19000 
81.534222 20000 
81.562399 20000 
81.590645 20000 
81.618869 20000 
81.647069 20000 
81.675253 20000 
81.703399 20000 
81.731581 20000 
81.759767 20000 
81.787977 20000 
81.816167 20000 
81.872385 19000 
81.900577 19000 
81.928756 19000 
81.956952 19000 
82.013242 19000 
82.041462 19000 
82.069665 19000 
82.097904 19000 
82.154230 18000 
82.182503 18000 
82.209697 18000 
82.263974 17000 
82.291194 17000 
82.317437 17000 
82.343631 18000 
82.368878 18000 
82.395122 18000 
82.421378 18000 
82.473677 17000 
82.499885 17000 
82.526108 17000 
82.551337 18000 
82.576542 18000 
82.602754 18000 
82.628944 18000 
82.655144 18000 
82.681366 18000 
82.707596 18000 
82.734796 19000 
82.761950 19000 
82.789219 19000 
82.817443 19000 
82.845636 19000 
82.873855 19000 
82.902111 19000 
82.930345 19000 
82.958565 19000 
82.986819 19000 
83.015076 19000 
83.043283 19000 
83.071474 19000 
83.099681 19000 
83.127891 19000 
83.156091 19000 
83.184311 20000 
83.212514 20000 
83.240734 20000 
83.268889 20000 
83.297094 20000 
83.325336 20000 
83.353608 20000 
83.381769 20000 
83.409971 20000 
83.438155 20000 
83.466356 20000 
83.494543 20000 
83.522782 20000 
83.551021 20000 
83.579228 20000 
83.635497 19000 
83.663702 20000 
83.691952 20000 
83.720185 20000 
83.748392 20000 
83.776582 20000 
83.804789 20000 
83.833011 20000 
83.861241 20000 
83.889437 20000 
83.917606 20000 
83.945814 20000 
83.974041 20000 
84.002248 20000 
84.030443 20000 
84.058639 20000 
84.086881 20000 
84.115126 20000 
84.143326 21000 
84.201642 20000 
84.231951 20000 
84.262198 20000 
84.292417 20000 
84.322615 20000 
84.352854 20000 
84.383115 20000 
84.413326 20000 
84.443556 20000 
84.473816 20000 
84.504003 20000 
84.534217 20000 
84.564445 20000 
84.594607 20000 
84.624820 20000 
84.655017 19000 
84.685222 19000 
84.714443 20000 
84.742673 20000 
84.770877 20000 
84.799117 20000 
84.827386 20000 
84.883652 19000 
84.911791 19000 
84.968041 18000 
85.023304 17000 
85.077567 16000 
85.130803 16000 
85.183059 15000 
85.207198 15000 
85.231423 15000 
85.278713 15000 
85.325971 14000 
85.372273 14000 
85.418551 13000 
85.463829 13000 
85.485031 13000 
85.527286 12000 
85.568533 12000 
85.609775 12000 
85.629985 12000 
85.670255 12000 
85.710492 11000 
85.750798 11000 
85.790158 11000 
85.829502 10000 
85.868832 10000 
85.908076 10000 
85.927263 10000 
85.945454 10000 
85.981772 10000 
86.018060 10000 
86.054329 10000 
86.090560 10000 
86.126823 9000 
86.163069 9000 
86.199318 9000 
86.235579 9000 
86.253794 9000 
86.290055 9000 
86.326422 9000 
86.344647 9000 
86.380905 9000 
86.399052 9000 
86.417287 10000 
86.435507 10000 
86.453712 11000 
86.471898 11000 
86.491089 11000 
86.510268 12000 
86.529482 12000 
86.548675 12000 
86.568880 13000 
86.589065 13000 
86.609258 13000 
86.630464 14000 
86.651663 14000 
86.672868 14000 
86.694134 15000 
86.716426 15000 
86.738619 15000 
86.760813 15000 
86.784016 16000 
86.807223 16000 
86.830418 16000 
86.854631 16000 
86.878810 16000 
86.903045 17000 
86.927277 17000 
86.951534 17000 
86.976789 17000 
87.002022 17000 
87.027336 17000 
87.052562 18000 
87.077729 18000 
87.103960 18000 
87.130169 18000 
87.156330 18000 
87.182493 18000 
87.208693 18000 
87.235908 18000 
87.263125 19000 
87.290338 19000 
87.317530 19000 
87.345744 19000 
87.373928 19000 
87.402123 19000 
87.430317 19000 
87.486580 18000 
87.514822 18000 
87.542060 18000 
87.569232 18000 
87.596436 18000 
87.623644 19000 
87.650898 19000 
87.678137 19000 
87.706334 19000 
87.734497 19000 
87.762710 19000 
87.790937 19000 
87.819181 19000 
87.847445 19000 
87.875653 19000 
87.903851 19000 
87.932086 19000 
87.960317 19000 
87.988522 19000 
88.016720 19000 
88.044962 19000 
88.101274 19000 
88.129482 19000 
88.185767 18000 
88.240994 17000 
88.295231 16000 
88.321444 16000 
88.346648 16000 
88.395883 16000 
88.445138 15000 
88.493420 15000 
88.541687 14000 
88.588941 13000 
88.636186 13000 
88.682465 12000 
88.728772 12000 
88.774036 11000 
88.819320 11000 
88.839486 11000 
88.878740 11000 
88.897917 11000 
88.936155 11000 
88.974434 11000 
89.012682 10000 
89.031886 11000 
89.070085 10000 
89.108338 10000 
89.146701 10000 
89.184016 10000 
89.221246 9000 
89.258502 9000 
89.295754 9000 
89.333006 9000 
89.370258 8000 
89.406483 8000 
89.442760 8000 
89.479048 8000 
89.496239 8000 
89.513477 9000 
89.547884 8000 
89.565137 9000 
89.599490 9000 
89.616821 9000 
89.652144 9000 
89.670305 9000 
89.688525 10000 
89.706729 10000 
89.724917 10000 
89.743142 11000 
89.761329 11000 
89.780591 12000 
89.799788 12000 
89.819026 12000 
89.839228 13000 
89.859411 13000 
89.879605 13000 
89.920854 13000 
89.962537 13000 
90.003773 12000 
90.044003 12000 
90.084265 12000 
90.124526 11000 
90.164787 11000 
90.205232 10000 
90.244533 10000 
90.283876 10000 
90.322177 10000 
90.340383 10000 
90.358595 10000 
90.394865 10000 
90.413127 11000 
90.431386 11000 
90.450588 11000 
90.469784 12000 
90.488996 12000 
90.508194 12000 
90.528404 13000 
90.548655 13000 
90.568874 13000 
90.610114 13000 
90.631321 13000 
90.652556 14000 
90.673824 14000 
90.695014 14000 
90.716219 14000 
90.738398 15000 
90.760588 15000 
90.782803 15000 
90.804974 15000 
90.828134 16000 
90.851329 16000 
90.874518 16000 
90.898662 16000 
90.922857 17000 
90.947061 17000 
90.971249 17000 
90.996436 17000 
91.021647 17000 
91.046801 17000 
91.072000 18000 
91.097194 18000 
91.123402 18000 
91.149648 18000 
91.175881 18000 
91.202094 18000 
91.228339 18000 
91.255565 18000 
91.282800 19000 
91.337108 18000 
91.391405 17000 
91.418651 17000 
91.471885 16000 
91.525126 15000 
91.576353 15000 
91.600545 15000 
91.623801 15000 
91.670371 15000 
91.716650 14000 
91.761920 14000 
91.784123 14000 
91.806303 14000 
91.828498 14000 
91.850743 15000 
91.872951 15000 
91.895145 15000 
91.917362 15000 
91.962613 15000 
91.985760 15000 
92.032022 15000 
92.055198 15000 
92.078380 15000 
92.101619 15000 
92.124895 16000 
92.148106 16000 
92.171327 16000 
92.195543 16000 
92.219744 16000 
92.243934 17000 
92.268202 17000 
92.292438 17000 
92.317641 17000 
92.342828 17000 
92.368028 17000 
92.393254 18000 
92.418438 18000 
92.444634 18000 
92.470892 18000 
92.497132 18000 
92.523310 18000 
92.549494 18000 
92.576686 18000 
92.603895 19000 
92.631162 19000 
92.658428 19000 
92.686605 19000 
92.714864 19000 
92.743113 19000 
92.771309 19000 
92.799521 19000 
92.827716 19000 
92.855912 19000 
92.884133 19000 
92.912401 19000 
92.940657 19000 
92.968934 19000 
92.997218 19000 
93.025476 19000 
93.053716 20000 
93.081915 20000 
93.110159 20000 
93.166420 19000 
93.194612 19000 
93.222803 19000 
93.251000 19000 
93.279224 19000 
93.335549 18000 
93.390874 17000 
93.445135 16000 
93.471337 17000 
93.496527 17000 
93.521738 17000 
93.572008 16000 
93.597164 16000 
93.621360 17000 
93.645672 17000 
93.670973 17000 
93.696236 17000 
93.721433 17000 
93.746635 17000 
93.771842 18000 
93.823103 17000 
93.849320 17000 
93.900835 16000 
93.952108 16000 
93.977307 16000 
94.026590 15000 
94.074905 15000 
94.098173 15000 
94.121377 15000 
94.167619 14000 
94.212889 14000 
94.235060 14000 
94.279307 14000 
94.301525 14000 
94.345785 13000 
94.368110 14000 
94.411381 13000 
94.432576 14000 
94.453783 14000 
94.474981 14000 
94.497248 14000 
94.541580 14000 
94.563765 14000 
94.585991 14000 
94.630309 14000 
94.652550 14000 
94.674767 15000 
94.696971 15000 
94.719206 15000 
94.741424 15000 
94.764635 16000 
94.787864 16000 
94.811085 16000 
94.835289 16000 
94.859493 16000 
94.883729 17000 
94.907979 17000 
94.932171 17000 
94.957374 17000 
94.982576 17000 
95.007758 17000 
95.032961 18000 
95.058164 18000 
95.084357 18000 
95.110545 18000 
95.136796 18000 
95.163083 18000 
95.189332 18000 
95.216567 18000 
95.243793 19000 
95.271047 19000 
95.298281 19000 
95.326490 19000 
95.354695 19000 
95.382888 19000 
95.411103 19000 
95.439322 19000 
95.467546 19000 
95.495761 19000 
95.523925 19000 
95.552116 19000 
95.580360 19000 
95.608606 19000 
95.636806 19000 
95.665001 19000 
95.693199 20000 
95.721404 20000 
95.749682 20000 
95.777877 20000 
95.806063 20000 
95.834287 20000 
95.862498 20000 
95.890693 20000 
95.918960 20000 
95.947357 20000 
95.975599 20000 
96.003808 20000 
96.032000 20000 
96.060192 20000 
96.088413 20000 
96.116639 20000 
96.144869 21000 
96.173096 21000 
96.232392 20000 
96.263590 20000 
96.294789 20000 
96.357008 18000 
96.388179 18000 
96.416470 18000 
96.443738 19000 
96.470944 19000 
96.499143 19000 
96.527330 19000 
96.555582 19000 
96.583816 19000 
96.612027 19000 
96.640223 19000 
96.668433 19000 
96.696644 19000 
96.724887 19000 
96.753110 19000 
96.781333 19000 
96.809543 19000 
96.837763 19000 
96.865968 19000 
96.894208 20000 
96.922408 20000 
96.950588 20000 
96.978776 20000 
97.006961 20000 
97.035191 20000 
97.063397 20000 
97.091592 20000 
97.119796 20000 
97.147991 20000 
97.176176 20000 
97.204423 20000 
97.232711 20000 
97.260891 20000 
97.289097 20000 
97.317288 20000 
97.345501 20000 
97.373704 21000 
97.401935 21000 
97.432120 21000 
97.463330 21000 
97.494581 21000 
97.525801 20000 
97.558002 20000 
97.590187 20000 
97.622388 20000 
97.654636 19357 
