0.000024 11.111111 
0.090305 41.055557 
0.114527 55.027779 
0.132841 63.006943 
0.166045 63.006943 
0.181309 63.003471 
0.196559 62.001740 
0.213064 58.750435 
0.246517 56.875217 
0.279779 56.875217 
0.297044 54.937607 
0.315278 52.968800 
0.333529 50.984398 
0.352752 48.992199 
0.372967 46.996101 
0.394342 42.999023 
0.438586 42.999023 
0.461818 40.999512 
0.486077 38.999756 
0.511341 36.999878 
0.538631 36.999878 
0.565861 33.999939 
0.595203 31.499969 
0.626540 29.249985 
0.660798 27.124990 
0.697056 25.062494 
0.736314 23.031246 
0.779573 21.015623 
0.826800 19.007812 
0.879051 17.003906 
0.937312 15.001952 
1.003578 13.000975 
1.079746 11.000486 
1.170001 9.000242 
1.281243 7.000120 
1.423483 5.000059 
1.622775 3.000030 
1.956072 1.000014 
2.955271 1.000014 
3.954472 1.000014 
4.953647 36.000008 
4.980844 53.500004 
4.999124 62.250000 
5.015309 66.625000 
5.030519 68.812500 
5.044654 68.906250 
5.058860 68.953125 
5.073012 67.976562 
5.087223 66.488281 
5.102421 65.744141 
5.117604 64.372070 
5.132787 63.686035 
5.147969 62.343018 
5.164142 61.671509 
5.180376 61.335758 
5.196651 60.167881 
5.212856 59.583942 
5.229061 58.291977 
5.246225 57.645988 
5.263400 56.322994 
5.280569 55.661499 
5.297805 54.330750 
5.316034 53.665375 
5.334221 53.332687 
5.352437 52.166348 
5.371629 51.583176 
5.390824 50.291588 
5.409976 49.645794 
5.430173 49.322899 
5.450352 48.161449 
5.470525 47.580727 
5.491721 47.290363 
5.512934 46.145180 
5.534136 45.572590 
5.555316 45.286293 
5.577496 45.143147 
5.599674 44.071571 
5.621877 43.535786 
5.644080 43.267891 
5.667305 43.133945 
5.690503 42.066971 
5.713705 41.533485 
5.737904 41.266743 
5.762095 41.133369 
5.786351 40.066685 
5.810545 39.533340 
5.835774 39.266670 
5.860945 39.133335 
5.886153 39.066666 
5.911381 39.033333 
5.936640 38.016666 
5.962855 37.508331 
5.989089 37.254166 
6.015274 37.127083 
6.041475 37.063541 
6.067704 37.031769 
6.094916 37.015884 
6.122109 37.007942 
6.149306 36.003971 
6.176509 35.501984 
6.204723 35.250992 
6.232973 35.125496 
6.261224 35.062748 
6.289466 35.031372 
6.317649 35.015686 
6.345857 35.007843 
6.374049 35.003922 
6.402237 35.001961 
6.430470 35.000980 
6.459184 35.000488 
6.487412 35.000244 
6.515636 35.000122 
6.543878 35.000061 
6.572101 35.000031 
6.600312 35.000031 
6.628543 35.000031 
6.656742 35.000031 
6.684936 35.000031 
6.713082 35.000031 
6.741286 35.000031 
6.769490 35.000031 
6.797700 35.000031 
6.825894 35.000031 
6.854083 35.000031 
6.882260 35.000031 
6.910456 35.000031 
6.938678 35.000031 
6.966909 35.000031 
6.995097 35.000031 
7.023282 35.000031 
7.051476 33.000015 
7.081658 32.000008 
7.112863 31.500004 
7.144053 31.250002 
7.175268 31.250002 
7.206487 31.250002 
7.237703 31.250002 
7.268983 31.250002 
7.300188 31.250002 
7.331388 31.250002 
7.362601 31.250002 
7.393832 31.250002 
7.425010 31.250002 
7.456222 31.250002 
7.487473 31.250002 
7.518667 31.250002 
7.549868 31.250002 
7.581043 31.250002 
7.612239 31.250002 
7.643443 31.250002 
7.674628 31.250002 
7.705813 31.250002 
7.737010 31.250002 
7.768251 31.250002 
7.799427 31.250002 
7.830601 31.250002 
7.861836 31.250002 
7.893017 31.250002 
7.924203 31.250002 
7.955419 33.125000 
7.985632 34.062500 
8.014830 34.531250 
8.043035 34.765625 
8.071225 34.765625 
8.099420 34.765625 
8.127606 34.765625 
8.155788 34.765625 
8.183963 34.765625 
8.212150 34.765625 
8.240349 34.765625 
8.268569 34.765625 
8.296859 34.765625 
8.325099 34.765625 
8.353278 34.765625 
8.381476 34.765625 
8.409669 34.765625 
8.437857 34.765625 
8.466044 34.765625 
8.494252 34.765625 
8.522465 34.765625 
8.550672 32.882812 
8.580880 31.941406 
8.612078 31.470703 
8.643294 31.235352 
8.675493 31.117674 
8.707746 31.117674 
8.739930 31.117674 
8.772131 31.117674 
8.804390 31.117674 
8.836673 31.117674 
8.868899 31.117674 
8.901128 31.117674 
8.933299 31.117674 
8.965507 31.117674 
8.997756 31.117674 
9.030018 31.117674 
9.062222 31.117674 
9.094428 31.117674 
9.126643 33.058838 
9.156864 34.029419 
9.186064 34.514709 
9.214264 34.757355 
9.242490 34.878677 
9.270746 34.878677 
9.298955 34.878677 
9.327184 34.878677 
9.355390 34.878677 
9.383593 34.878677 
9.411781 34.878677 
9.439968 34.878677 
9.468161 34.878677 
9.496403 34.878677 
9.524694 34.878677 
9.552925 34.878677 
9.581118 34.878677 
9.609324 34.878677 
9.637526 34.878677 
9.665710 34.878677 
9.693975 34.878677 
9.722257 34.878677 
9.750487 32.939339 
9.780678 31.969669 
9.811913 31.484835 
9.843130 31.242416 
9.875320 31.121210 
9.907520 31.121210 
9.939727 31.121210 
9.971907 31.121210 
10.004108 31.121210 
10.036294 31.121210 
10.068479 31.121210 
10.100666 31.121210 
10.132864 31.121210 
10.165023 31.121210 
10.197235 31.121210 
10.229399 31.121210 
10.261606 31.121210 
10.293840 31.121210 
10.326067 33.060604 
10.356271 34.030304 
10.385474 34.515152 
10.413671 34.757576 
10.441880 34.757576 
10.470123 34.757576 
10.498314 34.757576 
10.526536 34.757576 
10.554803 34.757576 
10.583042 34.757576 
10.611237 34.757576 
10.639421 34.757576 
10.667631 34.757576 
10.695794 34.757576 
10.723989 34.757576 
10.752135 34.757576 
10.780337 34.757576 
10.808513 34.757576 
10.836715 34.757576 
10.864876 34.757576 
10.893087 34.757576 
10.921251 32.878788 
10.951478 31.939394 
10.982713 31.469696 
11.013919 31.234850 
11.046108 31.234850 
11.078301 31.234850 
11.110446 31.234850 
11.142634 31.234850 
11.174794 31.234850 
11.206980 31.234850 
11.239181 31.234850 
11.271392 31.234850 
11.303596 31.234850 
11.335788 31.234850 
11.367987 31.234850 
11.400172 31.234850 
11.432374 31.234850 
11.464585 31.234850 
11.496777 33.117424 
11.526976 34.058712 
11.556192 34.529358 
11.584384 34.764679 
11.612613 34.882339 
11.640802 34.882339 
11.668985 34.882339 
11.697175 34.882339 
11.725409 34.882339 
11.753683 34.882339 
11.781930 34.882339 
11.810129 34.882339 
11.838326 34.882339 
11.866526 34.882339 
11.894733 34.882339 
11.922958 34.882339 
11.951179 34.882339 
11.979370 34.882339 
12.007571 34.882339 
12.035726 34.882339 
12.063916 34.882339 
12.092088 34.882339 
12.120337 32.941170 
12.150574 31.970585 
12.181778 31.485292 
12.213001 31.242643 
12.245227 31.121325 
12.277464 31.121325 
12.309670 31.121325 
12.341877 31.121325 
12.374068 31.121325 
12.406265 31.121325 
12.438455 31.121325 
12.470680 31.121325 
12.502864 31.121325 
12.535064 31.121325 
12.567215 31.121325 
12.599404 31.121325 
12.631611 31.121325 
12.663859 31.121325 
12.696130 33.060661 
12.726363 34.030331 
12.755580 34.515167 
12.783816 34.757584 
12.812078 34.757584 
12.840298 34.757584 
12.868504 34.757584 
12.896693 34.757584 
12.924889 34.757584 
12.953150 34.757584 
12.981341 34.757584 
13.009549 34.757584 
13.037786 34.757584 
13.065983 34.757584 
13.094171 34.757584 
13.122385 34.757584 
13.150579 34.757584 
13.178772 34.757584 
13.206901 34.757584 
13.235106 34.757584 
13.263337 34.757584 
13.291558 32.878792 
13.321807 31.939396 
13.353057 31.469698 
13.384268 31.234850 
13.416442 31.234850 
13.448642 31.234850 
13.480848 31.234850 
13.513036 31.234850 
13.545221 31.234850 
13.577403 31.234850 
13.609604 31.234850 
13.641804 31.234850 
13.673989 31.234850 
13.706181 31.234850 
13.738371 31.234850 
13.770584 31.234850 
13.802780 31.234850 
13.834972 31.234850 
13.867160 33.117424 
13.897327 34.058712 
13.926574 34.529358 
13.954812 34.764679 
13.983007 34.882339 
14.011194 34.882339 
14.039382 34.882339 
14.067592 34.882339 
14.095746 34.882339 
14.124015 34.882339 
14.152262 34.882339 
14.180513 34.882339 
14.208796 34.882339 
14.236981 34.882339 
14.265165 34.882339 
14.293378 34.882339 
14.321620 34.882339 
14.349853 34.882339 
14.378059 34.882339 
14.406244 34.882339 
14.434411 34.882339 
14.462628 34.882339 
14.490900 32.941170 
14.521136 31.970585 
14.552317 31.485292 
14.583491 31.242643 
14.615711 31.121325 
14.647935 31.121325 
14.680148 31.121325 
14.712328 31.121325 
14.744537 31.121325 
14.776793 31.121325 
14.809017 31.121325 
14.841205 31.121325 
14.873413 31.121325 
14.905615 31.121325 
14.937817 31.121325 
14.970024 31.121325 
15.002231 31.121325 
15.034415 31.121325 
15.066597 33.060661 
15.096815 34.030331 
15.126070 34.515167 
15.154329 34.757584 
15.182533 34.878792 
15.210739 34.878792 
15.238978 34.878792 
15.267162 34.878792 
15.295373 34.878792 
15.323639 34.878792 
15.351854 34.878792 
15.380052 34.878792 
15.408213 34.878792 
15.436469 34.878792 
15.464662 34.878792 
15.492849 34.878792 
15.521067 34.878792 
15.549263 34.878792 
15.577459 34.878792 
15.605681 34.878792 
15.633828 34.878792 
15.662031 34.878792 
15.690216 32.939396 
15.720403 31.969698 
15.751611 31.484848 
15.782789 31.242424 
15.814945 31.121214 
15.847195 31.121214 
15.879439 31.121214 
15.911682 31.121214 
15.943865 31.121214 
15.976061 31.121214 
16.008207 31.121214 
16.040393 31.121214 
16.072589 31.121214 
16.104779 31.121214 
16.136971 31.121214 
16.169189 31.121214 
16.201448 31.121214 
16.233680 31.121214 
16.265884 31.121214 
16.298127 33.060608 
16.328392 34.030304 
16.357642 34.515152 
16.385851 34.757576 
16.414053 34.878788 
16.442257 34.939392 
16.470494 34.939392 
16.498665 34.939392 
16.526876 34.939392 
16.555115 34.939392 
16.583312 34.939392 
16.611479 34.939392 
16.639674 34.939392 
16.667875 34.939392 
16.696116 34.939392 
16.724330 34.939392 
16.752541 34.939392 
16.780768 34.939392 
16.808995 34.939392 
16.837214 34.939392 
16.865416 34.939392 
16.893619 34.939392 
16.921849 32.969696 
16.952070 31.984848 
16.983286 31.492424 
17.014496 31.246212 
17.046661 31.246212 
17.078863 31.246212 
17.111096 31.246212 
17.143279 31.246212 
17.175478 31.246212 
17.207671 31.246212 
17.239857 31.246212 
17.272029 31.246212 
17.304215 31.246212 
17.336406 31.246212 
17.368600 31.246212 
17.400807 31.246212 
17.433008 31.246212 
17.465207 31.246212 
17.497393 33.123108 
17.527591 34.061554 
17.556825 34.530777 
17.585038 34.765388 
17.613257 34.882694 
17.641430 34.882694 
17.669653 34.882694 
17.697899 34.882694 
17.726216 34.882694 
17.754502 34.882694 
17.782733 34.882694 
17.810916 34.882694 
17.839113 34.882694 
17.867334 34.882694 
17.895614 34.882694 
17.923825 34.882694 
17.952049 34.882694 
17.980238 34.882694 
18.008478 34.882694 
18.036671 34.882694 
18.064885 34.882694 
18.093127 34.882694 
18.121336 32.941345 
18.151539 31.970673 
18.182747 31.485336 
18.213912 31.242666 
18.246119 31.242666 
18.278371 31.242666 
18.310560 31.242666 
18.342773 31.242666 
18.374994 31.242666 
18.407181 31.242666 
18.439381 31.242666 
18.471548 31.242666 
18.503738 31.242666 
18.535947 31.242666 
18.568149 31.242666 
18.600358 31.242666 
18.632558 31.242666 
18.664769 31.242666 
18.697016 33.121334 
18.727232 34.060669 
18.756452 34.530334 
18.784660 34.765167 
18.812842 34.882584 
18.841033 34.882584 
18.869243 34.882584 
18.897449 34.882584 
18.925731 34.882584 
18.953880 34.882584 
18.982042 34.882584 
19.010222 34.882584 
19.038456 34.882584 
19.066666 34.882584 
19.094847 34.882584 
19.123031 34.882584 
19.151211 34.882584 
19.179391 34.882584 
19.207551 34.882584 
19.235748 34.882584 
19.263942 34.882584 
19.292152 34.882584 
19.320361 32.941292 
19.350551 31.970646 
19.381747 31.485323 
19.412974 31.242659 
19.445239 31.121332 
19.477458 31.121332 
19.509719 31.121332 
19.542029 31.121332 
19.574291 31.121332 
19.606500 31.121332 
19.638736 31.121332 
19.670995 31.121332 
19.703229 31.121332 
19.735436 31.121332 
19.767650 31.121332 
19.799854 31.121332 
19.832057 31.121332 
19.864252 31.121332 
19.896462 33.060665 
19.926665 34.030334 
19.955892 34.515167 
19.984084 34.757584 
20.012280 34.878792 
20.040506 34.878792 
20.068776 34.878792 
20.096997 34.878792 
20.125230 34.878792 
20.153457 34.878792 
20.181649 34.878792 
20.209885 34.878792 
20.238103 34.878792 
20.266292 34.878792 
20.294481 34.878792 
20.322678 34.878792 
20.350863 34.878792 
20.379054 34.878792 
20.407281 34.878792 
20.435503 34.878792 
20.463715 34.878792 
20.491929 32.939396 
20.522146 31.969698 
20.553325 31.484848 
20.584535 31.242424 
20.616776 31.242424 
20.648969 31.242424 
20.681185 31.242424 
20.713412 31.242424 
20.745615 31.242424 
20.777765 31.242424 
20.809982 31.242424 
20.842231 31.242424 
20.874503 31.242424 
20.906766 31.242424 
20.938995 31.242424 
20.971223 31.242424 
21.003463 31.242424 
21.035721 31.242424 
21.067933 33.121212 
21.098194 34.060608 
21.127434 34.530304 
21.155663 34.765152 
21.183855 34.882576 
21.212044 34.941288 
21.240286 34.941288 
21.268543 34.941288 
21.296762 34.941288 
21.324958 34.941288 
21.353142 34.941288 
21.381369 34.941288 
21.409655 34.941288 
21.437887 34.941288 
21.466113 34.941288 
21.494310 34.941288 
21.522509 34.941288 
21.550694 34.941288 
21.578893 34.941288 
21.607064 34.941288 
21.635266 34.941288 
21.663495 34.941288 
21.691739 32.970642 
21.721948 31.985321 
21.753141 31.492661 
21.784328 31.246330 
21.816532 31.246330 
21.848716 31.246330 
21.880957 31.246330 
21.913188 31.246330 
21.945374 31.246330 
21.977568 31.246330 
22.009780 31.246330 
22.041968 31.246330 
22.074172 31.246330 
22.106360 31.246330 
22.138563 31.246330 
22.170775 31.246330 
22.202964 31.246330 
22.235150 31.246330 
22.267338 33.123165 
22.297603 34.061584 
22.326910 34.530792 
22.355146 34.765396 
22.383347 34.882698 
22.411577 34.882698 
22.439808 34.882698 
22.468016 34.882698 
22.496213 34.882698 
22.524443 34.882698 
22.552652 34.882698 
22.580870 34.882698 
22.609146 34.882698 
22.637345 34.882698 
22.665552 34.882698 
22.693791 34.882698 
22.722048 34.882698 
22.750266 34.882698 
22.778495 34.882698 
22.806715 34.882698 
22.834908 34.882698 
22.863127 34.882698 
22.891372 32.941349 
22.921603 31.970675 
22.952801 31.485336 
22.983947 31.242666 
23.016142 31.242666 
23.048322 31.242666 
23.080499 31.242666 
23.112674 31.242666 
23.144852 31.242666 
23.177048 31.242666 
23.209270 31.242666 
23.241453 31.242666 
23.273654 31.242666 
23.305843 31.242666 
23.338040 31.242666 
23.370225 31.242666 
23.402417 31.242666 
23.434669 31.242666 
23.466909 33.121334 
23.497165 34.060669 
23.526381 34.530334 
23.554602 34.765167 
23.582840 34.882584 
23.611044 34.882584 
23.639281 34.882584 
23.667494 34.882584 
23.695690 34.882584 
23.723888 34.882584 
23.752099 34.882584 
23.780317 34.882584 
23.808502 34.882584 
23.836715 34.882584 
23.864971 34.882584 
23.893191 34.882584 
23.921414 34.882584 
23.949622 34.882584 
23.977871 34.882584 
24.006125 34.882584 
24.034293 34.882584 
24.062550 34.882584 
24.090770 32.941292 
24.120982 31.970646 
24.152148 31.485323 
24.183363 31.242659 
24.215556 31.121332 
24.247718 31.121332 
24.279921 31.121332 
24.312121 31.121332 
24.344323 31.121332 
24.376496 31.121332 
24.408722 31.121332 
24.440914 31.121332 
24.473099 31.121332 
24.505308 31.121332 
24.537513 31.121332 
24.569702 31.121332 
24.601898 31.121332 
24.634089 31.121332 
24.666292 33.060665 
24.696478 34.030334 
24.725772 34.515167 
24.754054 34.757584 
24.782278 34.878792 
24.810491 34.878792 
24.838700 34.878792 
24.866918 34.878792 
24.895128 34.878792 
24.923379 34.878792 
24.951627 34.878792 
24.979861 34.878792 
25.008099 34.878792 
25.036287 34.878792 
25.064485 34.878792 
25.092741 34.878792 
25.120985 34.878792 
25.149192 34.878792 
25.177373 34.878792 
25.205571 34.878792 
25.233760 34.878792 
25.261971 32.939396 
25.292212 31.969698 
25.323480 31.484848 
25.354695 31.242424 
25.386907 31.242424 
25.419159 31.242424 
25.451381 31.242424 
25.483592 31.242424 
25.515804 31.242424 
25.548048 31.242424 
25.580286 31.242424 
25.612467 31.242424 
25.644670 31.242424 
25.676866 31.242424 
25.709104 31.242424 
25.741345 31.242424 
25.773551 31.242424 
25.805746 31.242424 
25.837901 33.121212 
25.868082 34.060608 
25.897278 34.530304 
25.925489 34.765152 
25.953690 34.882576 
25.981920 34.882576 
26.010153 34.882576 
26.038362 34.882576 
26.066553 34.882576 
26.094786 34.882576 
26.123040 34.882576 
26.151252 34.882576 
26.179481 34.882576 
26.207686 34.882576 
26.235851 34.882576 
26.264045 34.882576 
26.292242 34.882576 
26.320511 34.882576 
26.348784 34.882576 
26.377061 34.882576 
26.405266 34.882576 
26.433465 34.882576 
26.461678 32.941288 
26.492285 31.970644 
26.523565 31.485321 
26.554837 31.242659 
26.587083 31.242659 
26.619299 31.242659 
26.651486 31.242659 
26.683695 31.242659 
26.715911 31.242659 
26.748103 31.242659 
26.780311 31.242659 
26.812502 31.242659 
26.844691 31.242659 
26.876910 31.242659 
26.909102 31.242659 
26.941312 31.242659 
26.973500 31.242659 
27.005688 31.242659 
27.037877 33.121330 
27.068066 34.060665 
27.097255 34.530334 
27.125500 34.765167 
27.153816 34.882584 
27.182016 34.882584 
27.210220 34.882584 
27.238460 34.882584 
27.266650 34.882584 
27.294864 34.882584 
27.323104 34.882584 
27.351341 34.882584 
27.379559 34.882584 
27.407798 34.882584 
27.435943 34.882584 
27.464147 34.882584 
27.492410 34.882584 
27.520657 34.882584 
27.548877 34.882584 
27.577059 34.882584 
27.605252 34.882584 
27.633431 34.882584 
27.661624 32.941292 
27.691842 31.970646 
27.723088 31.485323 
27.754289 31.242659 
27.786477 31.242659 
27.818655 31.242659 
27.850820 31.242659 
27.883025 31.242659 
27.915208 31.242659 
27.947390 31.242659 
27.979590 31.242659 
28.011791 31.242659 
28.044021 31.242659 
28.076230 31.242659 
28.108439 31.242659 
28.140611 31.242659 
28.172801 31.242659 
28.204974 31.242659 
28.237184 33.121330 
28.267400 34.060665 
28.296691 34.530334 
28.324946 34.765167 
28.353163 34.882584 
28.381361 34.882584 
28.409563 34.882584 
28.437759 34.882584 
28.465989 34.882584 
28.494244 34.882584 
28.522425 34.882584 
28.550630 34.882584 
28.578849 34.882584 
28.607092 34.882584 
28.635282 34.882584 
28.663512 34.882584 
28.691730 34.882584 
28.720022 34.882584 
28.748230 34.882584 
28.776437 34.882584 
28.804685 34.882584 
28.832884 34.882584 
28.861092 32.941292 
28.891318 31.970646 
28.922542 31.485323 
28.953764 31.242659 
28.985971 31.121332 
29.018146 31.121332 
29.050338 31.121332 
29.082479 31.121332 
29.114657 31.121332 
29.146859 31.121332 
29.179046 31.121332 
29.211239 31.121332 
29.243451 31.121332 
29.275658 31.121332 
29.307862 31.121332 
29.340017 31.121332 
29.372233 31.121332 
29.404505 31.121332 
29.436776 33.060665 
29.466992 34.030334 
29.496208 34.515167 
29.524406 34.757584 
29.552593 34.878792 
29.580783 34.878792 
29.608958 34.878792 
29.637181 34.878792 
29.665432 34.878792 
29.693645 34.878792 
29.721840 34.878792 
29.750038 34.878792 
29.778242 34.878792 
29.806494 34.878792 
29.834715 34.878792 
29.862956 34.878792 
29.891152 34.878792 
29.919338 34.878792 
29.947554 34.878792 
29.975770 34.878792 
30.003998 34.878792 
30.032273 34.878792 
30.060495 32.939396 
30.090676 31.969698 
30.121860 31.484848 
30.153064 31.242424 
30.185241 31.121214 
30.217430 31.121214 
30.249581 31.121214 
30.281761 31.121214 
30.313917 31.121214 
30.346101 31.121214 
30.378284 31.121214 
30.410446 31.121214 
30.442693 31.121214 
30.474940 31.121214 
30.507144 31.121214 
30.539329 31.121214 
30.571573 31.121214 
30.603794 31.121214 
30.635991 33.060608 
30.666194 34.030304 
30.695408 34.515152 
30.723597 34.757576 
30.751790 34.757576 
30.779999 34.757576 
30.808208 34.757576 
30.836416 34.757576 
30.892637 34.757576 
30.920832 34.878788 
30.949072 34.939392 
30.977343 34.969696 
31.005535 34.984848 
31.033740 34.992424 
31.061955 34.996212 
31.090173 34.998108 
31.118362 34.999054 
31.146574 34.999527 
31.174846 34.999763 
31.203132 34.999882 
31.231356 34.999882 
31.259564 34.999882 
31.287766 34.999882 
31.315987 34.999882 
31.344205 34.999882 
31.372421 34.999882 
31.400643 34.999882 
31.428842 34.999882 
31.457026 34.999882 
31.485226 34.999882 
31.513433 34.999882 
31.541618 34.999882 
31.569844 34.999882 
31.598110 34.999882 
31.626308 34.999882 
31.654496 34.999882 
31.682705 34.999882 
31.710948 32.999939 
31.741180 31.999969 
31.772386 31.499985 
31.803592 31.249992 
31.835826 31.124996 
31.868027 31.124996 
31.900203 31.124996 
31.932401 31.124996 
31.964584 31.124996 
31.996755 31.124996 
32.028955 31.124996 
32.061155 31.124996 
32.093401 31.124996 
32.125596 31.124996 
32.157788 31.124996 
32.189986 31.124996 
32.222166 31.124996 
32.254346 31.124996 
32.286543 33.062500 
32.316746 34.031250 
32.345971 34.515625 
32.374174 34.757812 
32.402390 34.878906 
32.430606 34.878906 
32.458865 34.878906 
32.487083 34.878906 
32.515338 34.878906 
32.543559 34.878906 
32.571721 34.878906 
32.599908 34.878906 
32.628101 34.878906 
32.656285 34.878906 
32.684429 34.878906 
32.712633 34.878906 
32.740812 34.878906 
32.768991 34.878906 
32.797186 34.878906 
32.825388 34.878906 
32.853614 34.878906 
32.881845 32.939453 
32.912063 31.969727 
32.943260 31.484863 
32.974445 31.242432 
33.006619 31.242432 
33.038796 31.242432 
33.070977 31.242432 
33.103154 31.242432 
33.135342 31.242432 
33.167530 31.242432 
33.199767 31.242432 
33.232030 31.242432 
33.264270 31.242432 
33.296485 31.242432 
33.328689 31.242432 
33.360928 31.242432 
33.393186 31.242432 
33.425346 31.242432 
33.457561 33.121216 
33.487768 34.060608 
33.516976 34.530304 
33.545170 34.765152 
33.573360 34.882576 
33.601579 34.882576 
33.629802 34.882576 
33.686000 34.882576 
33.714192 34.941288 
33.742408 34.970642 
33.770604 34.985321 
33.798813 34.992661 
33.827047 34.996330 
33.855247 34.998165 
33.883442 34.999084 
33.911636 34.999542 
33.939835 34.999771 
33.968029 34.999886 
33.996257 34.999943 
34.024458 34.999969 
34.052596 34.999985 
34.080788 34.999985 
34.109012 34.999985 
34.137250 34.999985 
34.165418 34.999985 
34.193582 34.999985 
34.221781 34.999985 
34.249990 34.999985 
34.278206 34.999985 
34.306419 34.999985 
34.334627 34.999985 
34.362883 34.999985 
34.391076 34.999985 
34.419277 34.999985 
34.447463 34.999985 
34.475669 34.999985 
34.503918 34.999985 
34.532146 34.999985 
34.560362 32.999992 
34.590579 31.999996 
34.621755 31.499998 
34.652963 31.250000 
34.685127 31.125000 
34.717327 31.125000 
34.749539 31.125000 
34.781747 31.125000 
34.813951 31.125000 
34.846137 31.125000 
34.878326 31.125000 
34.910513 31.125000 
34.942706 31.125000 
34.974923 31.125000 
35.007155 31.125000 
35.039303 31.125000 
35.071487 31.125000 
35.103670 31.125000 
35.135913 31.125000 
35.168137 33.062500 
35.198342 34.031250 
35.227552 34.515625 
35.255744 34.757812 
35.283925 34.878906 
35.312085 34.939453 
35.340330 34.939453 
35.368533 34.939453 
35.396768 34.939453 
35.424947 34.939453 
35.453147 34.939453 
35.481343 34.939453 
35.509609 34.939453 
35.537872 34.939453 
35.566093 34.939453 
35.594286 34.939453 
35.622508 34.939453 
35.650689 34.939453 
35.678873 34.939453 
35.707065 34.939453 
35.735255 34.939453 
35.763484 34.939453 
35.791722 32.969727 
35.821916 31.984863 
35.853123 31.492432 
35.884313 31.246216 
35.916529 31.246216 
35.948786 31.246216 
35.980979 31.246216 
36.013178 31.246216 
36.045393 31.246216 
36.077618 31.246216 
36.109856 31.246216 
36.142132 31.246216 
36.174364 31.246216 
36.206543 31.246216 
36.238788 31.246216 
36.271059 31.246216 
36.303275 31.246216 
36.335493 31.246216 
36.367710 33.123108 
36.397927 34.061554 
36.427136 34.530777 
36.455331 34.765388 
36.483539 34.882694 
36.511743 34.882694 
36.539980 34.882694 
36.568197 34.882694 
36.596423 34.882694 
36.624701 34.882694 
36.652940 34.882694 
36.681146 34.882694 
36.709373 34.882694 
36.737573 34.882694 
36.765820 34.882694 
36.794126 34.882694 
36.822351 34.882694 
36.850552 34.882694 
36.878753 34.882694 
36.906960 34.882694 
36.935184 34.882694 
36.963452 34.882694 
36.991726 32.941345 
37.021961 31.970673 
37.053167 31.485336 
37.084358 31.242666 
37.116512 31.242666 
37.148696 31.242666 
37.180905 31.242666 
37.213097 31.242666 
37.245306 31.242666 
37.277502 31.242666 
37.309678 31.242666 
37.341871 31.242666 
37.374062 31.242666 
37.406270 31.242666 
37.438457 31.242666 
37.470670 31.242666 
37.502828 31.242666 
37.535022 31.242666 
37.567205 33.121334 
37.597408 34.060669 
37.626691 34.530334 
37.655001 34.765167 
37.683241 34.882584 
37.711451 34.882584 
37.739695 34.882584 
37.767903 34.882584 
37.796136 34.882584 
37.824410 34.882584 
37.852805 34.882584 
37.881002 34.882584 
37.909231 34.882584 
37.937447 34.882584 
37.965658 34.882584 
37.993888 34.882584 
38.022139 34.882584 
38.050357 34.882584 
38.078524 34.882584 
38.106729 34.882584 
38.134919 34.882584 
38.163132 34.882584 
38.191356 32.941292 
38.221557 31.970646 
38.252764 31.485323 
38.283960 31.242659 
38.316166 31.242659 
38.348382 31.242659 
38.380573 31.242659 
38.412802 31.242659 
38.445067 31.242659 
38.477321 31.242659 
38.509529 31.242659 
38.541741 31.242659 
38.573947 31.242659 
38.606112 31.242659 
38.638305 31.242659 
38.670507 31.242659 
38.702714 31.242659 
38.734938 31.242659 
38.767131 33.121330 
38.797339 34.060665 
38.826577 34.530334 
38.854813 34.765167 
38.883062 34.882584 
38.911339 34.882584 
38.939554 34.882584 
38.967746 34.882584 
38.995946 34.882584 
39.024206 34.882584 
39.052477 34.882584 
39.080715 34.882584 
39.108898 34.882584 
39.137089 34.882584 
39.165241 34.882584 
39.193443 34.882584 
39.221696 34.882584 
39.249966 34.882584 
39.278218 34.882584 
39.306488 34.882584 
39.334624 34.882584 
39.362829 34.882584 
39.391047 32.941292 
39.421274 31.970646 
39.452542 31.485323 
39.483778 31.242659 
39.516004 31.121332 
39.548230 31.121332 
39.580446 31.121332 
39.612657 31.121332 
39.644897 31.121332 
39.677137 31.121332 
39.709319 31.121332 
39.741511 31.121332 
39.773685 31.121332 
39.805895 31.121332 
39.838092 31.121332 
39.870278 31.121332 
39.902482 31.121332 
39.934681 31.121332 
39.966866 33.060665 
39.997081 34.030334 
40.026347 34.515167 
40.054568 34.757584 
40.082755 34.878792 
40.110989 34.878792 
40.139236 34.878792 
40.167454 34.878792 
40.195665 34.878792 
40.223904 34.878792 
40.252083 34.878792 
40.280282 34.878792 
40.308452 34.878792 
40.336716 34.878792 
40.364957 34.878792 
40.393189 34.878792 
40.421395 34.878792 
40.449572 34.878792 
40.477798 34.878792 
40.506061 34.878792 
40.534282 34.878792 
40.562589 34.878792 
40.590867 32.939396 
40.621123 31.969698 
40.652342 31.484848 
40.683545 31.242424 
40.715765 31.121214 
40.747954 31.121214 
40.780196 31.121214 
40.812399 31.121214 
40.844622 31.121214 
40.876870 31.121214 
40.909025 31.121214 
40.941219 31.121214 
40.973410 31.121214 
41.005614 31.121214 
41.037807 31.121214 
41.069992 31.121214 
41.102204 31.121214 
41.134456 31.121214 
41.166703 33.060608 
41.196955 34.030304 
41.226231 34.515152 
41.254445 34.757576 
41.282656 34.878788 
41.310872 34.878788 
41.339137 34.878788 
41.367353 34.878788 
41.395579 34.878788 
41.423749 34.878788 
41.451957 34.878788 
41.480151 34.878788 
41.508339 34.878788 
41.536542 34.878788 
41.564769 34.878788 
41.592997 34.878788 
41.621271 34.878788 
41.649483 34.878788 
41.677681 34.878788 
41.705896 34.878788 
41.734095 34.878788 
41.762341 34.878788 
41.790577 32.939392 
41.820779 31.969696 
41.851999 31.484848 
41.883201 31.242424 
41.915403 31.121214 
41.947598 31.121214 
41.979784 31.121214 
42.011983 31.121214 
42.044186 31.121214 
42.076366 31.121214 
42.108551 31.121214 
42.140749 31.121214 
42.172898 31.121214 
42.205092 31.121214 
42.237327 31.121214 
42.269589 31.121214 
42.301818 31.121214 
42.334039 31.121214 
42.366278 33.060608 
42.396442 34.030304 
42.425648 34.515152 
42.453857 34.757576 
42.482044 34.878788 
42.510275 34.878788 
42.538557 34.878788 
42.566734 34.878788 
42.594935 34.878788 
42.623133 34.878788 
42.651323 34.878788 
42.679533 34.878788 
42.707790 34.878788 
42.736028 34.878788 
42.764250 34.878788 
42.792439 34.878788 
42.820662 34.878788 
42.848839 34.878788 
42.877057 34.878788 
42.905275 34.878788 
42.933490 34.878788 
42.961687 32.939392 
42.991875 31.969696 
43.023068 31.484848 
43.054259 31.242424 
43.086456 31.242424 
43.118656 31.242424 
43.150849 31.242424 
43.183058 31.242424 
43.215262 31.242424 
43.247484 31.242424 
43.279733 31.242424 
43.311918 31.242424 
43.344113 31.242424 
43.376312 31.242424 
43.408591 31.242424 
43.440790 31.242424 
43.473032 31.242424 
43.505222 31.242424 
43.537420 33.121212 
43.567641 34.060608 
43.596849 34.530304 
43.625066 34.765152 
43.653272 34.882576 
43.681455 34.882576 
43.709663 34.882576 
43.737900 34.882576 
43.766051 34.882576 
43.794286 34.882576 
43.822512 34.882576 
43.850715 34.882576 
43.878905 34.882576 
43.907156 34.882576 
43.935325 34.882576 
43.963546 34.882576 
43.991804 34.882576 
44.020024 34.882576 
44.048212 34.882576 
44.076432 34.882576 
44.104651 34.882576 
44.132845 34.882576 
44.161051 32.941288 
44.191283 31.970644 
44.222473 31.485321 
44.253694 31.242659 
44.285932 31.121332 
44.318176 31.121332 
44.350419 31.121332 
44.382691 31.121332 
44.414911 31.121332 
44.447131 31.121332 
44.479346 31.121332 
44.511570 31.121332 
44.543793 31.121332 
44.576026 31.121332 
44.608222 31.121332 
44.640449 31.121332 
44.672663 31.121332 
44.704865 31.121332 
44.737057 33.060665 
44.767270 34.030334 
44.796465 34.515167 
44.824667 34.757584 
44.852898 34.878792 
44.881100 34.878792 
44.909324 34.878792 
44.937582 34.878792 
44.965782 34.878792 
44.993988 34.878792 
45.022247 34.878792 
45.050468 34.878792 
45.078677 34.878792 
45.106822 34.878792 
45.135109 34.878792 
45.163299 34.878792 
45.191770 34.878792 
45.220010 34.878792 
45.248213 34.878792 
45.276416 34.878792 
45.304649 34.878792 
45.332858 34.878792 
45.361067 32.939396 
45.391262 31.969698 
45.422483 31.484848 
45.453687 31.242424 
45.485892 31.121214 
45.518124 31.121214 
45.550553 31.121214 
45.582776 31.121214 
45.616758 31.121214 
45.648972 31.121214 
45.681205 31.121214 
45.713420 31.121214 
45.745647 31.121214 
45.777860 31.121214 
45.810061 31.121214 
45.843816 31.121214 
45.876051 33.060608 
45.906293 34.030304 
45.935479 34.515152 
45.963692 34.757576 
45.991934 34.757576 
46.020157 34.757576 
46.048421 34.757576 
46.076634 34.757576 
46.104828 34.757576 
46.133032 34.757576 
46.161227 34.757576 
46.189444 34.757576 
46.217711 34.757576 
46.245985 34.757576 
46.274206 34.757576 
46.302411 34.757576 
46.330599 34.757576 
46.358742 34.757576 
46.386968 34.757576 
46.415213 34.757576 
46.443438 34.757576 
46.471638 32.878788 
46.501858 31.939394 
46.533049 31.469696 
46.564266 31.234850 
46.596512 31.234850 
46.628719 31.234850 
46.660920 31.234850 
46.693121 31.234850 
46.725311 31.234850 
46.757517 31.234850 
46.789713 31.234850 
46.821944 31.234850 
46.854161 31.234850 
46.886392 31.234850 
46.918619 31.234850 
46.950884 31.234850 
46.983113 31.234850 
47.015331 31.234850 
47.047579 33.117424 
47.077836 34.058712 
47.107054 34.529358 
47.135268 34.764679 
47.163414 34.882339 
47.191611 34.882339 
47.219782 34.882339 
47.248013 34.882339 
47.276235 34.882339 
47.304433 34.882339 
47.332647 34.882339 
47.360848 34.882339 
47.389047 34.882339 
47.417246 34.882339 
47.445458 34.882339 
47.473670 34.882339 
47.501882 34.882339 
47.530066 34.882339 
47.558229 34.882339 
47.586419 34.882339 
47.614629 34.882339 
47.642903 34.882339 
47.671162 32.941170 
47.701368 31.970585 
47.732585 31.485292 
47.763793 31.242643 
47.795977 31.121325 
47.828246 31.121325 
47.860451 31.121325 
47.892647 31.121325 
47.924856 31.121325 
47.957037 31.121325 
47.989220 31.121325 
48.021430 31.121325 
48.053620 31.121325 
48.085827 31.121325 
48.118013 31.121325 
48.150205 31.121325 
48.182384 31.121325 
48.214552 31.121325 
48.246777 33.060661 
48.276996 34.030331 
48.306210 34.515167 
48.334428 34.757584 
48.362616 34.878792 
48.390806 34.878792 
48.418996 34.878792 
48.447183 34.878792 
48.475385 34.878792 
48.503608 34.878792 
48.531758 34.878792 
48.559940 34.878792 
48.588124 34.878792 
48.616315 34.878792 
48.644535 34.878792 
48.672840 34.878792 
48.701054 34.878792 
48.729259 34.878792 
48.757451 34.878792 
48.785668 34.878792 
48.841922 34.878792 
48.870145 34.878792 
48.898351 34.878792 
48.926566 34.878792 
48.954753 34.878792 
48.982941 34.878792 
49.011179 34.878792 
49.039458 34.878792 
49.067663 34.878792 
49.095886 34.878792 
49.124076 34.878792 
49.152261 34.878792 
49.180470 34.878792 
49.208756 34.878792 
49.237027 34.878792 
49.265248 34.878792 
49.293464 34.878792 
49.321729 32.939396 
49.351936 31.969698 
49.383129 31.484848 
49.414377 31.242424 
49.446621 31.242424 
49.478889 31.242424 
49.511146 31.242424 
49.543529 31.242424 
49.575747 31.242424 
49.607939 31.242424 
49.672156 31.242424 
49.734444 33.121212 
49.764643 35.060608 
49.792858 36.030304 
49.820072 36.515152 
49.847262 36.757576 
49.874450 36.878788 
49.901665 36.939392 
49.928877 36.969696 
49.956080 36.984848 
49.983313 36.992424 
50.010588 35.996212 
50.037799 35.498108 
50.066007 35.249054 
50.094220 35.124527 
50.122413 35.062263 
50.150632 35.031132 
50.178856 35.015564 
50.207150 35.007782 
50.235372 35.003891 
50.263551 35.001945 
50.291744 35.000973 
50.319962 35.000488 
50.348226 35.000244 
50.376491 35.000122 
50.404795 35.000061 
50.432964 35.000031 
50.461194 35.000031 
50.489483 35.000031 
50.517646 35.000031 
50.545863 35.000031 
50.574099 35.000031 
50.602315 35.000031 
50.630514 35.000031 
50.658702 35.000031 
50.686915 35.000031 
50.715203 35.000031 
50.743475 35.000031 
50.771670 35.000031 
50.799889 35.000031 
50.828120 35.000031 
50.856355 35.000031 
50.884620 35.000031 
50.912893 35.000031 
50.941098 33.000015 
50.971285 32.000008 
51.002479 31.500004 
51.033687 31.250002 
51.064915 31.125000 
51.097101 31.125000 
51.129319 31.125000 
51.161518 31.125000 
51.193761 31.125000 
51.226029 31.125000 
51.258231 31.125000 
51.290419 31.125000 
51.322662 31.125000 
51.354965 31.125000 
51.387202 31.125000 
51.419414 31.125000 
51.451628 31.125000 
51.483870 31.125000 
51.516166 33.062500 
51.546379 34.031250 
51.575576 34.515625 
51.603766 34.757812 
51.631982 34.757812 
51.660207 34.757812 
51.688366 34.757812 
51.716597 34.757812 
51.772874 34.757812 
51.801078 34.878906 
51.829297 34.939453 
51.857493 34.969727 
51.885692 34.984863 
51.913923 34.992432 
51.942103 34.996216 
51.970310 34.998108 
51.998524 34.999054 
52.026802 34.999527 
52.055046 34.999763 
52.083244 34.999882 
52.111494 34.999882 
52.139734 34.999882 
52.167952 34.999882 
52.196158 34.999882 
52.224407 34.999882 
52.252687 34.999882 
52.280871 34.999882 
52.309067 34.999882 
52.337269 34.999882 
52.365450 34.999882 
52.393668 34.999882 
52.421951 34.999882 
52.450190 34.999882 
52.478435 34.999882 
52.506691 34.999882 
52.534890 34.999882 
52.563081 34.999882 
52.591280 32.999939 
52.621482 31.999969 
52.652697 31.499985 
52.683923 31.249992 
52.716145 31.249992 
52.748366 31.249992 
52.780568 31.249992 
52.812788 31.249992 
52.844981 31.249992 
52.877168 31.249992 
52.909369 31.249992 
52.941557 31.249992 
52.973757 31.249992 
53.005949 31.249992 
53.038131 31.249992 
53.070349 31.249992 
53.102566 31.249992 
53.134733 31.249992 
53.166945 33.124996 
53.197163 34.062500 
53.226410 34.531250 
53.254635 34.765625 
53.282899 34.882812 
53.311149 34.882812 
53.339389 34.882812 
53.367604 34.882812 
53.395837 34.882812 
53.424086 34.882812 
53.452304 34.882812 
53.480512 34.882812 
53.508731 34.882812 
53.536932 34.882812 
53.565117 34.882812 
53.593320 34.882812 
53.621526 34.882812 
53.649787 34.882812 
53.678022 34.882812 
53.706276 34.882812 
53.734474 34.882812 
53.762693 34.882812 
53.790901 32.941406 
53.821099 31.970703 
53.852304 31.485352 
53.883510 31.242674 
53.915719 31.121338 
53.947940 31.121338 
53.980151 31.121338 
54.012348 31.121338 
54.044579 31.121338 
54.076834 31.121338 
54.108993 31.121338 
54.141200 31.121338 
54.173371 31.121338 
54.205571 31.121338 
54.237753 31.121338 
54.269935 31.121338 
54.302138 31.121338 
54.334339 31.121338 
54.366554 33.060669 
54.396763 34.030334 
54.425980 34.515167 
54.454212 34.757584 
54.482360 34.878792 
54.510592 34.878792 
54.538837 34.878792 
54.567037 34.878792 
54.595256 34.878792 
54.623532 34.878792 
54.651732 34.878792 
54.679939 34.878792 
54.708157 34.878792 
54.736365 34.878792 
54.764583 34.878792 
54.792842 34.878792 
54.821106 34.878792 
54.849452 34.878792 
54.877686 34.878792 
54.905922 34.878792 
54.934101 34.878792 
54.962316 34.878792 
54.990522 32.939396 
55.020729 31.969698 
55.051946 31.484848 
55.083161 31.242424 
55.115513 31.121214 
55.147724 31.121214 
55.179888 31.121214 
55.212096 31.121214 
55.244285 31.121214 
55.276448 31.121214 
55.308657 31.121214 
55.340827 31.121214 
55.372975 31.121214 
55.405151 31.121214 
55.437292 31.121214 
55.469443 31.121214 
55.501696 31.121214 
55.533950 31.121214 
55.566229 33.060608 
55.596489 34.030304 
55.625739 34.515152 
55.653938 34.757576 
55.682129 34.878788 
55.710352 34.878788 
55.738596 34.878788 
55.766803 34.878788 
55.795004 34.878788 
55.823215 34.878788 
55.851422 34.878788 
55.879623 34.878788 
55.907812 34.878788 
55.936017 34.878788 
55.964265 34.878788 
55.992463 34.878788 
56.020647 34.878788 
56.048815 34.878788 
56.077012 34.878788 
56.105229 34.878788 
56.133449 34.878788 
56.161655 32.939392 
56.191866 31.969696 
56.223081 31.484848 
56.254291 31.242424 
56.286477 31.242424 
56.318676 31.242424 
56.350894 31.242424 
56.383054 31.242424 
56.415219 31.242424 
56.447445 31.242424 
56.479701 31.242424 
56.511927 31.242424 
56.544168 31.242424 
56.576374 31.242424 
56.608575 31.242424 
56.640740 31.242424 
56.672939 31.242424 
56.705138 31.242424 
56.737338 33.121212 
56.767521 34.060608 
56.796735 34.530304 
56.824931 34.765152 
56.853072 34.882576 
56.881259 34.882576 
56.909460 34.882576 
56.937635 34.882576 
56.965840 34.882576 
56.994020 34.882576 
57.022244 34.882576 
57.050457 34.882576 
57.078667 34.882576 
57.106867 34.882576 
57.135069 34.882576 
57.163305 34.882576 
57.191569 34.882576 
57.219763 34.882576 
57.248616 34.882576 
57.276859 34.882576 
57.305144 34.882576 
57.333295 34.882576 
57.361516 32.941288 
57.391734 31.970644 
57.422972 31.485321 
57.454237 31.242659 
57.486494 31.242659 
57.518718 31.242659 
57.550933 31.242659 
57.583141 31.242659 
57.615318 31.242659 
57.647528 31.242659 
57.679722 31.242659 
57.711935 31.242659 
57.744166 31.242659 
57.776425 31.242659 
57.808653 31.242659 
57.840854 31.242659 
57.873067 31.242659 
57.905273 31.242659 
57.937463 33.121330 
57.967670 34.060665 
57.996876 34.530334 
58.025130 34.765167 
58.053371 34.882584 
58.081580 34.882584 
58.109790 34.882584 
58.138052 34.882584 
58.166228 34.882584 
58.194433 34.882584 
58.222661 34.882584 
58.250966 34.882584 
58.279208 34.882584 
58.307412 34.882584 
58.335615 34.882584 
58.363848 34.882584 
58.392129 34.882584 
58.420384 34.882584 
58.448593 34.882584 
58.504865 34.882584 
58.533065 34.941292 
58.561276 34.941292 
58.589527 34.941292 
58.617730 34.941292 
58.645920 34.941292 
58.674110 34.941292 
58.702288 34.941292 
58.730513 34.941292 
58.758709 34.941292 
58.786915 34.941292 
58.815128 34.941292 
58.843379 34.941292 
58.871640 34.941292 
58.899851 34.941292 
58.928046 34.941292 
58.956242 34.941292 
58.984385 34.941292 
59.012586 34.941292 
59.040774 32.970646 
59.070965 31.985323 
59.102171 31.492661 
59.133364 31.246330 
59.165553 31.123163 
59.197767 31.123163 
59.230021 31.123163 
59.262261 31.123163 
59.294542 31.123163 
59.326807 31.123163 
59.359053 31.123163 
59.391302 31.123163 
59.423515 31.123163 
59.455731 31.123163 
59.487975 31.123163 
59.520218 31.123163 
59.552418 31.123163 
59.584648 31.123163 
59.616874 33.061581 
59.647090 34.030792 
59.676306 34.515396 
59.704546 34.757698 
59.732739 34.878849 
59.760944 34.878849 
59.789183 34.878849 
59.817390 34.878849 
59.845586 34.878849 
59.873766 34.878849 
59.901977 34.878849 
59.930206 34.878849 
59.958482 34.878849 
59.986729 34.878849 
60.014934 34.878849 
60.043149 34.878849 
60.071384 34.878849 
60.099591 34.878849 
60.127797 34.878849 
60.156042 34.878849 
60.184267 34.878849 
60.212471 34.878849 
60.240687 32.939423 
60.299934 31.969709 
60.331099 31.969709 
60.362295 31.969709 
60.393487 31.969709 
60.424688 31.969709 
60.455957 33.484856 
60.485189 34.242428 
60.514402 34.621216 
60.542626 34.810608 
60.570886 34.810608 
60.599098 34.810608 
60.627235 34.810608 
60.655459 34.810608 
60.683655 34.810608 
60.711886 34.810608 
60.740076 34.810608 
60.768269 34.810608 
60.796464 34.810608 
60.824684 34.810608 
60.852964 34.810608 
60.881628 34.810608 
60.909863 34.810608 
60.938102 34.810608 
60.966288 34.810608 
60.994432 34.810608 
61.022634 34.810608 
61.050895 32.905304 
61.081154 31.952652 
61.112371 31.476326 
61.143581 31.238161 
61.175767 31.119078 
61.208010 31.119078 
61.240211 31.119078 
61.272392 31.119078 
61.304559 31.119078 
61.336764 31.119078 
61.368964 31.119078 
61.401168 31.119078 
61.433359 31.119078 
61.465570 31.119078 
61.497783 31.119078 
61.530023 31.119078 
61.562229 31.119078 
61.594420 31.119078 
61.626609 33.059540 
61.656869 34.029770 
61.686094 34.514885 
61.714310 34.757442 
61.742515 34.878723 
61.770710 34.878723 
61.798928 34.878723 
61.827150 34.878723 
61.855357 34.878723 
61.883574 34.878723 
61.911765 34.878723 
61.939943 34.878723 
61.968125 34.878723 
61.996326 34.878723 
62.024523 34.878723 
62.052730 34.878723 
62.080941 34.878723 
62.109135 34.878723 
62.137341 34.878723 
62.165485 34.878723 
62.193693 34.878723 
62.221926 32.939362 
62.252157 31.969681 
62.283360 31.484840 
62.314586 31.242420 
62.346797 31.242420 
62.379003 31.242420 
62.411239 31.242420 
62.443529 31.242420 
62.475814 31.242420 
62.508016 31.242420 
62.540236 31.242420 
62.572454 31.242420 
62.604651 31.242420 
62.636854 31.242420 
62.669084 31.242420 
62.701295 31.242420 
62.733508 31.242420 
62.765722 31.242420 
62.797940 33.121208 
62.828191 34.060604 
62.857412 34.530304 
62.885661 34.765152 
62.913879 34.882576 
62.942089 34.941288 
62.970302 34.941288 
62.998506 34.941288 
63.026754 34.941288 
63.055048 34.941288 
63.083235 34.941288 
63.111436 34.941288 
63.139639 34.941288 
63.167829 34.941288 
63.196060 34.941288 
63.224374 34.941288 
63.252642 34.941288 
63.280865 34.941288 
63.309074 34.941288 
63.337275 34.941288 
63.365475 34.941288 
63.393664 34.941288 
63.421874 32.970642 
63.452063 31.985321 
63.483280 31.492661 
63.514488 31.246330 
63.546733 31.246330 
63.578925 31.246330 
63.611138 31.246330 
63.643329 31.246330 
63.675514 31.246330 
63.707722 31.246330 
63.739942 31.246330 
63.772168 31.246330 
63.804445 31.246330 
63.836695 31.246330 
63.868986 31.246330 
63.901214 31.246330 
63.933442 31.246330 
63.965699 31.246330 
63.997950 33.123165 
64.028137 34.061584 
64.057323 34.530792 
64.085481 34.765396 
64.113687 34.882698 
64.141885 34.882698 
64.170078 34.882698 
64.198256 34.882698 
64.226465 34.882698 
64.254701 34.882698 
64.282903 34.882698 
64.311088 34.882698 
64.339283 34.882698 
64.367491 34.882698 
64.395669 34.882698 
64.423855 34.882698 
64.452065 34.882698 
64.480294 34.882698 
64.508504 34.882698 
64.536726 34.882698 
64.564910 34.882698 
64.593093 34.882698 
64.621256 32.941349 
64.651493 31.970675 
64.682712 31.485336 
64.713928 31.242666 
64.746137 31.242666 
64.778338 31.242666 
64.810554 31.242666 
64.842792 31.242666 
64.875007 31.242666 
64.907228 31.242666 
64.939435 31.242666 
64.971645 31.242666 
65.003827 31.242666 
65.036011 31.242666 
65.068198 31.242666 
65.100387 31.242666 
65.132551 31.242666 
65.164749 31.242666 
65.196950 33.121334 
65.227222 34.060669 
65.256528 34.530334 
65.284771 34.765167 
65.312995 34.882584 
65.341315 34.882584 
65.369597 34.882584 
65.397801 34.882584 
65.426063 34.882584 
65.454528 34.882584 
65.482755 34.882584 
65.538989 34.882584 
65.567186 34.941292 
65.595428 34.970646 
65.623695 34.985321 
65.651913 34.992661 
65.680112 34.996330 
65.708322 34.998165 
65.736525 34.999084 
65.764719 34.999542 
65.792912 34.999771 
65.821139 34.999771 
65.849368 34.999771 
65.877576 34.999771 
65.905762 34.999771 
65.933975 34.999771 
65.962228 34.999771 
65.990535 34.999771 
66.018741 34.999771 
66.046947 34.999771 
66.075151 34.999771 
66.103336 34.999771 
66.131552 34.999771 
66.159770 34.999771 
66.188003 34.999771 
66.216202 34.999771 
66.244423 34.999771 
66.272671 34.999771 
66.300893 32.999886 
66.331113 31.999943 
66.362314 31.499971 
66.393516 31.249985 
66.425743 31.124992 
66.458011 31.124992 
66.490245 31.124992 
66.522474 31.124992 
66.554668 31.124992 
66.586879 31.124992 
66.619144 31.124992 
66.651375 31.124992 
66.683583 31.124992 
66.715783 31.124992 
66.748046 31.124992 
66.780235 31.124992 
66.812460 31.124992 
66.844667 31.124992 
66.876879 33.062496 
66.907073 34.031250 
66.936265 34.515625 
66.964456 34.757812 
66.992652 34.878906 
67.020858 34.878906 
67.049104 34.878906 
67.077294 34.878906 
67.105491 34.878906 
67.133695 34.878906 
67.161860 34.878906 
67.190055 34.878906 
67.218304 34.878906 
67.246541 34.878906 
67.274761 34.878906 
67.302957 34.878906 
67.331143 34.878906 
67.359350 34.878906 
67.387621 34.878906 
67.415854 34.878906 
67.444166 34.878906 
67.472423 34.878906 
67.500642 32.939453 
67.530837 31.969727 
67.562025 31.484863 
67.593216 31.242432 
67.625410 31.121218 
67.657602 31.121218 
67.689794 31.121218 
67.721986 31.121218 
67.754184 31.121218 
67.786398 31.121218 
67.818665 31.121218 
67.850876 31.121218 
67.883038 31.121218 
67.915257 31.121218 
67.947554 31.121218 
67.979760 31.121218 
68.011996 31.121218 
68.044202 31.121218 
68.076384 33.060608 
68.106586 34.030304 
68.135779 34.515152 
68.163971 34.757576 
68.192156 34.878788 
68.220358 34.878788 
68.276672 34.878788 
68.332917 34.939392 
68.361131 35.969696 
68.388322 36.484848 
68.415538 36.742424 
68.442756 36.871212 
68.469960 36.935608 
68.497166 36.967804 
68.524357 36.983902 
68.551561 36.991951 
68.578769 35.995975 
68.605974 35.497986 
68.661252 35.248993 
68.689524 36.124496 
68.716741 36.562248 
68.743955 36.781124 
68.771400 36.890564 
68.798603 36.945282 
68.825799 36.972641 
68.852999 36.986320 
68.880210 35.993160 
68.907463 35.496582 
68.935710 35.248291 
68.963929 35.124146 
68.992088 35.062073 
69.020294 35.031036 
69.048539 35.015518 
69.076836 35.007759 
69.105065 35.003880 
69.133273 35.001938 
69.161473 35.000969 
69.189710 35.000484 
69.217937 35.000244 
69.246133 35.000122 
69.274478 35.000061 
69.302743 35.000031 
69.330955 35.000031 
69.359116 35.000031 
69.387369 35.000031 
69.415575 35.000031 
69.443804 35.000031 
69.471996 35.000031 
69.500187 35.000031 
69.528434 35.000031 
69.556631 35.000031 
69.584866 35.000031 
69.613120 35.000031 
69.641374 35.000031 
69.669626 35.000031 
69.697812 35.000031 
69.726021 35.000031 
69.754212 35.000031 
69.782436 35.000031 
69.810714 33.000015 
69.840951 32.000008 
69.872166 31.500004 
69.903378 31.250002 
69.934598 31.125000 
69.966804 31.125000 
69.998960 31.125000 
70.031142 31.125000 
70.063349 31.125000 
70.095552 31.125000 
70.127770 31.125000 
70.159976 31.125000 
70.192166 31.125000 
70.224360 31.125000 
70.256558 31.125000 
70.288787 31.125000 
70.321000 31.125000 
70.353186 31.125000 
70.385377 31.125000 
70.417575 33.062500 
70.447794 34.031250 
70.476998 34.515625 
70.505210 34.757812 
70.533670 34.878906 
70.561889 34.878906 
70.590097 34.878906 
70.618293 34.878906 
70.646515 34.878906 
70.674782 34.878906 
70.703058 34.878906 
70.731283 34.878906 
70.759489 34.878906 
70.787677 34.878906 
70.815879 34.878906 
70.844105 34.878906 
70.872355 34.878906 
70.900568 34.878906 
70.928773 34.878906 
70.956962 34.878906 
70.985111 34.878906 
71.013559 34.878906 
71.041794 32.939453 
71.072025 31.969727 
71.103262 31.484863 
71.134469 31.242432 
71.166653 31.242432 
71.198829 31.242432 
71.231028 31.242432 
71.263212 31.242432 
71.295408 31.242432 
71.327615 31.242432 
71.359800 31.242432 
71.392002 31.242432 
71.424194 31.242432 
71.456403 31.242432 
71.488587 31.242432 
71.520792 31.242432 
71.552991 31.242432 
71.585162 31.242432 
71.617419 33.121216 
71.647706 34.060608 
71.676949 34.530304 
71.705145 34.765152 
71.733307 34.882576 
71.761523 34.882576 
71.789776 34.882576 
71.817979 34.882576 
71.846241 34.882576 
71.874477 34.882576 
71.902677 34.882576 
71.930896 34.882576 
71.959123 34.882576 
71.987341 34.882576 
72.015609 34.882576 
72.043821 34.882576 
72.071997 34.882576 
72.100203 34.882576 
72.128373 34.882576 
72.156575 34.882576 
72.184795 34.882576 
72.213112 34.882576 
72.241371 32.941288 
72.271562 31.970644 
72.302757 31.485321 
72.333957 31.242659 
72.366150 31.242659 
72.398359 31.242659 
72.430603 31.242659 
72.462813 31.242659 
72.495011 31.242659 
72.527217 31.242659 
72.559406 31.242659 
72.591575 31.242659 
72.623782 31.242659 
72.655969 31.242659 
72.688185 31.242659 
72.720381 31.242659 
72.752593 31.242659 
72.816863 31.242659 
72.849047 34.121330 
72.878326 35.560665 
72.906619 36.640167 
72.961858 36.640167 
72.989024 36.820084 
73.016227 36.910042 
73.043462 36.955021 
73.070667 36.977509 
73.097848 36.988754 
73.125051 36.994377 
73.152229 36.997189 
73.179478 36.998596 
73.206769 36.999649 
73.261076 36.999649 
73.288328 36.999825 
73.315556 36.999912 
73.342822 36.999954 
73.370028 36.999977 
73.397217 36.999989 
73.424417 36.999992 
73.451613 36.999996 
73.478814 37.000000 
73.506076 37.000000 
73.533276 37.000000 
73.560495 36.000000 
73.587785 35.500000 
73.615984 35.250000 
73.644277 35.125000 
73.672541 35.062500 
73.700796 35.031250 
73.729046 35.015625 
73.757242 35.007812 
73.785442 35.003906 
73.813655 35.001953 
73.841913 35.000977 
73.870129 35.000488 
73.898342 35.000244 
73.926533 35.000122 
73.954725 35.000061 
73.982921 35.000031 
74.011131 35.000031 
74.039371 35.000031 
74.067569 35.000031 
74.095781 35.000031 
74.123983 35.000031 
74.152183 35.000031 
74.180428 35.000031 
74.208697 35.000031 
74.236909 35.000031 
74.265121 35.000031 
74.293271 35.000031 
74.321486 35.000031 
74.349679 35.000031 
74.377885 35.000031 
74.406124 35.000031 
74.434332 35.000031 
74.462525 35.000031 
74.490758 33.000015 
74.520973 32.000008 
74.552172 31.500004 
74.583350 31.250002 
74.614584 31.125000 
74.646877 31.125000 
74.679173 31.125000 
74.711402 31.125000 
74.743647 31.125000 
74.775894 31.125000 
74.808179 31.125000 
74.840402 31.125000 
74.872580 31.125000 
74.904773 31.125000 
74.936970 31.125000 
74.969156 31.125000 
75.001335 31.125000 
75.033544 31.125000 
75.065825 31.125000 
75.098024 33.062500 
75.128248 34.031250 
75.157462 34.515625 
75.185672 34.757812 
75.213919 34.878906 
75.242121 34.939453 
75.270329 34.939453 
75.298520 34.939453 
75.326758 34.939453 
75.355040 34.939453 
75.383295 34.939453 
75.411511 34.939453 
75.439723 34.939453 
75.467916 34.939453 
75.496101 34.939453 
75.524302 34.939453 
75.552512 34.939453 
75.580837 34.939453 
75.609044 34.939453 
75.637215 34.939453 
75.665432 34.939453 
75.693627 34.939453 
75.721838 32.969727 
75.752067 31.984863 
75.783252 31.492432 
75.814488 31.246216 
75.877770 31.246216 
75.909950 33.123108 
75.940157 34.061554 
75.969366 34.530777 
75.997578 34.765388 
76.025856 34.882694 
76.054092 34.941345 
76.082324 34.970673 
76.110553 34.970673 
76.138805 34.970673 
76.166975 34.970673 
76.195132 34.970673 
76.223349 34.970673 
76.251533 34.970673 
76.279740 34.970673 
76.307888 34.970673 
76.336065 34.970673 
76.364242 34.970673 
76.392484 34.970673 
76.420697 34.970673 
76.448893 34.970673 
76.477109 34.970673 
76.505353 34.970673 
76.533539 34.970673 
76.561770 32.985336 
76.592050 31.992668 
76.623225 31.496334 
76.654422 31.248167 
76.686607 31.248167 
76.718820 31.248167 
76.751014 31.248167 
76.783205 31.248167 
76.815393 31.248167 
76.847624 31.248167 
76.879885 31.248167 
76.912099 31.248167 
76.944288 31.248167 
76.976507 31.248167 
77.008758 31.248167 
77.041038 31.248167 
77.073273 31.248167 
77.105465 31.248167 
77.137678 33.124084 
77.167926 34.062042 
77.197137 34.531021 
77.225344 34.765511 
77.253580 34.882755 
77.281805 34.882755 
77.310088 34.882755 
77.338282 34.882755 
77.366468 34.882755 
77.394671 34.882755 
77.422878 34.882755 
77.451097 34.882755 
77.479369 34.882755 
77.507576 34.882755 
77.535772 34.882755 
77.564003 34.882755 
77.592252 34.882755 
77.620446 34.882755 
77.648672 34.882755 
77.676908 34.882755 
77.705146 34.882755 
77.733353 34.882755 
77.761563 32.941376 
77.791759 31.970688 
77.822977 31.485344 
77.854248 31.242670 
77.886491 31.242670 
77.918656 31.242670 
77.950881 31.242670 
77.983096 31.242670 
78.015310 31.242670 
78.047514 31.242670 
78.079726 31.242670 
78.111939 31.242670 
78.144149 31.242670 
78.176397 31.242670 
78.208591 31.242670 
78.240741 31.242670 
78.272949 31.242670 
78.305157 31.242670 
78.337372 33.121334 
78.367578 34.060669 
78.396789 34.530334 
78.425049 34.765167 
78.453313 34.882584 
78.481525 34.882584 
78.537725 34.882584 
78.565940 34.941292 
78.594117 34.970646 
78.622341 34.985321 
78.678580 34.992661 
78.706764 35.996330 
78.733972 36.498165 
78.788259 36.749084 
78.841533 37.874542 
78.894823 38.437271 
78.947662 39.718636 
78.998893 41.359318 
79.049212 43.179657 
79.099486 45.544914 
79.147818 45.544914 
79.196140 47.272457 
79.243481 48.136230 
79.290786 49.568115 
79.337033 50.284058 
79.383296 51.642029 
79.429525 52.321014 
79.474787 53.660507 
79.520063 55.330254 
79.565305 56.165131 
79.609563 57.582565 
79.653829 59.645641 
79.697313 60.322826 
79.740686 60.322826 
79.756974 60.661415 
79.773133 60.830708 
79.805380 59.915363 
79.837669 60.457691 
79.853856 60.728848 
79.886104 59.864429 
79.902321 59.432220 
79.934595 59.108059 
79.966802 59.108059 
79.982964 59.054031 
80.016216 58.027016 
80.033405 58.513508 
80.067686 57.756756 
80.101997 57.378380 
80.119229 57.189186 
80.136411 57.094593 
80.153622 57.047302 
80.187886 56.023651 
80.223156 55.511826 
80.258376 56.127956 
80.292655 56.127956 
80.326919 56.781990 
80.361175 56.890995 
80.396028 56.890995 
80.430308 56.945499 
80.464602 57.986382 
80.498859 57.986382 
80.516053 58.493195 
80.550276 57.746597 
80.584570 57.373299 
80.601789 58.186649 
80.636101 57.593334 
80.670330 57.296669 
80.704651 57.148331 
80.738981 58.074165 
80.756206 58.537079 
80.790442 57.768536 
80.824691 57.384270 
80.858940 58.192139 
80.893230 58.798046 
80.927542 58.899021 
80.960903 58.899021 
80.994188 58.949520 
81.027499 58.974762 
81.060789 58.987385 
81.094064 58.993694 
81.127337 59.996849 
81.160604 60.749214 
81.193894 60.749214 
81.227156 60.874611 
81.260395 60.937305 
81.293678 60.968655 
81.326938 60.992168 
81.360254 60.992168 
81.393547 60.996086 
81.426804 60.998043 
81.460183 62.499516 
81.493544 62.499516 
81.525828 62.749763 
81.541017 62.874882 
81.572271 61.937450 
81.603562 61.468731 
81.619765 61.234371 
81.652044 61.117188 
81.684301 61.058598 
81.716547 61.029305 
81.748769 61.014652 
81.781016 61.007336 
81.813288 61.003670 
81.845535 61.001831 
81.877786 62.500458 
81.909052 62.500458 
81.940300 62.750229 
81.971549 62.875114 
82.002802 62.937557 
82.034067 62.968781 
82.065306 62.984390 
82.080490 62.992195 
82.111756 61.996101 
82.143078 61.498055 
82.174354 62.124519 
82.205621 62.124519 
82.235873 62.562260 
82.266124 62.781136 
82.296416 62.890568 
82.326653 62.945290 
82.356861 62.972645 
82.387133 62.986328 
82.417392 62.993164 
82.447704 62.996582 
82.477996 62.998291 
82.508271 62.999146 
82.538500 62.999786 
82.568783 62.999893 
82.599031 62.999947 
82.629323 62.999947 
82.644512 61.999992 
82.675764 61.499992 
82.707003 61.499992 
82.723198 61.249992 
82.755429 61.125000 
82.787723 61.062500 
82.803905 61.031254 
82.836167 61.015633 
82.852336 61.007816 
82.868590 60.003918 
82.900849 59.501957 
82.917077 59.250980 
82.933291 58.125492 
82.950494 57.562752 
82.967699 56.281380 
82.984928 55.640694 
83.002194 55.320343 
83.020402 54.160172 
83.038608 53.580086 
83.056831 52.290043 
83.076097 51.645020 
83.095325 51.322506 
83.114607 50.161255 
83.133849 49.580627 
83.154111 49.290314 
83.174302 48.145157 
83.194495 47.572578 
83.215716 47.286289 
83.236962 46.143143 
83.258148 45.571571 
83.279424 45.285786 
83.301612 44.142891 
83.323775 43.571445 
83.345975 43.285721 
83.369163 43.142860 
83.392372 42.071430 
83.415589 41.535713 
83.439795 41.267857 
83.464015 41.133926 
83.488321 41.066963 
83.536543 40.033482 
83.560777 40.516739 
83.585049 40.758369 
83.609252 40.879185 
83.633442 39.939590 
83.658659 39.469795 
83.683969 39.234898 
83.709156 39.117447 
83.734366 39.058723 
83.759623 39.029362 
83.784802 38.014679 
83.811015 37.507339 
83.837233 37.253670 
83.863439 37.126835 
83.889620 37.063416 
83.915809 37.031708 
83.942996 37.015854 
83.970198 36.007927 
83.997414 35.503963 
84.025583 35.251984 
84.053810 35.125992 
84.082012 35.062996 
84.110245 35.031498 
84.138504 35.015747 
84.194760 35.007874 
84.222966 36.003937 
84.250159 36.501968 
84.277386 36.750984 
84.304666 36.937744 
84.358960 36.937744 
84.386120 36.968872 
84.413376 36.984436 
84.440680 36.992218 
84.467933 36.996109 
84.495139 36.998055 
84.522344 36.999027 
84.549553 36.999512 
84.576766 36.999756 
84.604023 36.999878 
84.631244 36.999939 
84.658439 35.999969 
84.685633 35.499985 
84.713865 35.249992 
84.742079 35.124996 
84.770304 35.062500 
84.798523 35.031250 
84.826717 35.015625 
84.882982 35.007812 
84.911205 36.003906 
84.938419 36.501953 
84.965679 36.750977 
84.992899 36.875488 
85.020130 35.937744 
85.047372 35.468872 
85.075604 35.234436 
85.103854 35.117218 
85.132102 35.058609 
85.160316 35.029305 
85.188488 35.014652 
85.216684 35.007324 
85.244883 35.003662 
85.273126 35.001831 
85.301598 35.000916 
85.329827 35.000458 
85.358027 35.000229 
85.386219 35.000114 
85.414425 35.000057 
85.442674 35.000031 
85.470886 35.000031 
85.499103 35.000031 
85.527313 35.000031 
85.555507 35.000031 
85.583715 35.000031 
85.611921 35.000031 
85.640134 35.000031 
85.668349 35.000031 
85.696566 35.000031 
85.724781 35.000031 
85.752958 35.000031 
85.781159 35.000031 
85.809388 35.000031 
85.837671 35.000031 
85.893972 35.000015 
85.950303 35.000015 
85.978503 35.000008 
86.006775 35.000004 
86.035041 35.000000 
86.063255 35.000000 
86.091488 35.000000 
86.119686 35.000000 
86.147889 35.000000 
86.176119 35.000000 
86.204322 35.000000 
86.232543 35.000000 
86.260803 35.000000 
86.289079 35.000000 
86.317275 35.000000 
86.345509 35.000000 
86.373711 35.000000 
86.401960 35.000000 
86.430152 35.000000 
86.458351 35.000000 
86.486549 35.000000 
86.514745 35.000000 
86.542936 35.000000 
86.571126 35.000000 
86.599319 35.000000 
86.627507 35.000000 
86.655674 35.000000 
86.683898 35.000000 
86.712068 35.000000 
86.740290 35.000000 
86.768544 35.000000 
86.796761 35.000000 
86.825041 35.000000 
86.853243 35.000000 
86.881478 33.000000 
86.911772 32.000000 
86.943009 31.500000 
86.974205 31.250000 
87.006394 31.250000 
87.038594 31.250000 
87.070763 31.250000 
87.102967 31.250000 
87.135167 31.250000 
87.167376 31.250000 
87.199517 31.250000 
87.231675 31.250000 
87.263916 31.250000 
87.296180 31.250000 
87.328405 31.250000 
87.360646 31.250000 
87.424987 31.250000 
87.457190 34.125000 
87.486430 35.562500 
87.514637 36.281250 
87.541858 36.640625 
87.569077 35.820312 
87.596283 35.410156 
87.624481 35.205078 
87.652687 35.102539 
87.680899 35.051270 
87.709105 35.025635 
87.737308 35.012817 
87.765525 35.006409 
87.793792 35.003204 
87.822068 35.001602 
87.850348 35.000801 
87.878584 35.000401 
87.906849 35.000198 
87.935015 35.000099 
87.963228 35.000050 
87.991427 35.000050 
88.019639 35.000050 
88.047866 35.000050 
88.076069 35.000050 
88.104286 35.000050 
88.132533 35.000050 
88.160801 35.000050 
88.189001 35.000050 
88.217217 35.000050 
88.245431 35.000050 
88.273684 35.000050 
88.301879 35.000050 
88.330082 35.000050 
88.358319 35.000050 
88.386548 35.000050 
88.414773 35.000050 
88.442976 35.000050 
88.471208 33.000023 
88.501440 32.000011 
88.532754 31.500006 
88.563994 31.250004 
88.595232 31.250004 
88.626424 31.250004 
88.657697 31.250004 
88.688961 31.250004 
88.720188 31.250004 
88.751388 31.250004 
88.782587 31.250004 
88.813804 31.250004 
88.845000 31.250004 
88.876196 31.250004 
88.907386 31.250004 
88.938547 31.250004 
88.969773 31.250004 
89.000982 31.250004 
89.032199 31.250004 
89.063413 31.250004 
89.094649 31.250004 
89.125915 31.250004 
89.157148 31.250004 
89.188366 31.250004 
89.219572 31.250004 
89.250799 31.250004 
89.281995 31.250004 
89.313230 31.250004 
89.344507 31.250004 
89.375752 33.125000 
89.405960 34.062500 
89.435162 34.531250 
89.492537 34.765625 
89.520814 34.882812 
89.549005 34.941406 
89.577206 34.970703 
89.605441 34.985352 
89.633643 34.992676 
89.661847 34.996338 
89.690061 34.998169 
89.718244 34.999084 
89.746430 34.999542 
89.774606 34.999771 
89.802798 34.999886 
89.831055 34.999943 
89.859339 34.999969 
89.887528 34.999985 
89.915735 34.999992 
89.944005 34.999996 
89.972298 35.000000 
90.000561 35.000000 
90.028821 35.000000 
90.057094 35.000000 
90.085315 35.000000 
90.113511 35.000000 
90.141721 35.000000 
90.169930 35.000000 
90.198163 35.000000 
90.226374 35.000000 
90.254585 35.000000 
90.282776 35.000000 
90.311010 35.000000 
90.367296 35.000000 
90.395693 35.000000 
90.423875 35.000000 
90.452074 35.000000 
90.480284 35.000000 
90.508540 35.000000 
90.536781 35.000000 
90.564999 35.000000 
90.593194 35.000000 
90.621377 35.000000 
90.649588 35.000000 
90.677823 35.000000 
90.706122 35.000000 
90.734336 35.000000 
90.762547 35.000000 
90.790751 35.000000 
90.818958 35.000000 
90.847185 35.000000 
90.875446 35.000000 
90.903681 35.000000 
90.931842 33.000000 
90.962055 32.000000 
90.993289 31.500000 
91.024483 31.250000 
91.056668 31.250000 
91.088866 31.250000 
91.121086 31.250000 
91.153363 31.250000 
91.185639 31.250000 
91.217841 31.250000 
91.250068 31.250000 
91.282271 31.250000 
91.314486 31.250000 
91.346705 31.250000 
91.378849 31.250000 
91.411051 31.250000 
91.443253 31.250000 
91.475443 31.250000 
91.507662 33.125000 
91.537880 34.062500 
91.567086 34.531250 
91.595280 34.765625 
91.623478 34.882812 
91.651784 34.882812 
91.679998 34.882812 
91.708185 34.882812 
91.736402 34.882812 
91.764672 34.882812 
91.792945 34.882812 
91.821157 34.882812 
91.849412 34.882812 
91.877686 34.882812 
91.905895 34.882812 
91.934085 34.882812 
91.962277 34.882812 
91.990556 34.882812 
92.018831 34.882812 
92.047051 34.882812 
92.075257 34.882812 
92.103471 34.882812 
92.131671 32.941406 
92.161896 31.970703 
92.193117 31.485352 
92.224322 31.242674 
92.256568 31.242674 
92.288825 31.242674 
92.321063 31.242674 
92.353306 31.242674 
92.385497 31.242674 
92.417699 31.242674 
92.449900 31.242674 
92.482107 31.242674 
92.514299 31.242674 
92.546518 31.242674 
92.578807 31.242674 
92.611089 31.242674 
92.643249 31.242674 
92.675463 31.242674 
92.707695 33.121338 
92.737993 34.060669 
92.767201 34.530334 
92.795439 34.765167 
92.823686 34.882584 
92.851848 34.882584 
92.880057 34.882584 
92.908304 34.882584 
92.936540 34.882584 
92.964878 34.882584 
92.993055 34.882584 
93.021255 34.882584 
93.049451 34.882584 
93.077682 34.882584 
93.105959 34.882584 
93.134183 34.882584 
93.162403 34.882584 
93.190610 34.882584 
93.218801 34.882584 
93.247018 34.882584 
93.303329 34.882584 
93.331519 34.882584 
93.359743 34.882584 
93.387971 34.882584 
93.416187 34.882584 
93.444437 34.882584 
93.472648 34.882584 
93.500872 34.882584 
93.529125 34.882584 
93.557335 34.882584 
93.585558 34.882584 
93.613840 34.882584 
93.642071 34.882584 
93.670261 34.882584 
93.698453 34.882584 
93.726661 34.882584 
93.754865 34.882584 
93.783075 34.882584 
93.811277 32.941292 
93.841467 31.970646 
93.872670 31.485323 
93.903874 31.242659 
93.936065 31.242659 
93.968268 31.242659 
94.000476 31.242659 
94.032774 31.242659 
94.064994 31.242659 
94.097198 31.242659 
94.129402 31.242659 
94.161620 31.242659 
94.193924 31.242659 
94.226230 31.242659 
94.258463 31.242659 
94.290623 31.242659 
94.322841 31.242659 
94.355074 31.242659 
94.387318 33.121330 
94.417537 34.060665 
94.446751 34.530334 
94.474943 34.765167 
94.503163 34.882584 
94.531377 34.882584 
94.559596 34.882584 
94.615896 34.882584 
94.672161 34.941292 
94.727432 35.970646 
94.754644 37.485321 
94.780906 38.242661 
94.832189 38.621330 
94.857513 38.810665 
94.882752 38.905334 
94.907963 38.952667 
94.933165 38.976334 
94.958363 38.988167 
94.983581 38.994083 
95.008782 37.997040 
95.034989 37.498520 
95.061183 37.249260 
95.087507 37.124630 
95.113706 37.062317 
95.139906 37.031158 
95.167102 37.015579 
95.194325 37.007790 
95.221555 37.003895 
95.248772 36.001945 
95.304013 35.500973 
95.332223 36.250488 
95.359439 36.625244 
95.386663 36.812622 
95.413917 36.906311 
95.468164 36.953156 
95.522385 37.976578 
95.548669 38.488289 
95.573890 38.744144 
95.599112 38.872070 
95.624338 38.936035 
95.649778 38.968018 
95.674995 38.984009 
95.700188 38.992004 
95.725412 37.996002 
95.751661 37.498001 
95.778015 37.249001 
95.804256 37.124500 
95.830518 37.062248 
95.856753 37.031124 
95.883938 37.015564 
95.911149 37.007782 
95.938349 36.003891 
95.965563 35.501945 
96.022080 35.250973 
96.050286 36.125488 
96.077450 36.562744 
96.104679 36.781372 
96.131958 36.890686 
96.159155 36.945343 
96.186346 36.972672 
96.213544 36.986336 
96.240778 35.993168 
96.268078 35.496582 
96.296295 35.248291 
96.324493 35.124146 
96.352686 35.062073 
96.380840 35.031036 
96.409059 35.015518 
96.437277 35.007759 
96.465470 35.003880 
96.493662 35.001938 
96.521879 35.000969 
96.550077 35.000484 
96.578269 35.000244 
96.606506 35.000122 
96.634716 35.000061 
96.662914 35.000031 
96.691107 35.000031 
96.719313 35.000031 
96.747546 35.000031 
96.775856 35.000031 
96.804137 35.000031 
96.832357 35.000031 
96.860511 35.000031 
96.888783 35.000031 
96.945093 35.000031 
96.973407 35.000015 
97.001619 35.000008 
97.029822 35.000004 
97.058021 35.000000 
97.086233 35.000000 
97.114500 35.000000 
97.142727 35.000000 
97.170914 35.000000 
97.199136 35.000000 
97.227399 35.000000 
97.255604 35.000000 
97.283851 35.000000 
97.312046 35.000000 
97.340230 35.000000 
97.368415 35.000000 
97.396599 35.000000 
97.452813 35.000000 
97.481013 35.000000 
97.509205 35.000000 
97.537401 35.000000 
97.565561 35.000000 
97.593769 35.000000 
97.622003 35.000000 
97.650251 35.000000 
97.678430 35.000000 
97.706613 35.000000 
97.734762 35.000000 
97.762950 35.000000 
97.791156 35.000000 
97.819392 35.000000 
97.847663 35.000000 
97.875882 35.000000 
97.904084 35.000000 
97.932334 35.000000 
97.960666 35.000000 
97.988880 35.000000 
98.017078 35.000000 
98.045281 35.000000 
98.073472 35.000000 
98.101675 33.000000 
98.131921 32.000000 
98.163141 31.500000 
98.194297 31.250000 
98.226528 31.250000 
98.258842 31.250000 
98.291056 31.250000 
98.323274 31.250000 
98.355470 31.250000 
98.387678 31.250000 
98.419895 31.250000 
98.452098 31.250000 
98.484306 31.250000 
98.516475 31.250000 
98.548722 31.250000 
98.580955 31.250000 
98.613192 31.250000 
98.645484 31.250000 
98.677727 33.125000 
