0.000038 250 
0.090341 500 
0.172652 750 
0.248860 1000 
0.319115 1250 
0.385379 1500 
0.447613 1750 
0.505855 2000 
0.561123 2250 
0.613375 2500 
0.662622 2750 
0.709859 3000 
0.755104 3250 
0.798393 3500 
0.839645 3750 
0.878908 4000 
0.917248 4250 
0.953444 4500 
0.988714 4750 
1.022903 5000 
1.056132 5250 
1.088390 5500 
1.119647 5750 
1.149886 6000 
1.179112 6250 
1.207351 6500 
1.234585 6750 
1.260784 7000 
1.286985 7250 
1.312203 7500 
1.336427 7750 
1.360650 8000 
1.383874 8250 
1.407127 8500 
1.429358 8750 
1.451614 9000 
1.472887 9250 
1.494073 9500 
1.514339 9750 
1.534536 10000 
1.553771 10250 
1.573000 10500 
1.592259 10750 
1.610513 11000 
1.628684 11250 
1.646897 11500 
1.664133 11750 
1.681334 12000 
1.698609 12250 
1.714808 12500 
1.731038 12750 
1.747292 13000 
1.763516 13250 
1.778683 13500 
1.793867 13750 
1.809059 13750 
1.824242 14000 
1.838416 14000 
1.852588 14250 
1.866755 14250 
1.880921 14500 
1.895086 14500 
1.908239 14750 
1.921384 14750 
1.934527 15000 
1.947734 15000 
1.960892 15250 
1.973049 15500 
1.985225 15500 
1.997382 15750 
2.009540 15750 
2.021701 16000 
2.033858 16250 
2.046013 16250 
2.057202 16500 
2.068356 16500 
2.079533 16750 
2.090696 17000 
2.101852 17000 
2.113022 17250 
2.124169 17500 
2.134321 17500 
2.144469 17750 
2.154633 18000 
2.164779 18000 
2.174926 18250 
2.185083 18500 
2.195225 18500 
2.205380 18750 
2.215537 19000 
2.224683 19000 
2.233843 19250 
2.242991 19500 
2.252148 19500 
2.261312 19750 
2.270472 20000 
2.279628 20000 
2.288779 20250 
2.297941 20500 
2.307093 20500 
2.316274 20750 
2.325428 21000 
2.334586 21250 
2.343742 21250 
2.352888 21500 
2.363061 21750 
2.373215 21750 
2.383373 22000 
2.393571 22250 
2.403730 22250 
2.413886 22500 
2.424040 22750 
2.434201 22750 
2.444359 23000 
2.455513 23250 
2.466673 23250 
2.477820 23500 
2.488975 23500 
2.500134 23750 
2.511286 24000 
2.522442 24000 
2.534602 24250 
2.546759 24250 
2.558916 24500 
2.571076 24750 
2.583242 24750 
2.595404 25000 
2.607561 25000 
2.620727 25250 
2.633879 25500 
2.647037 25500 
2.660184 25750 
2.673355 25750 
2.687510 26000 
2.701664 26000 
2.715821 26250 
2.729978 26250 
2.744137 26500 
2.759298 26500 
2.774456 26750 
2.789612 26750 
2.804775 27000 
2.820931 27000 
2.837094 27250 
2.853250 27250 
2.869407 27500 
2.886566 27500 
2.903712 27750 
2.920869 27750 
2.939018 27750 
2.957177 28000 
2.975332 28000 
2.994481 28250 
3.013641 28250 
3.032804 28250 
3.052983 28500 
3.073148 28500 
3.094308 28500 
3.115457 28750 
3.137616 28750 
3.159777 28750 
3.182936 28750 
3.206088 28750 
3.230247 29000 
3.254405 29000 
3.279568 29000 
3.305747 29000 
3.331923 29000 
3.359083 29000 
3.387254 29000 
3.416426 29000 
3.446585 29000 
3.477748 29000 
3.509935 29000 
3.543098 29000 
3.577277 29000 
3.612445 29000 
3.648620 29000 
3.686786 28750 
3.725952 28750 
3.767120 28750 
3.810296 28500 
3.855472 28500 
3.902646 28250 
3.951807 28250 
4.003969 28000 
4.059143 27750 
4.117314 27500 
4.179481 27250 
4.245650 27000 
4.315825 26500 
4.391994 26250 
4.474167 25750 
4.564336 25250 
4.662497 24750 
4.771658 24000 
4.894863 23250 
5.036075 22250 
5.199261 21250 
5.394475 20000 
5.637686 18000 
5.881026 16750 
6.076200 15958 
6.239335 14208 
6.379510 13458 
6.502682 12708 
6.611859 11958 
6.710044 11458 
6.800250 10958 
6.882616 10708 
6.958739 10766 
7.028891 10016 
7.095071 9766 
7.157239 9516 
7.215505 9766 
7.270624 9016 
7.322920 9266 
7.372045 8766 
7.419364 8766 
7.464452 8670 
7.507623 8420 
7.548781 8420 
7.588076 8670 
7.626182 8170 
7.662357 8170 
7.697617 8420 
7.731724 8170 
7.764882 8170 
7.797166 8170 
7.828255 8098 
7.858430 8098 
7.887605 8098 
7.915781 8098 
7.942959 8348 
7.969124 8348 
7.995298 8348 
8.020476 8348 
8.044653 8348 
8.068943 8598 
8.092049 8800 
8.115222 8800 
8.137398 8800 
8.159566 8800 
8.180738 9050 
8.201898 9050 
8.222084 9050 
8.242251 9300 
8.261432 9300 
8.280602 9300 
8.299784 9550 
8.317960 9550 
8.336131 9550 
8.354305 9800 
8.371488 9800 
8.388665 10050 
8.405843 10050 
8.422011 10300 
8.438180 10300 
8.454341 10550 
8.470498 10550 
8.485659 10550 
8.500819 10800 
8.516002 10800 
8.531174 11050 
8.545351 11300 
8.559507 11300 
8.573665 11550 
8.587947 11800 
8.602044 11800 
8.615235 11800 
8.628408 12050 
8.641580 12050 
8.654752 12300 
8.667921 12300 
8.680089 12550 
8.692262 12800 
8.704582 13050 
8.716639 13180 
8.728814 13180 
8.740988 13430 
8.753172 13680 
8.764348 13680 
8.775522 13930 
8.786698 13930 
8.797853 14180 
8.809035 14430 
8.820211 14430 
8.831393 14680 
8.841567 14930 
8.851735 14930 
8.861905 15180 
8.872085 15430 
8.882266 15430 
8.892444 15680 
8.902610 15930 
8.912790 15930 
8.922961 16180 
8.932124 16430 
8.941304 16430 
8.950481 16680 
8.959658 16930 
8.968922 17180 
8.978033 17180 
8.987208 17430 
8.996371 17430 
9.005523 17680 
9.014700 17930 
9.023877 18180 
9.033034 18180 
9.041188 18430 
9.049351 18680 
9.057537 18680 
9.065714 18930 
9.073889 19180 
9.082052 19430 
9.090278 19680 
9.098392 19858 
9.106553 20108 
9.114725 20358 
9.122883 20358 
9.131051 20608 
9.139215 20858 
9.147393 20858 
9.155571 21108 
9.163748 21358 
9.171928 21608 
9.180104 21608 
9.188399 21858 
9.197538 22108 
9.206709 22108 
9.215888 22358 
9.225058 22608 
9.234235 22858 
9.243408 22858 
9.252593 23108 
9.261767 23358 
9.270944 23358 
9.280122 23608 
9.289293 23858 
9.298457 23858 
9.308636 24108 
9.318814 24358 
9.328994 24358 
9.339159 24608 
9.349338 24858 
9.359503 24858 
9.369680 25108 
9.379858 25358 
9.390038 25358 
9.401218 25608 
9.412397 25858 
9.423575 25858 
9.434756 26108 
9.445934 26108 
9.457107 26358 
9.468284 26608 
9.480564 26858 
9.492674 26858 
9.504849 27108 
9.517054 27108 
9.529219 27358 
9.541356 27358 
9.553524 27608 
9.566694 27608 
9.579868 27858 
9.593030 28108 
9.606317 28358 
9.619445 28512 
9.633628 28512 
9.647818 28762 
9.662008 28762 
9.676186 29012 
9.690355 29012 
9.705519 29262 
9.720679 29262 
9.735841 29512 
9.751009 29512 
9.767162 29762 
9.783322 29762 
9.799490 30012 
9.815644 30012 
9.832803 30262 
9.849981 30262 
9.867163 30262 
9.885330 30512 
9.903494 30512 
9.921649 30762 
9.940801 30762 
9.959968 30762 
9.979134 31012 
9.999414 31262 
10.019508 31012 
10.040672 31262 
10.061818 31262 
10.083981 31262 
10.106281 31512 
10.129359 31666 
10.152540 31666 
10.176726 31666 
10.200910 31666 
10.226094 31666 
10.252257 31916 
10.278418 31916 
10.305533 31916 
10.333696 31916 
10.362862 31916 
10.393137 32166 
10.424257 31916 
10.456441 31916 
10.489623 31916 
10.523937 32166 
10.559103 31666 
10.595308 31666 
10.633595 31916 
10.672721 31666 
10.713896 31416 
10.757190 31666 
10.802322 31296 
10.849510 31296 
10.898810 31296 
10.950892 30796 
11.006139 30796 
11.064250 30748 
11.126436 30248 
11.192628 29998 
11.262819 29748 
11.339135 29998 
11.421281 29248 
11.511456 28748 
11.609648 27998 
11.718812 27498 
11.842124 27248 
11.982395 26498 
12.145588 24998 
12.340928 23998 
12.584141 21748 
12.905464 19998 
13.378856 16248 
13.700042 13998 
13.943215 12248 
14.138400 10748 
14.301632 9748 
14.441864 8748 
14.565063 7998 
14.674381 7998 
14.772536 6998 
14.862706 6498 
14.944874 5998 
15.021049 5748 
15.091213 5248 
15.157403 4998 
15.220684 4748 
15.278859 4498 
15.334029 4248 
15.386198 3998 
15.435372 3998 
15.482542 3748 
15.527819 3998 
15.570943 3498 
15.612108 3498 
15.651392 3748 
15.689502 3248 
15.725675 3248 
15.760970 3498 
15.795052 3360 
15.828222 3360 
15.860381 3360 
15.891554 3360 
15.921730 3360 
15.950907 3360 
15.979075 3360 
16.006240 3360 
16.032545 3610 
16.058646 3360 
16.083829 3360 
16.108007 3360 
16.132169 3610 
16.155463 3860 
16.178567 3610 
16.200750 3610 
16.222916 3860 
16.244077 3860 
16.265389 4110 
16.285434 4264 
16.305599 4264 
16.324766 4264 
16.343917 4514 
16.363084 4514 
16.381251 4514 
16.399412 4764 
16.417570 4764 
16.434744 5014 
16.451994 5014 
16.469150 5014 
16.485334 5264 
16.501504 5264 
16.517683 5514 
16.533899 5764 
16.549008 5764 
16.564174 5764 
16.579327 6014 
16.594486 6014 
16.608638 6264 
16.622796 6264 
16.636966 6514 
16.651280 6764 
16.665339 6942 
16.678507 6942 
16.691676 7192 
16.704840 7442 
16.718008 7442 
16.731163 7692 
16.743343 7692 
16.755519 7942 
16.767681 7942 
16.779861 8192 
16.792028 8442 
16.804201 8442 
16.816377 8692 
16.827542 8692 
16.838718 8942 
16.849889 9192 
16.861063 9192 
16.872233 9442 
16.883389 9692 
16.894546 9692 
16.904718 9942 
16.914881 10192 
16.925126 10442 
16.935249 10442 
16.945413 10692 
16.955586 10692 
16.965758 10942 
16.975900 10942 
16.986054 11192 
16.995234 11442 
17.004386 11692 
17.013542 11692 
17.022719 11942 
17.031873 12192 
17.041162 12442 
17.050248 12620 
17.059422 12870 
17.068586 12870 
17.077752 13120 
17.086919 13370 
17.096074 13370 
17.104246 13620 
17.112434 13870 
17.120601 14120 
17.128764 14120 
17.136936 14370 
17.145106 14620 
17.153262 14870 
17.161418 14870 
17.169540 15120 
17.177703 15370 
17.185865 15370 
17.194032 15620 
17.202204 15870 
17.209381 16120 
17.216536 16120 
17.223708 16370 
17.230878 16620 
17.238052 16870 
17.245202 17120 
17.252375 17120 
17.259546 17370 
17.266724 17620 
17.273890 17870 
17.281062 17870 
17.288249 18120 
17.295416 18370 
17.302599 18620 
17.309766 18620 
17.316971 18870 
17.324142 19120 
17.331360 19370 
17.337562 19370 
17.343759 19620 
17.349928 19870 
17.356081 20120 
17.362312 20370 
17.368469 20370 
17.374648 20620 
17.380827 20870 
17.387006 21120 
17.394187 21370 
17.401365 21370 
17.408530 21620 
17.415709 21870 
17.422884 22120 
17.430132 22370 
17.437237 22548 
17.444400 22798 
17.451574 23048 
17.458762 23048 
17.465938 23298 
17.473109 23548 
17.480260 23798 
17.487420 23798 
17.494568 24048 
17.501735 24298 
17.508899 24548 
17.516075 24548 
17.524247 24798 
17.532423 25048 
17.540597 25298 
17.548773 25298 
17.556952 25548 
17.565126 25798 
17.573297 26048 
17.581454 26048 
17.589606 26298 
17.597764 26548 
17.605926 26548 
17.614082 26798 
17.622237 27048 
17.631401 27298 
17.640584 27298 
17.649736 27548 
17.658898 27798 
17.668067 27798 
17.677232 28048 
17.686387 28298 
17.695561 28548 
17.704726 28548 
17.713901 28798 
17.723063 29048 
17.732246 29048 
17.742425 29298 
17.752606 29548 
17.762781 29548 
17.772961 29798 
17.783134 30048 
17.793304 30048 
17.803477 30298 
17.813646 30548 
17.823813 30548 
17.834992 30798 
17.846173 30798 
17.857355 31048 
17.868536 31298 
17.879711 31298 
17.890889 31548 
17.902068 31798 
17.914242 31798 
17.926421 32048 
17.938723 32298 
17.950805 32452 
17.962962 32702 
17.975121 32702 
17.987290 32952 
18.000467 32952 
18.013623 33202 
18.026757 33202 
18.039927 33452 
18.053085 33702 
18.067244 33702 
18.081403 33952 
18.095555 33952 
18.109709 34202 
18.123877 34202 
18.139044 34452 
18.154268 34452 
18.169443 34702 
18.184608 34702 
18.200756 34952 
18.216902 34952 
18.233050 35202 
18.249185 35202 
18.266330 35202 
18.283479 35452 
18.300648 35452 
18.318794 35702 
18.337062 35952 
18.355171 35952 
18.374335 35952 
18.393508 35952 
18.432740 35952 
18.453039 36202 
18.473172 36356 
18.494342 36356 
18.515518 36356 
18.537711 36356 
18.559883 36606 
18.583046 36606 
18.606213 36606 
18.630376 36606 
18.654542 36856 
18.679708 36856 
18.705883 36856 
18.732066 36856 
18.759233 36856 
18.787419 36856 
18.816605 36856 
18.846886 37106 
18.878011 36856 
18.910199 36856 
18.943373 36856 
18.977675 37106 
19.012763 36856 
19.048951 36606 
19.087286 36856 
19.126350 36736 
19.167524 36486 
19.210713 36486 
19.255896 36236 
19.303083 36236 
19.352370 36236 
19.404470 36188 
19.459644 35938 
19.517832 35688 
19.580022 35438 
19.646206 34938 
19.716374 34688 
19.792696 34938 
19.874925 34188 
19.965052 33438 
20.063391 33688 
20.172537 32438 
20.295840 32188 
20.436097 31438 
20.599239 29938 
20.794406 28438 
21.037582 26688 
21.358779 24938 
21.831950 21438 
22.732148 14188 
23.145560 11688 
24.045761 4688 
24.519044 938 
24.840220 250 
25.083431 250 
25.278648 250 
25.441855 250 
25.582039 250 
25.705230 250 
25.814431 250 
25.912614 250 
26.002790 250 
26.084965 250 
26.161134 250 
26.231310 250 
26.297499 250 
26.421723 250 
26.479885 250 
26.535043 250 
26.587207 250 
26.636369 250 
26.683535 250 
26.728698 250 
26.771860 250 
26.813027 250 
26.852193 250 
26.890369 250 
26.926533 250 
26.961701 250 
26.995866 250 
27.029038 250 
27.061199 250 
27.092360 250 
27.122517 250 
27.151679 250 
27.179835 250 
27.207008 250 
27.234270 500 
27.260438 500 
27.285605 500 
27.309782 500 
27.333960 500 
27.357126 500 
27.380289 750 
27.402451 750 
27.424610 750 
27.445769 750 
27.466927 1000 
27.487085 1000 
27.507243 1000 
27.526400 1250 
27.545570 1250 
27.564728 1500 
27.582887 1500 
27.601038 1500 
27.619195 1750 
27.636355 1750 
27.653517 2000 
27.670683 2000 
27.686862 2000 
27.703043 2250 
27.719221 2250 
27.735402 2500 
27.750581 2500 
27.765757 2750 
27.780936 2750 
27.796118 3000 
27.810296 3000 
27.824480 3250 
27.838659 3250 
27.852842 3500 
27.867021 3500 
27.880195 3750 
27.893368 4000 
27.906566 4000 
27.919731 4250 
27.932913 4250 
27.945095 4500 
27.957276 4500 
27.969436 4750 
27.981600 5000 
27.993775 5000 
28.005954 5250 
28.018133 5250 
28.029318 5500 
28.040486 5750 
28.051666 5750 
28.062839 6000 
28.073994 6250 
28.085175 6250 
28.096344 6500 
28.106506 6500 
28.116663 6750 
28.126834 7000 
28.136990 7000 
28.147153 7250 
28.157325 7500 
28.167471 7500 
28.177640 7750 
28.187806 8000 
28.196958 8000 
28.206113 8250 
28.215264 8500 
28.224420 8750 
28.233582 8750 
28.242726 9000 
28.251888 9250 
28.270108 9250 
28.288340 9250 
28.297502 9500 
28.315722 9500 
28.324878 9750 
28.333031 10000 
28.341188 10250 
28.349346 10250 
28.357511 10500 
28.365668 10750 
28.373822 11000 
28.381994 11000 
28.390139 11250 
28.406354 11250 
28.414509 11500 
28.422656 11750 
28.430819 12000 
28.438979 12000 
28.446141 12250 
28.460369 12500 
28.467539 12500 
28.474701 12750 
28.488917 13000 
28.496087 13000 
28.503242 13250 
28.517453 13500 
28.524625 13750 
28.531786 13750 
28.538920 14000 
28.546046 14250 
28.553199 14500 
28.560356 14500 
28.567511 14750 
28.574682 15000 
28.588906 15000 
28.596074 15250 
28.609294 15500 
28.615476 15750 
28.621637 15750 
28.627799 16000 
28.633958 16250 
28.640099 16500 
28.646272 16500 
28.652434 16750 
28.664639 17000 
28.676873 17000 
28.683041 17250 
28.689204 17500 
28.695381 17750 
28.701561 18000 
28.707718 18000 
28.713871 18250 
28.720035 18500 
28.732245 18750 
28.738419 18750 
28.744580 19000 
28.756803 19250 
28.769036 19250 
28.775198 19500 
28.781368 19750 
28.786523 20000 
28.796750 20000 
28.801897 20250 
28.807060 20500 
28.818278 20750 
28.824444 21000 
28.830615 21000 
28.836770 21250 
28.842942 21500 
28.855154 21750 
28.861328 21750 
28.867495 22000 
28.873646 22250 
28.879806 22500 
28.892033 22500 
28.898185 22750 
28.910401 23000 
28.922631 23000 
28.928787 23250 
28.934951 23500 
28.941131 23750 
28.947292 23750 
28.953468 24000 
28.959638 24250 
28.965801 24500 
28.971980 24750 
28.978164 24750 
28.984339 25000 
28.990518 25250 
28.997694 25500 
29.004848 25750 
29.012030 25750 
29.019208 26000 
29.026387 26250 
29.033536 26500 
29.040710 26500 
29.047863 26750 
29.055042 27000 
29.062221 27250 
29.069406 27250 
29.083624 27500 
29.090801 27750 
29.097981 27750 
29.105154 28000 
29.112310 28250 
29.119489 28500 
29.126669 28500 
29.134849 28750 
29.143027 29000 
29.151207 29250 
29.159387 29250 
29.167566 29500 
29.175737 29750 
29.183916 30000 
29.192105 30000 
29.200290 30250 
29.208468 30500 
29.216650 30500 
29.224823 30750 
29.232993 31000 
29.242157 31250 
29.251337 31250 
29.260517 31500 
29.269685 31750 
29.278855 31750 
29.288034 32000 
29.297212 32250 
29.306378 32250 
29.315551 32500 
29.324705 32750 
29.333882 33000 
29.343065 33000 
29.353238 33250 
29.363403 33500 
29.373580 33500 
29.383759 33750 
29.393938 34000 
29.404119 34000 
29.414277 34250 
29.424435 34500 
29.434601 34500 
29.445778 34750 
29.456958 34750 
29.468132 35000 
29.479297 35250 
29.490471 35250 
29.501649 35500 
29.512827 35750 
29.524985 35750 
29.537166 36000 
29.549347 36000 
29.561525 36250 
29.573700 36500 
29.585870 36500 
29.598050 36750 
29.611230 36750 
29.624411 37000 
29.637588 37000 
29.650760 37250 
29.663926 37500 
29.678099 37500 
29.692280 37750 
29.706461 37750 
29.720642 38000 
29.734822 38000 
29.750002 38250 
29.765183 38250 
29.780364 38500 
29.795544 38500 
29.811726 38750 
29.827912 38750 
29.844083 39000 
29.860283 39000 
29.877453 39000 
29.894630 39250 
29.911794 39250 
29.929977 39500 
29.948160 39500 
29.966342 39500 
29.985531 39750 
30.004703 39750 
30.023886 40000 
30.044074 40000 
30.064261 40000 
30.085443 40000 
30.106617 40000 
30.128806 40000 
30.150990 40000 
30.174171 40000 
30.197348 40000 
30.221530 40000 
30.245711 40000 
30.270894 40000 
30.297074 40000 
30.323256 40000 
30.350436 40000 
30.378601 40000 
30.407794 40000 
30.437965 40000 
30.469155 40000 
30.501314 40000 
30.534466 40000 
30.568839 40000 
30.603971 40000 
30.640080 39750 
30.678262 39750 
30.717584 39750 
30.758662 39726 
30.801825 39726 
30.846985 39476 
30.894140 39476 
30.943296 39226 
30.995455 38976 
31.050617 38726 
31.108911 38726 
31.170983 38404 
31.237147 38154 
31.307312 37904 
31.383475 37404 
31.465659 36904 
31.555922 37154 
31.654061 36154 
31.763222 35654 
31.886383 34654 
32.026650 34154 
32.189895 33404 
32.385017 31654 
32.628179 29904 
32.949354 27404 
33.422552 24404 
34.322735 17154 
34.735975 13904 
35.636155 7404 
36.109325 3904 
36.430500 1404 
36.673666 250 
36.868861 250 
37.032047 250 
37.172229 250 
37.295407 250 
37.404587 250 
37.502768 250 
37.592947 250 
37.675126 250 
37.751306 250 
37.821487 250 
37.887675 250 
37.949851 250 
38.008029 250 
38.063212 250 
38.115395 250 
38.164575 250 
38.211755 250 
38.256936 250 
38.300119 250 
38.341300 250 
38.380474 250 
38.418647 250 
38.454827 250 
38.490008 250 
38.524189 250 
38.557369 250 
38.589556 250 
38.620745 250 
38.650925 250 
38.680101 250 
38.708285 250 
38.735463 250 
38.761643 250 
38.787824 250 
38.813003 500 
38.837177 500 
38.861333 500 
38.884514 500 
38.907694 500 
38.929853 750 
38.952033 750 
38.973212 750 
38.994393 1000 
39.014572 1000 
39.034738 1000 
39.053917 1250 
39.073095 1250 
39.092278 1250 
39.110427 1500 
39.128581 1500 
39.146749 1500 
39.163909 1750 
39.181081 1750 
39.198267 2000 
39.214428 2000 
39.230600 2250 
39.246763 2250 
39.262943 2500 
39.278122 2500 
39.293303 2750 
39.308482 2750 
39.323662 3000 
39.337840 3000 
39.352014 3250 
39.366177 3250 
39.380350 3500 
39.394516 3500 
39.407694 3750 
39.420859 3750 
39.434014 4000 
39.460239 4000 
39.473397 4250 
39.485567 4250 
39.497741 4500 
39.509923 4500 
39.522097 4750 
39.534276 5000 
39.546436 5000 
39.558605 5250 
39.569786 5250 
39.580951 5500 
39.592138 5750 
39.603322 5750 
39.614496 6000 
39.625671 6000 
39.636828 6250 
39.647010 6500 
39.657180 6500 
39.667337 6750 
39.677543 7000 
39.687713 7000 
39.697871 7250 
39.708042 7500 
39.718211 7500 
39.728369 7750 
39.737535 8000 
39.746706 8000 
39.755863 8250 
39.765044 8500 
39.774230 8750 
39.783408 8750 
39.792579 9000 
39.801763 9250 
39.810938 9250 
39.820109 9500 
39.829276 9750 
39.838432 9750 
39.846621 10000 
39.854777 10250 
39.871002 10250 
39.879184 10500 
39.887350 10750 
39.895526 11000 
39.903696 11000 
39.911870 11250 
39.920045 11500 
39.928225 11500 
39.936404 11750 
39.944579 12000 
39.952753 12250 
39.967967 12250 
39.975140 12500 
39.982316 12750 
39.989485 12750 
39.996645 13000 
40.003819 13250 
40.011003 13500 
40.018170 13500 
40.025348 13750 
40.032506 14000 
40.039681 14250 
40.053900 14250 
40.061080 14500 
40.068241 14750 
40.075416 15000 
40.082587 15000 
40.089772 15250 
40.102997 15500 
40.109172 15500 
40.115335 15750 
40.121520 16000 
40.133737 16250 
40.139909 16250 
40.146078 16500 
40.152236 16750 
40.158409 17000 
40.164584 17250 
40.176813 17250 
40.182987 17500 
40.189162 17750 
40.201388 17750 
40.207551 18000 
40.213708 18250 
40.219878 18500 
40.226063 18500 
40.232236 18750 
40.238407 19000 
40.244563 19250 
40.250738 19500 
40.256922 19500 
40.263096 19750 
40.269261 20000 
40.274414 20250 
40.279582 20500 
40.290807 20500 
40.296985 20750 
40.303163 21000 
40.309338 21250 
40.321536 21250 
40.327707 21500 
40.333863 21750 
40.340030 22000 
40.352256 22000 
40.358418 22250 
40.364574 22500 
40.370749 22750 
40.376920 22750 
40.383093 23000 
40.389272 23250 
40.395451 23500 
40.401617 23750 
40.407798 23750 
40.413971 24000 
40.420141 24250 
40.426296 24500 
40.432471 24750 
40.438647 24750 
40.444821 25000 
40.458050 25250 
40.465228 25500 
40.472413 25500 
40.479598 25750 
40.493830 26000 
40.501005 26000 
40.508178 26250 
40.515363 26500 
40.522537 26750 
40.536762 26750 
40.543929 27000 
40.551086 27250 
40.558270 27250 
40.565436 27500 
40.579659 27750 
40.586831 27750 
40.594005 28000 
40.601181 28250 
40.616403 28250 
40.624575 28500 
40.632745 28750 
40.648977 28750 
40.657151 29000 
40.665321 29250 
40.673478 29500 
40.681654 29500 
40.689818 29750 
40.706035 29750 
40.714210 30000 
40.722383 30250 
40.730567 30500 
40.739742 30500 
40.748915 30750 
40.758086 31000 
40.767244 31000 
40.776417 31250 
40.785580 31500 
40.803811 31500 
40.812984 31750 
40.822154 32000 
40.831329 32000 
40.840510 32250 
40.849679 32500 
40.859838 32500 
40.869998 32750 
40.880162 33000 
40.890322 33000 
40.900496 33250 
40.910659 33500 
40.920819 33500 
40.930985 33750 
40.941148 34000 
40.952308 34000 
40.963475 34250 
40.974645 34500 
40.985821 34500 
40.996987 34750 
41.008157 34750 
41.019340 35000 
41.031504 35250 
41.043664 35250 
41.055830 35500 
41.068001 35500 
41.080174 35750 
41.092337 36000 
41.104496 36000 
41.117660 36250 
41.130836 36250 
41.144009 36500 
41.157188 36500 
41.170362 36750 
41.184533 37000 
41.198692 37000 
41.212864 37250 
41.227049 37250 
41.241223 37500 
41.256400 37500 
41.271574 37750 
41.286751 37750 
41.301924 38000 
41.318103 38000 
41.334281 38250 
41.350466 38250 
41.366627 38250 
41.383785 38500 
41.400962 38500 
41.418137 38750 
41.436314 38750 
41.454480 39000 
41.491704 38750 
41.510871 39000 
41.530063 39000 
41.549222 39000 
41.569384 39250 
41.589569 39250 
41.610744 39250 
41.631900 39500 
41.654080 39500 
41.676247 39500 
41.699404 39500 
41.722564 39750 
41.746723 39750 
41.771047 40000 
41.796124 39854 
41.822292 39854 
41.848460 39854 
41.875624 39854 
41.903782 40000 
41.932944 40000 
41.963100 40000 
41.994282 40000 
42.026585 40000 
42.059672 39952 
42.093825 39952 
42.129006 39952 
42.165180 39952 
42.203363 39952 
42.242547 39702 
42.283732 39702 
42.326888 39452 
42.372064 39452 
42.419253 39202 
42.468427 39202 
42.520593 38952 
42.575795 38702 
42.633966 38452 
42.696131 38202 
42.762293 37952 
42.832485 37702 
42.908864 37452 
42.990900 36784 
43.081069 36284 
43.179373 36034 
43.288443 35236 
43.411603 34486 
43.551783 33736 
43.714967 32486 
43.910148 31236 
44.153331 29486 
44.474555 27236 
44.947954 23736 
45.848120 16900 
46.261389 13982 
47.161528 6732 
47.634728 3232 
47.955902 732 
48.199066 250 
48.394227 250 
48.557409 250 
48.697592 250 
48.820761 250 
48.929945 250 
49.028130 250 
49.118311 250 
49.200493 250 
49.276676 250 
49.346855 250 
49.413040 250 
49.475221 250 
49.533402 250 
49.588577 250 
49.640733 250 
49.689915 250 
49.737081 250 
49.782237 250 
49.825405 250 
49.866573 250 
49.905732 250 
49.943895 250 
49.980075 250 
50.015243 250 
50.049407 250 
50.115622 250 
50.147804 250 
50.178981 250 
50.209131 250 
50.238284 250 
50.266447 250 
50.320664 250 
50.346828 250 
50.398042 250 
50.423217 500 
50.447383 500 
50.471567 500 
50.494747 500 
50.517932 500 
50.540113 750 
50.583334 500 
50.604508 750 
50.625677 750 
50.645854 750 
50.666006 750 
50.685163 1000 
50.723384 1000 
50.742545 1000 
50.760726 1000 
50.778907 1250 
50.797088 1250 
50.814271 1500 
50.848493 1250 
50.865678 1500 
50.881839 1500 
50.898014 1750 
50.930233 1750 
50.946416 1750 
50.961591 2000 
50.976755 2000 
50.991935 2250 
51.021153 2250 
51.035337 2250 
51.049540 2500 
51.077774 2500 
51.091949 2500 
51.106102 2750 
51.119284 2750 
51.132466 3000 
51.145645 3000 
51.158806 3250 
51.171988 3500 
51.197216 3500 
51.209396 3500 
51.221566 3750 
51.246857 3750 
51.259011 4000 
51.271169 4000 
51.283327 4250 
51.294485 4500 
51.316698 4500 
51.338916 4500 
51.350078 4750 
51.361237 4750 
51.372395 5000 
51.393607 5000 
51.403765 5250 
51.423978 5250 
51.444189 5500 
51.454348 5500 
51.464506 5750 
51.484722 5750 
51.504935 6000 
51.525153 6000 
51.544366 6000 
51.563576 6250 
51.582794 6250 
51.591948 6500 
51.610171 6500 
51.628385 6500 
51.637535 6750 
51.655754 6750 
51.673954 7000 
51.692162 7000 
51.701310 7250 
51.719518 7250 
51.728678 7500 
51.736826 7750 
51.753032 7750 
51.769254 8000 
51.785461 8000 
51.801692 8250 
51.809844 8250 
51.818014 8500 
51.834231 8750 
51.850446 8750 
51.866662 8750 
51.882885 9000 
51.899110 9000 
51.915335 9250 
51.930565 9250 
51.937741 9500 
51.944903 9750 
51.959120 9750 
51.966282 10000 
51.980490 10250 
51.994699 10250 
52.008915 10500 
52.023123 10500 
52.037332 10750 
52.051541 10750 
52.058719 11000 
52.072935 11250 
52.087152 11250 
52.094331 11500 
52.108556 11500 
52.122773 11750 
52.135994 11750 
52.149203 12000 
52.162411 12250 
52.175619 12250 
52.181772 12500 
52.187920 12750 
52.200126 12750 
52.212336 13000 
52.224567 13250 
52.230743 13250 
52.242949 13500 
52.255171 13750 
52.267392 13750 
52.279599 14000 
52.291811 14000 
52.304033 14250 
52.316250 14250 
52.322429 14500 
52.334652 14750 
52.346877 14750 
52.359085 15000 
52.371309 15250 
52.383535 15250 
52.389711 15500 
52.395881 15750 
52.407100 15750 
52.418308 16000 
52.429524 16250 
52.440750 16250 
52.445928 16500 
52.456153 16750 
52.466370 16750 
52.476578 17000 
52.486799 17250 
52.497017 17250 
52.507226 17500 
52.517434 17750 
52.527651 17750 
52.537857 18000 
52.548080 18250 
52.558298 18250 
52.563465 18500 
52.573671 18750 
52.578840 19000 
52.589058 19000 
52.599265 19250 
52.609490 19500 
52.619715 19500 
52.629921 19750 
52.640129 20000 
52.650329 20000 
52.660533 20250 
52.670747 20500 
52.680966 20500 
52.686121 20750 
52.696338 21000 
52.706563 21000 
52.716787 21250 
52.727022 21500 
52.732178 21750 
52.742397 21750 
52.752604 22000 
52.762827 22250 
52.773044 22250 
52.783250 22500 
52.793473 22750 
52.803689 22750 
52.808854 23000 
52.819077 23250 
52.829294 23250 
52.839518 23500 
52.849725 23750 
52.854880 24000 
52.865084 24000 
52.870240 24250 
52.880457 24500 
52.890632 24500 
52.901854 24750 
52.913079 25000 
52.924297 25000 
52.930461 25250 
52.942670 25500 
52.954889 25500 
52.967096 25750 
52.979320 25750 
52.991543 26000 
53.003765 26250 
53.015982 26250 
53.028188 26500 
53.040413 26500 
53.046585 26750 
53.058791 27000 
53.071016 27000 
53.083240 27250 
53.095451 27500 
53.107627 27500 
53.119837 27750 
53.132053 27750 
53.144262 28000 
53.156475 28000 
53.162638 28250 
53.175849 28500 
53.189064 28500 
53.202280 28750 
53.215497 29000 
53.228728 29000 
53.235882 29250 
53.250097 29250 
53.264318 29500 
53.278549 29500 
53.285724 29750 
53.299946 30000 
53.314163 30000 
53.328370 30250 
53.342579 30250 
53.356800 30500 
53.371017 30500 
53.385241 30750 
53.399511 31000 
53.406666 31032 
53.421790 31282 
53.436922 31282 
53.445095 31532 
53.461303 31532 
53.477547 31782 
53.493775 31782 
53.501951 32032 
53.518183 32032 
53.534384 32282 
53.550594 32282 
53.558773 32532 
53.574989 32782 
53.592214 32782 
53.609438 32782 
53.626655 33032 
53.643863 33032 
53.661090 33282 
53.678315 33282 
53.687465 33532 
53.705671 33532 
53.714839 33782 
53.733074 33782 
53.742243 34032 
53.760474 34032 
53.779674 34282 
53.798881 34282 
53.809029 34532 
53.829238 34532 
53.849455 34532 
53.859641 34782 
53.879858 34782 
53.900075 35032 
53.920296 35032 
53.930444 35282 
53.951634 35282 
53.972842 35282 
53.984022 35532 
54.006241 35532 
54.017433 35782 
54.039817 36032 
54.050887 36162 
54.063043 36162 
54.075199 36412 
54.099418 36412 
54.111592 36662 
54.135805 36662 
54.147993 36662 
54.173211 36912 
54.198421 36912 
54.211577 36912 
54.237797 36912 
54.250975 37162 
54.264149 37412 
54.291381 37412 
54.305572 37412 
54.319744 37662 
54.347977 37662 
54.362147 37662 
54.377314 37912 
54.407551 37912 
54.422820 38162 
54.437919 38340 
54.454095 38340 
54.470263 38590 
54.502500 38590 
54.518671 38590 
54.535842 38590 
54.553001 38840 
54.570180 38840 
54.588354 39090 
54.624637 39090 
54.661854 38840 
54.681011 39090 
54.719226 38840 
54.738392 39090 
54.758571 39090 
54.778748 39090 
54.799907 39340 
54.843140 39090 
54.865309 39340 
54.909492 39090 
54.932803 39340 
54.955892 39244 
54.980050 39494 
55.029260 39244 
55.054420 39244 
55.080588 39244 
55.106771 39244 
55.159989 39244 
55.188156 39244 
55.246379 38994 
55.276544 38994 
55.338764 38744 
55.370943 38744 
55.404108 38744 
55.472363 38244 
55.507548 38244 
55.543717 38244 
55.581929 38244 
55.621125 37994 
55.662307 37994 
55.705641 38244 
55.750747 37850 
55.797938 37600 
55.847103 37600 
55.899261 37350 
55.954538 37350 
56.012650 37052 
56.074819 36802 
56.140985 36552 
56.211154 36302 
56.287323 35802 
56.369488 35302 
56.459781 35052 
56.557870 34456 
56.667104 34456 
56.790307 33206 
56.930482 32456 
57.093648 31206 
57.288835 30706 
57.532020 28956 
57.853195 26456 
58.326371 22706 
59.226564 16206 
59.639794 12956 
60.539986 5706 
61.013185 2206 
61.334357 250 
61.577540 250 
61.772729 250 
61.935916 250 
62.076120 250 
62.199315 250 
62.308499 250 
62.406682 250 
62.496863 250 
62.579045 250 
62.655226 250 
62.801459 250 
62.867636 250 
62.929816 250 
63.047053 250 
63.161278 250 
63.213450 250 
63.262617 250 
63.309793 250 
63.400021 250 
63.488239 250 
63.529405 250 
63.608621 250 
63.685838 250 
63.762065 250 
63.797237 250 
63.865464 250 
63.932694 250 
63.998946 250 
64.030107 250 
64.091315 250 
64.120499 250 
64.148683 250 
64.175864 250 
64.229085 250 
64.281314 250 
64.306486 250 
64.330650 250 
64.377884 250 
64.425101 250 
64.448275 250 
64.470457 250 
64.513685 250 
64.556916 250 
64.599138 250 
64.619320 250 
64.658553 250 
64.697757 250 
64.716921 250 
64.736086 250 
64.773312 250 
64.791470 500 
64.826698 250 
64.843862 500 
64.878087 500 
64.911297 500 
64.944519 500 
64.977737 250 
64.993904 500 
65.025135 500 
65.056352 500 
65.087576 500 
65.118802 500 
65.133972 500 
65.163190 500 
65.192405 500 
65.221621 500 
65.235801 750 
65.263034 750 
65.276197 750 
65.302407 1000 
65.328637 1000 
65.354857 1000 
65.368030 1000 
65.393239 1250 
65.418448 1250 
65.443673 1250 
65.468897 1250 
65.494114 1250 
65.519330 1250 
65.543539 1500 
65.567757 1500 
65.591976 1500 
65.603155 1750 
65.625387 1750 
65.647610 1750 
65.669833 1750 
65.680999 2000 
65.702225 2000 
65.712399 2250 
65.732639 2250 
65.752857 2500 
65.763040 2500 
65.783251 2750 
65.803466 2750 
65.823665 2750 
65.833821 3000 
65.853039 3000 
65.872266 3250 
65.891487 3250 
65.910721 3250 
65.929976 3500 
65.949189 3500 
65.968408 3500 
65.987673 3750 
66.006915 3750 
66.026150 3750 
66.045371 4000 
66.063608 4000 
66.081830 4250 
66.100071 4250 
66.118285 4250 
66.136507 4500 
66.154743 4500 
66.172978 4750 
66.191219 4750 
66.209439 4750 
66.227670 5000 
66.245904 5000 
66.254087 5250 
66.270319 5250 
66.285524 5500 
66.300741 5500 
66.315949 5750 
66.331160 5750 
66.346378 6000 
66.361587 6000 
66.368757 6250 
66.382983 6500 
66.397215 6500 
66.411432 6750 
66.425644 6750 
66.439851 7000 
66.454062 7000 
66.468271 7250 
66.482489 7250 
66.496704 7500 
66.510941 7500 
66.525155 7750 
66.538381 7750 
66.551605 8000 
66.564820 8250 
66.578047 8250 
66.591254 8500 
66.604470 8500 
66.617691 8750 
66.630905 8750 
66.644121 9000 
66.657337 9000 
66.670554 9250 
66.683769 9500 
66.696987 9500 
66.710197 9750 
66.723414 9750 
66.736628 10000 
66.749846 10000 
66.763052 10250 
66.776269 10250 
66.789485 10500 
66.802707 10750 
66.815922 10750 
66.822094 11000 
66.834318 11250 
66.845536 11250 
66.856762 11500 
66.867998 11500 
66.879240 11750 
66.890474 12000 
66.901706 12000 
66.906860 12250 
66.917094 12500 
66.927308 12500 
66.937544 12750 
66.947777 13000 
66.958003 13000 
66.968221 13250 
66.978438 13500 
66.988650 13500 
66.998856 13750 
67.009072 14000 
67.019294 14000 
67.029516 14250 
67.039724 14500 
67.049947 14500 
67.060155 14750 
67.070372 15000 
67.080594 15000 
67.090802 15250 
67.101019 15500 
67.111237 15500 
67.121446 15750 
67.131677 16000 
67.141894 16000 
67.152109 16250 
67.162318 16500 
67.172543 16500 
67.181756 16750 
67.190961 17000 
67.200179 17000 
67.209393 17250 
67.218629 17500 
67.227844 17500 
67.237063 17750 
67.246296 18000 
67.255503 18250 
67.264722 18250 
67.273936 18500 
67.283153 18750 
67.292366 18750 
67.301571 19000 
67.310791 19250 
67.320002 19250 
67.329218 19500 
67.338433 19750 
67.347667 19750 
67.356902 20000 
67.366114 20250 
67.375329 20500 
67.384540 20500 
67.393753 20750 
67.402967 21000 
67.412198 21000 
67.416351 21250 
67.424546 21500 
67.432744 21750 
67.440969 21750 
67.449180 22000 
67.457383 22250 
67.465614 22500 
67.469770 22500 
67.477985 22750 
67.486185 23000 
67.494400 23250 
67.502610 23250 
67.510816 23500 
67.519041 23750 
67.528264 23750 
67.537465 24000 
67.546679 24250 
67.555896 24250 
67.565097 24500 
67.574296 24750 
67.583510 25000 
67.592719 25000 
67.601915 25250 
67.611123 25500 
67.620349 25500 
67.629525 25750 
67.638724 26000 
67.647939 26000 
67.657140 26250 
67.666349 26500 
67.675554 26750 
67.684777 26750 
67.693983 27000 
67.703183 27250 
67.712399 27250 
67.721604 27500 
67.730807 27750 
67.740032 27750 
67.749249 28000 
67.754407 28250 
67.764616 28500 
67.774838 28500 
67.785052 28750 
67.795270 29000 
67.805480 29000 
67.815708 29250 
67.825925 29250 
67.837140 29500 
67.848363 29750 
67.859538 29750 
67.870744 30000 
67.881961 30250 
67.893185 30250 
67.904395 30500 
67.915711 30750 
67.921778 30906 
67.927956 31156 
67.940190 31406 
67.952426 31406 
67.964663 31656 
67.976885 31656 
67.989104 31906 
68.001323 32156 
68.013540 32156 
68.025758 32406 
68.037989 32406 
68.050223 32656 
68.062457 32906 
68.074693 32906 
68.086929 33156 
68.099163 33156 
68.112395 33406 
68.125607 33656 
68.138820 33656 
68.152029 33906 
68.165244 33906 
68.178454 34156 
68.191670 34156 
68.204895 34406 
68.218106 34406 
68.231313 34656 
68.244537 34906 
68.251715 34906 
68.265937 35156 
68.280163 35156 
68.294378 35406 
68.308611 35406 
68.315774 35656 
68.329988 35906 
68.345215 35906 
68.360440 36156 
68.375666 36156 
68.390890 36406 
68.406106 36406 
68.421315 36656 
68.436541 36656 
68.444704 36906 
68.460929 36906 
68.477161 37156 
68.493395 37156 
68.509609 37406 
68.525818 37406 
68.543026 37656 
68.560316 37906 
68.569462 38036 
68.587648 38036 
68.605833 38036 
68.624017 38286 
68.642205 38286 
68.660392 38536 
68.678576 38536 
68.696764 38536 
68.714961 38786 
68.733162 38786 
68.752352 39036 
68.762516 39036 
68.782732 39286 
68.802951 39286 
68.823171 39286 
68.833326 39536 
68.853566 39536 
68.873794 39786 
68.894013 39786 
68.915252 39786 
68.936547 40000 
68.947683 40000 
68.958852 40000 
68.981079 40000 
69.003301 40000 
69.025525 40000 
69.048757 40000 
69.060938 40000 
69.085170 40000 
69.109387 40000 
69.121539 40000 
69.145754 40000 
69.157923 40000 
69.183132 40000 
69.208364 40000 
69.233579 40000 
69.258797 40000 
69.271965 40000 
69.299182 40000 
69.326448 40000 
69.340585 40000 
69.368728 40000 
69.396867 40000 
69.426007 40000 
69.455148 40000 
69.484290 40000 
69.499456 40000 
69.530674 40000 
69.561886 40000 
69.593115 40000 
69.624333 40000 
69.656551 39750 
69.688765 39750 
69.721031 40000 
69.738236 40000 
69.773441 40000 
69.791602 40000 
69.828825 40000 
69.866099 40000 
69.885293 39750 
69.924515 39750 
69.963808 39750 
69.983920 39880 
70.025045 39630 
70.046208 39630 
70.089435 39630 
70.133645 39630 
70.156803 39630 
70.204021 39380 
70.251365 39630 
70.275499 39380 
70.300675 39380 
70.352033 39380 
70.378098 39308 
70.405258 39558 
70.461466 39308 
70.518680 39058 
70.548861 39058 
70.611097 38808 
70.643278 38808 
70.676448 38558 
70.744783 38558 
70.779890 38308 
70.816071 38308 
70.890401 38308 
70.929532 37808 
70.970698 37808 
71.013976 38058 
71.059129 37558 
71.106539 37558 
71.155638 37664 
71.207757 37164 
71.263025 37164 
71.321128 36664 
71.383384 36664 
71.449486 36164 
71.519782 36164 
71.595890 35414 
71.678151 35664 
71.768327 34914 
71.866489 34164 
71.975701 34414 
72.098880 33164 
72.239043 32164 
72.402230 31164 
72.597412 29664 
72.840600 27914 
73.161825 26664 
73.635011 22414 
74.535307 15914 
74.952492 12164 
75.852687 5664 
76.325872 1914 
76.647044 250 
76.890213 250 
77.085395 250 
77.420634 250 
77.560818 250 
77.684001 250 
77.905241 250 
78.003402 250 
78.183626 250 
78.357893 250 
78.434070 250 
78.576295 250 
78.714535 250 
78.848766 250 
78.906945 250 
79.017176 250 
79.124401 250 
79.229624 250 
79.332849 250 
79.378029 250 
79.464260 250 
79.548491 250 
79.631724 250 
79.712951 250 
79.793191 250 
79.828370 250 
79.896603 250 
79.963837 250 
80.030070 250 
80.095304 250 
80.125488 250 
80.183726 250 
80.240944 250 
80.297171 250 
80.323346 250 
80.374564 250 
80.424783 250 
80.475010 250 
80.524234 250 
80.573479 250 
80.621728 250 
80.669964 250 
80.717189 250 
80.764414 250 
80.785580 500 
80.826819 250 
80.847000 250 
80.886242 250 
80.925469 250 
80.963703 250 
81.001928 250 
81.040176 250 
81.058346 250 
81.075534 500 
81.109772 500 
81.143015 500 
81.176269 250 
81.209515 250 
81.242754 250 
81.274996 250 
81.290166 500 
81.320401 500 
81.350622 500 
81.379839 500 
81.409056 500 
81.438274 500 
81.467491 500 
81.496724 500 
81.524954 500 
81.553157 500 
81.581368 500 
81.609602 500 
81.637818 500 
81.665038 500 
81.692257 500 
81.719474 500 
81.746699 500 
81.773919 750 
81.786075 750 
81.810295 750 
81.833530 1000 
81.856746 1000 
81.867915 1000 
81.890142 1250 
81.912361 1250 
81.934573 1250 
81.956798 1250 
81.978019 1500 
81.999231 1500 
82.020461 1500 
82.041689 1750 
82.062924 1750 
82.084137 1750 
82.105364 2000 
82.126583 2000 
82.147803 2000 
82.168025 2000 
82.188225 2250 
82.208434 2250 
82.228670 2250 
82.248909 2500 
82.269148 2500 
82.278325 2750 
82.296557 2750 
82.314790 3000 
82.333014 3000 
82.351228 3000 
82.369451 3250 
82.386684 3250 
82.403915 3500 
82.421126 3500 
82.438364 3500 
82.455591 3750 
82.472829 3750 
82.490052 4000 
82.507289 4000 
82.524503 4250 
82.541713 4250 
82.549879 4500 
82.566117 4500 
82.582342 4750 
82.597536 4750 
82.612765 5000 
82.627998 5000 
82.643234 5250 
82.658467 5250 
82.673702 5500 
82.688935 5500 
82.704165 5750 
82.719398 5750 
82.734625 6000 
82.749849 6000 
82.765072 6250 
82.780302 6250 
82.795541 6500 
82.810775 6500 
82.826013 6500 
82.841244 6750 
82.856481 6750 
82.870720 7000 
82.884950 7250 
82.899181 7250 
82.913402 7500 
82.927619 7500 
82.941841 7750 
82.956068 7750 
82.970291 8000 
82.984521 8000 
82.998733 8250 
83.012949 8250 
83.027162 8500 
83.041427 8500 
83.055656 8750 
83.069886 8750 
83.084104 9000 
83.098321 9000 
83.112538 9250 
83.126768 9250 
83.140985 9500 
83.155220 9750 
83.169455 9750 
83.183674 10000 
83.197891 10000 
83.211099 10250 
83.224323 10250 
83.237537 10500 
83.250757 10500 
83.263970 10750 
83.277139 10750 
83.290348 11000 
83.303559 11250 
83.316780 11250 
83.321966 11500 
83.332200 11750 
83.342411 11750 
83.352643 12000 
83.362861 12250 
83.373072 12250 
83.383290 12500 
83.393529 12750 
83.403740 12750 
83.413973 13000 
83.424207 13250 
83.434419 13250 
83.444650 13500 
83.454883 13750 
83.465118 13750 
83.475335 14000 
83.485536 14250 
83.495747 14250 
83.505964 14500 
83.516199 14500 
83.526419 14750 
83.536630 15000 
83.546842 15000 
83.557052 15250 
83.566276 15500 
83.575485 15750 
83.584703 15750 
83.593928 16000 
83.603137 16250 
83.612357 16250 
83.621572 16500 
83.630770 16750 
83.639980 16750 
83.649198 17000 
83.658399 17250 
83.667618 17250 
83.676850 17500 
83.686055 17750 
83.695275 18000 
83.704509 18000 
83.713724 18250 
83.722947 18500 
83.732181 18500 
83.741392 18750 
83.750601 19000 
83.759821 19000 
83.764001 19250 
83.772227 19500 
83.780429 19750 
83.788648 19750 
83.796866 20000 
83.805089 20250 
83.813308 20500 
83.821565 20500 
83.829779 20750 
83.838004 21000 
83.846224 21000 
83.854448 21250 
83.862682 21500 
83.870908 21750 
83.879118 21750 
83.887335 22000 
83.895544 22250 
83.903747 22500 
83.911965 22500 
83.920196 22750 
83.928429 23000 
83.936649 23000 
83.944881 23250 
83.953091 23500 
83.961318 23750 
83.969537 23750 
83.977760 24000 
83.985973 24250 
83.994209 24500 
84.002438 24500 
84.010662 24750 
84.018879 25000 
84.028175 25250 
84.033294 25268 
84.043444 25518 
84.053598 25768 
84.063732 25768 
84.073872 26018 
84.084023 26268 
84.094178 26268 
84.104320 26518 
84.114453 26768 
84.124586 26768 
84.134719 27018 
84.144862 27268 
84.155017 27268 
84.165166 27518 
84.175309 27768 
84.185465 27768 
84.195626 28018 
84.205762 28018 
84.215917 28268 
84.226066 28518 
84.236217 28518 
84.246371 28768 
84.256513 29018 
84.266657 29018 
84.271815 29268 
84.282025 29518 
84.292244 29768 
84.302462 29768 
84.312678 30018 
84.322902 30268 
84.333121 30268 
84.343340 30518 
84.354565 30768 
84.365790 30768 
84.377015 31018 
84.388234 31018 
84.399453 31268 
84.410634 31518 
84.421853 31518 
84.428026 31768 
84.440238 32018 
84.452444 32018 
84.464671 32268 
84.476883 32268 
84.489096 32518 
84.501308 32768 
84.513518 32768 
84.525736 33018 
84.538073 33268 
84.544146 33422 
84.556240 33672 
84.568335 33672 
84.580430 33922 
84.592523 34172 
84.604611 34172 
84.616697 34422 
84.629785 34422 
84.642878 34672 
84.655988 34672 
84.669096 34922 
84.682198 35172 
84.695294 35172 
84.708389 35422 
84.721483 35422 
84.734599 35672 
84.747691 35672 
84.760794 35922 
84.767973 36172 
84.782199 36172 
84.796418 36422 
84.810645 36422 
84.824867 36672 
84.839094 36672 
84.853311 36922 
84.868545 36922 
84.883764 37172 
84.898983 37172 
84.914201 37422 
84.929443 37422 
84.937617 37672 
84.953828 37922 
84.970043 37922 
84.986256 37922 
85.002473 38172 
85.018703 38172 
85.034920 38422 
85.051288 38672 
85.059379 38826 
85.076495 38826 
85.093604 39076 
85.110698 39076 
85.127792 39326 
85.144879 39326 
85.161975 39576 
85.179085 39576 
85.196188 39576 
85.213289 39826 
85.230384 39826 
85.247485 40000 
85.265594 40000 
85.275741 40000 
85.295950 40000 
85.316168 40000 
85.336386 40000 
85.356596 40000 
85.376803 40000 
85.397020 40000 
85.417230 40000 
85.438561 40000 
85.449650 40000 
85.460828 40000 
85.483057 40000 
85.505266 40000 
85.527485 40000 
85.549696 40000 
85.572906 40000 
85.596133 40000 
85.619359 40000 
85.642584 40000 
85.665808 40000 
85.689040 40000 
85.712251 40000 
85.736485 40000 
85.760702 40000 
85.784921 40000 
85.798080 40000 
85.824291 40000 
85.851506 40000 
85.878723 40000 
85.892901 40000 
85.921121 40000 
85.949466 40000 
85.963559 40000 
85.978719 40000 
86.008930 40000 
86.039144 40000 
86.070356 40000 
86.101539 40000 
86.132766 40000 
86.164003 40000 
86.196238 40000 
86.228475 40000 
86.260708 40000 
86.293937 40000 
86.312120 40000 
86.348362 40000 
86.366517 40000 
86.403720 40000 
86.440933 40000 
86.479180 40000 
86.499356 40000 
86.540586 40000 
86.581973 40000 
86.603013 40000 
86.646070 39750 
86.690136 39750 
86.734202 39500 
86.779265 39500 
86.803441 39500 
86.852785 39500 
86.877888 39452 
86.904070 39702 
86.957300 39452 
87.011554 39202 
87.039751 39202 
87.068917 39202 
87.129133 38952 
87.190348 38702 
87.252663 38702 
87.285786 38452 
87.319953 38452 
87.390287 38452 
87.426417 37952 
87.501632 37952 
87.540757 37452 
87.621008 37452 
87.664148 37058 
87.709321 37058 
87.803672 37058 
87.852841 36308 
87.905130 36558 
87.960272 35808 
88.077554 36058 
88.139682 35308 
88.271800 34558 
88.341967 34308 
88.494183 33308 
88.654491 32308 
88.744592 31558 
88.932717 31058 
89.041886 30308 
89.291097 28558 
89.431278 27558 
89.766526 25058 
89.961731 23808 
90.204926 22058 
90.921159 16308 
91.394329 13308 
91.715503 10808 
91.958687 9058 
92.153873 7808 
92.512100 5058 
92.652263 4058 
92.775463 3308 
92.884654 2558 
93.083893 1308 
93.275118 250 
93.357285 250 
93.509500 250 
93.657735 250 
93.801958 250 
93.942180 250 
94.079358 250 
94.213578 250 
94.344796 250 
94.393956 250 
94.488168 250 
94.580379 250 
94.670588 250 
94.758807 250 
94.846028 250 
94.884194 250 
94.957417 250 
95.029639 250 
95.100857 250 
95.171078 250 
95.240295 250 
95.308516 250 
95.375736 250 
95.441954 250 
95.507169 250 
95.571387 250 
95.635608 250 
95.661760 250 
95.711969 250 
95.762182 250 
95.811395 250 
95.834554 250 
95.879767 250 
95.924988 250 
95.969207 250 
96.013427 250 
96.056647 250 
96.099867 250 
96.142083 250 
96.184311 250 
96.226531 250 
96.267743 250 
96.308971 250 
96.327129 250 
96.362348 250 
96.397579 250 
96.432800 250 
96.467037 250 
96.501271 250 
96.535508 250 
96.569735 250 
96.602964 250 
96.636175 250 
96.669391 250 
96.702606 250 
96.734818 250 
96.767039 250 
96.799260 250 
96.831479 250 
96.863696 250 
96.894915 250 
96.926132 250 
96.957350 250 
96.988570 250 
97.019785 250 
97.050004 250 
97.080223 250 
97.110443 250 
97.140662 250 
97.170880 250 
97.201099 250 
97.231318 250 
97.260537 250 
97.289758 250 
97.318974 250 
97.348190 250 
97.377402 250 
97.406615 250 
97.435826 250 
97.464033 500 
97.492238 500 
97.520448 500 
97.548661 500 
97.576880 500 
97.605102 500 
97.633324 500 
97.661544 500 
97.689766 500 
97.716983 500 
97.744202 500 
97.771419 500 
97.798639 500 
97.825847 500 
97.853090 750 
97.862275 750 
97.880490 1000 
97.898702 1000 
97.916909 1000 
97.935124 1250 
97.953339 1250 
97.970551 1500 
97.987764 1500 
98.004968 1750 
98.022184 1750 
98.039390 1750 
98.056602 2000 
98.073816 2000 
98.091023 2250 
98.108235 2250 
98.125463 2500 
98.142696 2500 
98.159906 2500 
98.177121 2750 
98.193343 2750 
98.209532 3000 
98.225743 3000 
98.241952 3250 
98.258166 3250 
98.274379 3500 
98.290597 3500 
98.306806 3500 
98.323017 3750 
98.339230 3750 
98.355441 4000 
98.371654 4000 
98.387867 4250 
98.404097 4250 
98.420309 4500 
98.436515 4500 
98.452726 4750 
98.468938 4750 
98.484147 5000 
98.499369 5000 
98.514582 5250 
98.529786 5250 
98.544995 5500 
98.560201 5500 
98.575414 5750 
98.590623 5750 
98.605831 5750 
98.621055 6000 
98.627222 6250 
98.639436 6250 
98.651631 6500 
98.663845 6750 
98.676058 6750 
98.688274 7000 
98.700490 7000 
98.712697 7250 
98.724910 7500 
98.737127 7500 
98.749341 7750 
98.761532 7750 
98.773738 8000 
98.785950 8000 
98.797161 8250 
98.808374 8500 
98.819587 8500 
98.830794 8750 
98.842008 9000 
98.853222 9000 
98.864430 9250 
98.875631 9250 
98.886847 9500 
98.898063 9750 
98.909278 9750 
98.920507 10000 
98.931722 10250 
98.942937 10250 
98.954132 10500 
98.965322 10750 
98.976538 10750 
98.987745 11000 
98.998960 11000 
99.010183 11250 
99.021395 11500 
99.032611 11500 
99.043823 11750 
99.055015 12000 
99.066232 12000 
99.077439 12250 
99.088656 12250 
99.099867 12500 
99.111076 12750 
99.122297 12750 
99.133534 13000 
99.144752 13250 
99.155967 13250 
99.166183 13500 
99.176399 13500 
99.186612 13750 
99.196828 14000 
99.207046 14000 
99.217260 14250 
99.227476 14500 
99.237691 14500 
99.248863 14750 
99.259079 15000 
99.269296 15000 
99.279515 15250 
99.289720 15500 
99.299934 15500 
99.310149 15750 
99.320356 16000 
99.330576 16000 
99.340788 16250 
99.350990 16500 
99.361207 16500 
99.371421 16750 
99.381627 17000 
99.391840 17000 
99.402055 17250 
99.412264 17500 
99.422481 17500 
99.432697 17750 
99.442905 18000 
99.453122 18000 
99.463338 18250 
99.473522 18500 
99.483738 18500 
99.493952 18750 
99.504160 19000 
99.514378 19000 
99.524593 19250 
99.534802 19500 
99.545018 19500 
99.555233 19750 
99.565441 20000 
99.575635 20000 
99.585844 20250 
99.596053 20250 
99.606269 20500 
99.616484 20750 
99.626690 20750 
99.636893 21000 
99.647086 21250 
99.657300 21250 
99.667515 21500 
99.677730 21750 
99.687948 21750 
99.698163 22000 
99.708378 22250 
99.718585 22250 
99.728798 22500 
99.739011 22750 
99.749251 22750 
99.759488 23000 
99.769694 23250 
99.779914 23250 
99.790120 23500 
99.800352 23750 
99.810574 23750 
99.820798 24000 
99.831030 24250 
99.841242 24250 
99.851451 24500 
99.861680 24750 
99.871889 24750 
99.882119 25000 
99.892327 25250 
99.902536 25250 
99.912745 25500 
99.922979 25750 
99.933225 25750 
99.943433 26000 
99.953650 26250 
99.963865 26250 
99.974065 26500 
99.984274 26750 
99.995484 26750 
100.006712 27000 
100.017930 27000 
100.029155 27250 
100.040370 27500 
100.051736 27750 
100.056816 27792 
100.066916 28042 
100.077010 28042 
100.087084 28292 
100.097159 28542 
100.107237 28542 
100.117305 28792 
100.127374 29042 
100.137458 29042 
100.147548 29292 
100.157613 29542 
100.167696 29542 
100.177763 29792 
100.187829 30042 
100.197913 30042 
100.207992 30292 
100.218067 30542 
100.228143 30542 
100.238221 30792 
100.248299 31042 
100.258376 31042 
100.268455 31292 
100.278494 31542 
100.288570 31542 
100.298648 31792 
100.308722 32042 
100.318902 32292 
100.324014 32494 
100.335125 32744 
100.346237 32744 
100.357345 32994 
100.368458 33244 
100.379571 33244 
100.390675 33494 
100.401787 33744 
100.412913 33744 
100.424024 33994 
100.435127 34244 
100.446247 34244 
100.457360 34494 
100.468473 34494 
100.479592 34744 
100.490695 34994 
100.501804 34994 
100.512908 35244 
100.523997 35494 
100.535111 35494 
100.546223 35744 
100.557334 35744 
100.568438 35994 
100.579551 36244 
100.591671 36244 
100.603776 36494 
100.615889 36494 
100.628001 36744 
100.640113 36994 
100.652226 36994 
100.664331 37244 
100.676443 37244 
100.688552 37494 
100.700663 37744 
100.712777 37744 
100.724881 37994 
100.736993 37994 
100.749105 38244 
100.761218 38494 
100.773330 38494 
100.785437 38744 
100.797540 38744 
100.810650 38994 
100.823755 39244 
100.836984 39494 
100.845092 39494 
100.861201 39494 
100.877308 39744 
100.893419 39744 
100.909531 39994 
100.925636 39994 
100.941740 40000 
100.957944 40000 
100.966053 40000 
100.982165 40000 
100.999276 40000 
101.016387 40000 
101.033502 40000 
101.050622 40000 
101.067733 40000 
101.084836 40000 
101.101942 40000 
101.119046 40000 
101.136157 40000 
101.153269 40000 
101.170383 40000 
101.187495 40000 
101.205595 40000 
101.223785 40000 
101.233900 40000 
101.254011 40000 
101.274127 40000 
101.294244 40000 
101.314356 40000 
101.334472 40000 
101.354642 40000 
101.364825 40000 
101.386037 40000 
101.407235 40000 
101.428432 40000 
101.449633 40000 
101.470889 40000 
101.482065 40000 
101.505260 40000 
101.528450 40000 
101.551648 40000 
101.574845 40000 
101.598042 40000 
101.621238 40000 
101.644435 40000 
101.668614 40000 
101.692802 40000 
101.716992 40000 
101.741232 40000 
101.754403 40000 
101.781600 40000 
101.808792 40000 
101.835991 40000 
101.863240 40000 
101.877429 39750 
101.906637 39750 
101.935836 39750 
101.965039 40000 
101.994304 40000 
102.009505 39750 
102.040741 39750 
102.071952 39750 
102.103317 40000 
102.119382 39880 
102.152459 39880 
102.185532 39880 
102.219613 39880 
102.253817 40000 
102.271942 39750 
102.290141 40000 
102.309304 40000 
102.328483 40000 
102.347660 40000 
102.367920 40000 
102.388062 39952 
102.409240 40000 
102.430421 40000 
102.452596 40000 
102.474768 40000 
102.520000 39750 
102.543166 39750 
102.567323 39750 
102.591495 40000 
102.616670 40000 
102.642934 40000 
102.669061 39750 
102.696230 39750 
102.724385 39750 
102.753598 40000 
102.783705 39928 
102.814897 39928 
102.878121 39678 
102.943335 39428 
103.009550 39178 
103.076791 38678 
103.146116 38678 
103.184258 38428 
103.223430 38428 
103.264737 38428 
103.307825 38332 
103.352995 38082 
103.400157 38082 
103.449319 37832 
103.501499 37582 
103.556679 37332 
103.614843 37332 
103.677126 37332 
103.743227 36582 
103.813492 36832 
103.889754 36082 
103.971830 35712 
104.062098 35462 
104.160305 34712 
104.269409 34164 
104.392590 33414 
104.532743 32414 
104.695957 31914 
104.891142 30664 
105.134300 28914 
105.850492 23164 
106.323643 19414 
107.269888 12664 
107.743055 8914 
108.064231 6414 
108.580464 2414 
108.775694 1164 
108.938804 250 
109.224943 250 
109.497087 250 
109.758215 250 
110.011355 250 
110.256491 250 
110.495627 250 
110.728766 250 
110.957905 250 
111.183047 250 
111.404192 250 
111.622326 250 
111.837464 250 
112.049611 250 
112.259752 250 
112.467865 250 
112.674004 250 
112.878144 250 
113.080278 250 
113.281411 250 
113.480531 250 
113.516698 250 
113.586922 250 
113.656158 250 
113.724388 250 
113.791603 250 
113.857817 250 
113.923032 250 
113.987245 250 
114.050482 250 
114.112696 250 
114.174911 250 
114.236126 250 
114.296355 250 
114.356582 250 
114.415803 250 
114.475027 250 
114.533243 250 
114.591456 250 
114.648670 250 
114.705885 250 
114.762102 250 
114.818330 250 
114.873578 250 
114.928825 250 
114.984062 250 
115.038304 250 
115.092541 250 
115.146770 250 
115.199991 250 
115.253204 250 
115.306441 250 
115.358676 250 
115.410912 250 
115.463143 250 
115.515353 250 
115.566567 250 
115.617784 250 
115.669004 250 
115.720215 250 
115.770427 250 
115.820640 250 
115.870853 250 
115.921066 250 
115.971276 250 
116.020489 250 
116.069697 250 
116.118912 250 
116.168131 250 
116.217367 250 
116.265604 250 
116.313838 250 
116.362073 250 
116.410309 250 
116.458546 250 
116.506780 250 
116.555001 250 
116.602243 250 
116.649501 250 
116.696756 250 
116.744000 250 
116.791232 250 
116.838464 250 
116.885672 250 
116.931884 250 
116.978098 250 
117.024310 250 
117.070532 250 
117.116751 250 
117.162970 250 
117.209184 250 
117.255402 250 
117.301614 250 
117.346825 250 
117.392039 250 
117.437254 250 
117.482496 250 
117.527732 250 
117.572967 250 
117.618202 250 
117.663435 250 
117.708669 250 
117.753903 250 
117.799141 250 
117.808321 250 
117.825562 500 
117.842780 500 
117.860010 750 
117.877236 750 
117.894450 1000 
117.911662 1000 
117.928875 1000 
117.946102 1250 
117.963333 1250 
117.980552 1500 
117.997764 1500 
118.014975 1750 
118.032189 1750 
118.048416 1750 
118.064663 2000 
118.080876 2000 
118.097089 2250 
118.113301 2250 
118.129533 2500 
118.145750 2500 
118.161957 2750 
118.178164 2750 
118.194376 3000 
118.210581 3000 
118.226791 3000 
118.242994 3250 
118.259206 3250 
118.275418 3500 
118.291631 3500 
118.307858 3750 
118.315017 4000 
118.328245 4000 
118.341465 4250 
118.354676 4250 
118.367886 4500 
118.381098 4500 
118.394302 4750 
118.407513 4750 
118.420715 5000 
118.433925 5250 
118.447137 5250 
118.460347 5500 
118.473538 5500 
118.486751 5750 
118.499963 5750 
118.513183 6000 
118.526403 6000 
118.539616 6250 
118.552826 6500 
118.566038 6500 
118.579258 6750 
118.592471 6750 
118.605682 7000 
118.618892 7000 
118.632111 7250 
118.644323 7500 
118.656535 7500 
118.668737 7750 
118.680964 7750 
118.693184 8000 
118.705397 8250 
118.717608 8250 
118.729809 8500 
118.742019 8500 
118.754231 8750 
118.766445 8750 
118.778657 9000 
118.790862 9250 
118.803084 9250 
118.815295 9500 
118.827508 9500 
118.839720 9750 
118.851926 10000 
118.864138 10000 
118.876350 10250 
118.888564 10250 
118.900774 10500 
118.912979 10750 
118.925192 10750 
118.937404 11000 
118.949615 11000 
118.961824 11250 
118.974030 11500 
118.986250 11500 
118.998462 11750 
119.010677 11750 
119.022888 12000 
119.035101 12250 
119.046313 12250 
119.057539 12500 
119.068750 12500 
119.079963 12750 
119.091174 13000 
119.102388 13000 
119.113598 13250 
119.124807 13500 
119.136021 13500 
119.147232 13750 
119.158438 13750 
119.169648 14000 
119.180865 14250 
119.192085 14250 
119.203297 14500 
119.214501 14750 
119.225712 14750 
119.236920 15000 
119.248127 15000 
119.259349 15250 
119.270561 15500 
119.281772 15500 
119.292981 15750 
119.304195 16000 
119.315416 16000 
119.326636 16250 
119.337852 16250 
119.349074 16500 
119.360286 16750 
119.371493 16750 
119.382705 17000 
119.393916 17250 
119.405132 17250 
119.416344 17500 
119.427557 17500 
119.438770 17750 
119.449981 18000 
119.461188 18000 
119.472400 18250 
119.483612 18500 
119.494834 18500 
119.506046 18750 
119.517271 18750 
119.528484 19000 
119.539696 19250 
119.550912 19250 
119.562124 19500 
119.573336 19750 
119.584542 19750 
119.595754 20000 
119.606964 20000 
119.618179 20250 
119.629391 20500 
119.640604 20500 
119.651817 20750 
119.663029 21000 
119.674236 21000 
119.685458 21250 
119.696635 21250 
119.707848 21500 
119.719061 21750 
119.730274 21750 
119.741497 22000 
119.752707 22250 
119.763926 22250 
119.775146 22500 
119.786367 22500 
119.797576 22750 
119.808799 23000 
119.820010 23000 
119.831227 23250 
119.842447 23500 
119.853657 23500 
119.864864 23750 
119.876076 23750 
119.887294 24000 
119.898505 24250 
119.909713 24250 
119.920915 24500 
119.932130 24750 
119.943365 24750 
119.954576 25000 
119.965793 25000 
119.976994 25250 
119.988216 25500 
119.999436 25500 
120.010658 25750 
120.021869 26000 
120.033080 26000 
120.044300 26250 
120.055512 26500 
120.066724 26500 
120.077934 26750 
120.089153 26750 
120.100363 27000 
120.111584 27250 
120.122798 27250 
120.134010 27500 
120.145230 27750 
120.156443 27750 
120.167665 28000 
120.179889 28000 
120.192090 28250 
120.204300 28500 
120.216513 28500 
120.228724 28750 
120.240960 28750 
120.253195 29000 
120.265437 29250 
120.277655 29250 
120.289874 29500 
120.302097 29500 
120.314332 29750 
120.326566 29750 
120.338787 30000 
120.351008 30250 
120.363245 30250 
120.375480 30500 
120.387701 30500 
120.399937 30750 
120.412173 31000 
120.424409 31000 
120.436631 31250 
120.448864 31250 
120.461083 31500 
120.473319 31750 
120.485530 31750 
120.497765 32000 
120.509997 32000 
120.522233 32250 
120.534469 32500 
120.546706 32500 
120.558942 32750 
120.571175 32750 
120.584395 33000 
120.597614 33000 
120.610824 33250 
120.624055 33500 
120.637277 33500 
120.650499 33750 
120.663733 33750 
120.676959 34000 
120.690181 34000 
120.703417 34250 
120.716743 34500 
120.722855 34600 
120.734967 34850 
120.747076 34850 
120.759174 35100 
120.771274 35350 
120.783374 35350 
120.795488 35600 
120.807590 35600 
120.819690 35850 
120.831804 36100 
120.843906 36100 
120.856020 36350 
120.868121 36350 
120.881236 36600 
120.894342 36850 
120.907440 36850 
120.920554 37100 
120.933653 37100 
120.946766 37350 
120.959870 37350 
120.972984 37600 
120.986075 37600 
120.999175 37850 
121.012275 38100 
121.025376 38100 
121.038490 38350 
121.051593 38350 
121.064691 38600 
121.077782 38600 
121.090870 38850 
121.103967 39100 
121.118175 39350 
121.126292 39350 
121.142459 39350 
121.158627 39600 
121.174784 39600 
121.190952 39850 
121.207107 39850 
121.223275 40000 
121.239570 40000 
121.247674 40000 
121.263777 40000 
121.279898 40000 
121.296007 40000 
121.313129 40000 
121.330250 40000 
121.347510 40000 
121.356558 40000 
121.374649 40000 
121.392746 40000 
121.410809 40000 
121.428880 40000 
121.446952 40000 
121.465022 40000 
121.483103 40000 
121.501322 40000 
121.510440 40000 
121.520661 40000 
121.540928 40000 
121.551111 40000 
121.571355 40000 
121.581528 40000 
121.601760 40000 
121.611920 40000 
121.632257 40000 
121.642360 40000 
121.653527 40000 
121.675744 40000 
121.697959 40000 
121.709110 40000 
121.731327 40000 
121.742597 40000 
121.753684 40000 
121.765833 40000 
121.790054 40000 
121.802212 40000 
121.826426 40000 
121.838592 40000 
121.850744 40000 
121.875962 40000 
121.889121 40000 
121.915340 40000 
121.928503 40000 
121.941650 40000 
121.968873 40000 
121.983033 40000 
122.011364 40000 
122.025457 40000 
122.039623 40000 
122.068878 40000 
122.084070 40000 
122.099241 40000 
122.129457 40000 
122.144621 40000 
122.160781 40000 
122.192997 40000 
122.225211 40000 
122.241374 40000 
122.258533 40000 
122.292763 40000 
122.309922 40000 
122.345134 40000 
122.363297 40000 
122.381457 40000 
122.418800 40000 
122.437911 39750 
122.457071 39750 
122.477235 40000 
122.497458 40000 
122.518796 40000 
122.539885 40000 
122.562062 40000 
122.584244 40000 
122.629475 40000 
122.675704 39750 
122.699872 39750 
122.749094 39750 
122.799316 39500 
122.849536 39250 
122.900761 39250 
122.928036 39500 
122.956166 39250 
122.985339 39250 
123.045686 39250 
123.076837 39000 
123.140955 38750 
123.206194 39000 
123.240361 38500 
123.275567 38500 
123.311748 38500 
123.349918 38500 
123.389077 38250 
123.430347 38500 
123.473466 38250 
123.518640 38000 
123.565919 38250 
123.615047 37750 
123.667369 37750 
123.722439 37284 
123.780616 37034 
123.842875 37284 
123.909020 36534 
123.979304 36784 
124.055575 36034 
124.137670 35462 
124.227843 34962 
124.326097 34712 
124.435224 33962 
124.558524 34212 
124.698634 32962 
124.861796 31712 
125.056973 30462 
125.300160 28712 
125.621326 26212 
126.094504 22462 
126.994701 15962 
127.411937 12712 
128.312126 5462 
128.785333 2712 
129.106509 250 
129.349680 250 
129.544848 250 
129.880069 250 
130.198288 250 
130.502530 250 
130.611708 250 
130.810926 250 
131.002138 250 
131.187356 250 
131.366587 250 
131.541806 250 
131.713027 250 
131.880253 250 
132.044462 250 
132.205678 250 
132.363888 250 
132.520101 250 
132.674316 250 
132.826555 250 
132.869709 250 
132.910872 250 
132.990090 250 
133.067307 250 
133.143524 66 
