0.000042 250 
0.090349 500 
0.122569 750 
0.141781 1000 
0.156016 1250 
0.167228 1500 
0.176429 1750 
0.183632 2000 
0.189810 2250 
0.195997 2500 
0.201207 2750 
0.206431 3000 
0.210611 3250 
0.214791 3500 
0.218977 3750 
0.222196 4000 
0.225426 4250 
0.228622 4500 
0.231785 4750 
0.234974 5000 
0.237224 5250 
0.239443 5500 
0.241596 5750 
0.243741 6000 
0.245951 6250 
0.248118 6500 
0.250259 6750 
0.252453 7000 
0.254666 7250 
0.256852 7500 
0.259018 7750 
0.261187 8000 
0.262389 8250 
0.263600 8500 
0.264805 8750 
0.265998 9000 
0.267223 9250 
0.268425 9500 
0.269602 9750 
0.270760 10000 
0.271933 10250 
0.273116 10500 
0.274276 10750 
0.275441 11000 
0.276645 11250 
0.277833 11500 
0.279052 11750 
0.280258 12000 
0.281426 12250 
0.282607 12500 
0.283778 12750 
0.284954 13000 
0.286122 13250 
0.287300 13500 
0.288474 13750 
0.289653 14000 
0.290851 14250 
0.292029 14500 
0.293246 14750 
0.294428 15000 
0.295630 15250 
0.296810 15500 
0.297984 15750 
0.299199 16000 
0.300415 16250 
0.301615 16500 
0.302790 16750 
0.303955 17000 
0.305113 17250 
0.306268 17500 
0.307450 17750 
0.308623 18000 
0.309808 18250 
0.310965 18500 
0.312159 18750 
0.313358 19000 
0.314564 19250 
0.315766 19500 
0.316937 19750 
0.318123 20000 
0.319338 20250 
0.320541 20500 
0.321708 20750 
0.322886 21000 
0.324054 21250 
0.325226 21500 
0.326396 21750 
0.327563 22000 
0.328760 22250 
0.329947 22500 
0.331179 22750 
0.332341 23000 
0.333512 23250 
0.334679 23500 
0.335841 23750 
0.337005 24000 
0.338163 24250 
0.339339 24500 
0.340506 24750 
0.341698 25000 
0.342908 25250 
0.344129 25500 
0.345303 25750 
0.346469 26000 
0.347662 26250 
0.348866 26500 
0.350034 26750 
0.351206 27000 
0.352399 27250 
0.353595 27500 
0.354791 27750 
0.355994 28000 
0.357218 28250 
0.358383 28500 
0.359551 28750 
0.360715 29000 
0.361872 29250 
0.363039 29500 
0.364205 29750 
0.365368 30000 
0.366532 30250 
0.367698 30500 
0.368868 30750 
0.370054 31000 
0.371214 31250 
0.372423 31500 
0.373589 31750 
0.374783 32000 
0.375966 32250 
0.377150 32500 
0.379336 32750 
0.381533 33000 
0.383704 33250 
0.385886 33500 
0.388064 33750 
0.390238 34000 
0.392417 34250 
0.394574 34500 
0.396739 34750 
0.398926 35000 
0.401112 35250 
0.403273 35500 
0.406460 35750 
0.409672 36000 
0.412855 36250 
0.416034 36500 
0.419203 36750 
0.423411 37000 
0.427537 37250 
0.431740 37500 
0.436940 37750 
0.442139 38000 
0.448352 38250 
0.454588 38500 
0.461787 38750 
0.471038 39000 
0.482249 39250 
0.496490 39500 
0.515712 39750 
0.547921 40000 
0.638106 40000 
0.728300 40000 
0.818545 40000 
0.908783 40000 
0.999027 40000 
1.089256 40000 
1.179498 40000 
1.269757 40000 
1.359933 40000 
1.450163 40000 
1.540377 40000 
1.630606 40000 
1.720831 40000 
1.810988 40000 
1.901159 39500 
1.991312 39000 
2.081474 38500 
2.171632 38000 
2.261790 37500 
2.351948 37000 
2.442125 36500 
2.532299 36000 
2.622476 35500 
2.712635 35000 
2.802793 34500 
2.892951 34000 
2.983109 33500 
3.073265 33000 
3.163420 32500 
3.253576 32000 
3.343744 31500 
3.433917 31000 
3.524098 30500 
3.948333 27000 
4.372568 23750 
4.796817 20500 
5.221050 17250 
5.645480 14500 
5.994773 11506 
6.113850 11684 
6.172988 10934 
6.212162 10934 
6.241325 10934 
6.264485 10934 
6.283642 11184 
6.299803 11184 
6.313952 11434 
6.326101 11434 
6.337264 11684 
6.347420 11684 
6.356580 11934 
6.364735 12184 
6.372891 12434 
6.380046 12434 
6.387206 12684 
6.393364 12934 
6.399509 13184 
6.405657 13434 
6.411803 13434 
6.416964 13684 
6.422111 13934 
6.427260 14184 
6.432401 14434 
6.437552 14434 
6.441719 14684 
6.445891 14934 
6.450044 15184 
6.454187 15434 
6.458342 15684 
6.462504 15934 
6.466659 16184 
6.470810 16184 
6.474963 16434 
6.479136 16684 
6.483290 16934 
6.486450 17184 
6.489587 17434 
6.492732 17684 
6.495868 17934 
6.499005 17934 
6.502144 18184 
6.505287 18434 
6.508430 18684 
6.511575 18934 
6.514723 19184 
6.517880 19434 
6.521043 19684 
6.524211 19934 
6.527362 19934 
6.530517 20184 
6.533659 20434 
6.536799 20684 
6.539947 20934 
6.543096 21184 
6.546243 21434 
6.549411 21684 
6.552565 21934 
6.555721 22184 
6.558882 22184 
6.562024 22434 
6.565163 22684 
6.568300 22934 
6.571441 23184 
6.574591 23434 
6.578745 23684 
6.582912 23934 
6.587048 24184 
6.591186 24184 
6.595321 24434 
6.599465 24684 
6.603622 24934 
6.607781 25184 
6.611936 25434 
6.616090 25684 
6.620244 25684 
6.625403 25934 
6.630542 26184 
6.635690 26434 
6.640849 26684 
6.645986 26934 
6.651131 26934 
6.657255 27184 
6.663409 27434 
6.669570 27684 
6.676729 27934 
6.683884 27934 
6.692022 28184 
6.700178 28434 
6.709332 28434 
6.719469 28684 
6.730626 28934 
6.742780 28934 
6.755928 29184 
6.771084 29184 
6.789241 29434 
6.810404 29434 
6.837555 29434 
6.874704 29434 
6.930991 29434 
7.053083 28516 
7.175253 27766 
7.297419 27016 
7.419621 26266 
7.541875 25516 
7.664151 24766 
7.786440 24016 
7.908959 23266 
8.031158 22324 
8.153366 21574 
8.275585 20824 
8.397839 20074 
8.520116 19324 
8.642421 18824 
8.764754 18074 
9.229126 15074 
9.474184 13584 
9.585348 13084 
9.649511 12584 
9.693674 12584 
9.726829 12584 
9.752991 12584 
9.775151 12584 
9.794308 12834 
9.810464 12834 
9.825618 13084 
9.838773 13084 
9.850923 13334 
9.862075 13334 
9.872229 13584 
9.881388 13834 
9.890550 13834 
9.898726 14084 
9.906919 14334 
9.914086 14584 
9.921254 14584 
9.928431 14834 
9.935608 15084 
9.941769 15334 
9.947920 15334 
9.954070 15584 
9.960235 15834 
9.966388 16084 
9.971553 16334 
9.976726 16584 
9.981877 16584 
9.987009 16834 
9.992140 17084 
9.997271 17334 
10.002422 17584 
10.007589 17584 
10.012767 17834 
10.017941 18084 
10.022106 18334 
10.026266 18584 
10.030411 18834 
10.034557 19084 
10.038707 19084 
10.042855 19334 
10.047033 19584 
10.051210 19834 
10.055379 20084 
10.059540 20334 
10.063713 20584 
10.067878 20584 
10.072047 20834 
10.076210 21084 
10.080382 21334 
10.084564 21584 
10.088732 21834 
10.092910 22084 
10.097085 22334 
10.102227 22334 
10.107403 22584 
10.112586 22834 
10.117759 23084 
10.127975 23084 
10.133142 23334 
10.138319 23584 
10.143495 23834 
10.148673 24084 
10.153841 24334 
10.158996 24334 
10.165174 24584 
10.171350 24834 
10.177526 25084 
10.183692 25334 
10.189860 25334 
10.197035 25584 
10.204203 25834 
10.211354 26084 
10.226576 26084 
10.234735 26334 
10.243890 26584 
10.253058 26584 
10.263219 26834 
10.273381 27084 
10.284547 27084 
10.296716 27334 
10.310890 27334 
10.326043 27584 
10.344221 27584 
10.364399 27834 
10.388580 27834 
10.418763 27834 
10.458948 27584 
10.518258 27584 
10.626355 26844 
11.247520 22594 
11.868688 17594 
12.489880 12844 
12.739055 10844 
12.828329 10594 
12.877436 10412 
12.910620 10412 
12.935810 10412 
12.955988 10412 
12.973169 10662 
12.987347 10662 
12.999520 10912 
13.010676 10912 
13.020854 11162 
13.030024 11412 
13.038175 11412 
13.046352 11662 
13.053521 11912 
13.060681 12162 
13.066855 12412 
13.073026 12412 
13.079187 12662 
13.084357 12912 
13.089522 13162 
13.094707 13412 
13.099884 13412 
13.105062 13662 
13.109238 13912 
13.113392 14162 
13.117557 14412 
13.121708 14662 
13.125858 14912 
13.130015 14912 
13.134181 15162 
13.138344 15412 
13.142507 15662 
13.145684 15912 
13.148847 16162 
13.152000 16412 
13.155153 16662 
13.158317 16662 
13.161492 16912 
13.164646 17162 
13.167799 17412 
13.170946 17662 
13.174091 17912 
13.177244 18162 
13.180415 18412 
13.183572 18662 
13.186732 18912 
13.189892 18912 
13.193044 19162 
13.196207 19412 
13.199376 19662 
13.202539 19912 
13.205684 20162 
13.208861 20412 
13.212026 20662 
13.215174 20912 
13.218329 20912 
13.221481 21162 
13.224644 21412 
13.227813 21662 
13.230976 21912 
13.234128 22162 
13.237281 22412 
13.243490 22662 
13.246654 22912 
13.249822 22912 
13.252974 23162 
13.256137 23412 
13.259306 23662 
13.262469 23912 
13.265638 24162 
13.268801 24412 
13.271971 24662 
13.275118 24912 
13.279273 24912 
13.283448 25162 
13.287598 25412 
13.291758 25662 
13.295912 25912 
13.300076 26162 
13.304242 26412 
13.308396 26412 
13.312573 26662 
13.317743 26912 
13.327962 27162 
13.333127 27412 
13.338328 27662 
13.343424 27816 
13.349580 28066 
13.355743 28316 
13.361903 28566 
13.369063 28566 
13.376224 28816 
13.384390 29066 
13.392546 29316 
13.401723 29316 
13.411892 29566 
13.423070 29816 
13.436248 29816 
13.451427 30066 
13.469607 30066 
13.491774 30066 
13.520954 30066 
13.562135 30066 
13.632320 29816 
13.876532 28816 
14.120700 26816 
14.364877 25066 
14.609049 23316 
14.853238 21566 
16.094019 12316 
17.334793 2066 
17.452974 1316 
17.490153 1316 
17.512341 1316 
17.527511 1566 
17.539668 1566 
17.548832 1816 
17.556999 2066 
17.564162 2316 
17.570333 2316 
17.575487 2566 
17.580650 2816 
17.584819 3066 
17.588987 3316 
17.593165 3566 
17.596335 3816 
17.599501 3816 
17.602678 4066 
17.605852 4316 
17.609019 4566 
17.611183 4816 
17.613364 5066 
17.615536 5316 
17.617706 5566 
17.619860 5816 
17.622020 6066 
17.624186 6316 
17.626350 6566 
17.628527 6566 
17.630690 6816 
17.632860 7066 
17.635023 7316 
17.636201 7566 
17.637357 7816 
17.638513 8066 
17.639675 8316 
17.640830 8566 
17.641983 8816 
17.643143 9066 
17.645342 9316 
17.646491 9566 
17.647638 9816 
17.649834 10066 
17.650987 10316 
17.652141 10566 
17.653306 10816 
17.654463 11066 
17.655624 11316 
17.656779 11566 
17.657932 11566 
17.659076 11816 
17.660231 12066 
17.661401 12316 
17.662573 12566 
17.663727 12816 
17.664882 13066 
17.666036 13316 
17.667198 13566 
17.668354 13816 
17.669518 14066 
17.671711 14316 
17.672865 14566 
17.674040 14816 
17.675205 15066 
17.677413 15316 
17.678560 15566 
17.680766 15816 
17.681928 16066 
17.683088 16316 
17.684234 16566 
17.686440 16816 
17.687594 16816 
17.688742 17066 
17.689886 17316 
17.691030 17566 
17.692193 17816 
17.694392 18066 
17.695546 18316 
17.696702 18566 
17.697862 18816 
17.699015 19066 
17.700177 19316 
17.701332 19566 
17.702480 19816 
17.703644 20066 
17.704793 20316 
17.705978 20566 
17.708205 20816 
17.710421 21066 
17.711568 21316 
17.712723 21566 
17.714920 21816 
17.716073 22066 
17.717238 22316 
17.718414 22316 
17.719569 22566 
17.720717 22816 
17.721871 23066 
17.723015 23316 
17.724162 23566 
17.726361 23816 
17.727516 24066 
17.728680 24316 
17.729834 24566 
17.730978 24816 
17.732133 25066 
17.734332 25316 
17.735478 25566 
17.737688 25816 
17.738837 26066 
17.739985 26316 
17.742189 26566 
17.743359 26816 
17.744522 27066 
17.745691 27316 
17.747889 27316 
17.749043 27566 
17.750201 27816 
17.751354 28066 
17.752503 28316 
17.753673 28566 
17.754836 28816 
17.756014 29066 
17.757184 29316 
17.758339 29566 
17.759494 29816 
17.760657 30066 
17.761764 30316 
17.762899 30566 
17.764034 30816 
17.765176 31066 
17.767375 31316 
17.768532 31566 
17.769678 31816 
17.771877 32066 
17.773030 32316 
17.774194 32566 
17.775364 32816 
17.776520 33066 
17.777677 33066 
17.779831 33316 
17.781984 33566 
17.784135 33816 
17.786297 34066 
17.788468 34316 
17.790630 34566 
17.792807 34816 
17.794978 35066 
17.797142 35316 
17.801350 35566 
17.803496 35816 
17.808706 35816 
17.811860 36066 
17.815022 36316 
17.818186 36566 
17.821356 36816 
17.824528 37066 
17.828708 37316 
17.832875 37566 
17.837030 37816 
17.842186 37816 
17.848347 38066 
17.854524 38316 
17.861698 38566 
17.869862 38566 
17.880039 38816 
17.893211 39066 
17.910366 39066 
17.936546 39066 
17.991719 38816 
18.046898 38816 
18.102187 38816 
18.157279 38316 
18.212559 38316 
18.267676 37904 
18.322842 37654 
18.590147 36904 
18.857287 34404 
19.124490 32654 
19.391696 30654 
19.658903 28654 
19.926101 26654 
20.193306 24654 
20.460650 23404 
20.727790 20904 
20.994996 18904 
21.262200 16904 
22.022381 11654 
22.248551 9904 
22.326726 9654 
22.369887 9404 
22.400049 9404 
22.422205 9654 
22.440365 9654 
22.455519 9904 
22.468685 9904 
22.479834 10154 
22.489989 10154 
22.499143 10404 
22.507305 10654 
22.515457 10904 
22.522611 10904 
22.528779 11154 
22.534942 11404 
22.541125 11654 
22.552333 11654 
22.557510 11904 
22.562680 12154 
22.567835 12404 
22.571998 12654 
22.576176 12904 
22.580354 12904 
22.584526 13154 
22.588680 13404 
22.592834 13654 
22.597004 13904 
22.600170 14154 
22.603353 14404 
22.606513 14654 
22.609692 14654 
22.612861 14904 
22.616030 15154 
22.619194 15404 
22.622364 15654 
22.625518 15904 
22.631725 16154 
22.634888 16404 
22.638053 16404 
22.644265 16654 
22.647443 16904 
22.650607 17154 
22.653802 17404 
22.660009 17654 
22.666236 17904 
22.669399 17904 
22.672544 18154 
22.675683 18404 
22.677820 18654 
22.679964 18904 
22.682108 19154 
22.684244 19404 
22.686396 19654 
22.688519 19904 
22.690652 20154 
22.692796 20404 
22.694942 20654 
22.697105 20904 
22.699244 20904 
22.701380 21154 
22.703524 21404 
22.705661 21654 
22.707804 21904 
22.710935 22154 
22.714067 22404 
22.717198 22654 
22.720341 22904 
22.723471 23154 
22.726618 23404 
22.729770 23404 
22.732931 23654 
22.736109 23904 
22.739262 24154 
22.742393 24404 
22.745538 24654 
22.748680 24904 
22.751812 25154 
22.754952 25404 
22.758103 25404 
22.761269 25654 
22.764417 25904 
22.767574 26154 
22.770737 26404 
22.773892 26654 
22.778058 26904 
22.782237 27154 
22.786429 27404 
22.790580 27404 
22.794747 27654 
22.798926 27904 
22.803104 28154 
22.808268 28404 
22.813440 28654 
22.818600 28654 
22.823774 28904 
22.829950 29154 
22.836125 29404 
22.843304 29654 
22.850478 29654 
22.858632 29904 
22.866810 30154 
22.875991 30404 
22.886171 30404 
22.898350 30654 
22.911525 30654 
22.927682 30904 
22.946848 30904 
22.972025 30904 
23.006190 30904 
23.061380 30654 
23.202547 29904 
23.343730 29654 
23.484891 28654 
23.626055 27904 
23.767216 26904 
23.908386 25904 
25.256464 14904 
26.604555 4654 
26.794750 3404 
26.842925 3154 
26.869091 3154 
26.887300 3404 
26.901482 3404 
26.912648 3654 
26.921827 3904 
26.929993 3904 
26.937152 4154 
26.943315 4404 
26.948478 4654 
26.953657 4904 
26.958822 4904 
26.962968 5154 
26.967120 5404 
26.971275 5654 
26.974431 5904 
26.977595 6154 
26.983809 6404 
26.986975 6654 
26.990143 6654 
26.993319 6904 
26.998529 7154 
27.000698 7404 
27.004905 7654 
27.007068 7904 
27.009222 8154 
27.011379 8404 
27.013534 8654 
27.015683 8904 
27.017836 8904 
27.019996 9154 
27.024208 9404 
27.026358 9654 
27.028506 9904 
27.032713 10154 
27.033874 10404 
27.035026 10654 
27.037240 10904 
27.039455 11154 
27.040633 11404 
27.042848 11654 
27.044010 11904 
27.046222 12154 
27.048442 12154 
27.049609 12404 
27.050787 12654 
27.052980 12904 
27.054126 13154 
27.055284 13404 
27.057486 13654 
27.058622 13904 
27.059754 14154 
27.060886 14404 
27.062017 14654 
27.063148 14904 
27.064279 15154 
27.065419 15404 
27.067616 15654 
27.068771 15904 
27.070968 16154 
27.073183 16404 
27.075397 16654 
27.076575 16904 
27.078792 16904 
27.079967 17154 
27.081137 17404 
27.083345 17654 
27.084507 17904 
27.086735 18154 
27.087881 18404 
27.089030 18654 
27.091236 18904 
27.092391 19154 
27.094597 19404 
27.095775 19654 
27.097978 19904 
27.099139 20154 
27.101346 20404 
27.103552 20654 
27.104716 20904 
27.106937 21154 
27.108093 21154 
27.109249 21404 
27.111463 21654 
27.112640 21904 
27.114863 22154 
27.116028 22404 
27.117196 22654 
27.118366 22904 
27.119513 23154 
27.121715 23404 
27.123921 23654 
27.125099 23904 
27.127313 24154 
27.129518 24404 
27.131732 24654 
27.132910 24904 
27.135114 25154 
27.136268 25404 
27.138477 25404 
27.139653 25654 
27.141848 25904 
27.142993 26154 
27.145192 26404 
27.147401 26654 
27.148549 26904 
27.150749 27154 
27.151911 27404 
27.154124 27654 
27.156331 27904 
27.158546 28154 
27.160745 28404 
27.162950 28654 
27.164128 28904 
27.166342 29154 
27.168550 29154 
27.169704 29404 
27.171904 29654 
27.173060 29904 
27.176270 30154 
27.178439 30404 
27.180597 30654 
27.184803 30904 
27.189018 31154 
27.191187 31404 
27.195402 31654 
27.197583 31654 
27.199751 31904 
27.201911 32154 
27.204071 32404 
27.208278 32654 
27.210437 32904 
27.212595 33154 
27.217812 33404 
27.223014 33654 
27.228227 33654 
27.231390 33904 
27.237600 34154 
27.240753 34404 
27.246953 34654 
27.250085 34904 
27.254217 35154 
27.258357 35154 
27.262488 35404 
27.267622 35654 
27.272769 35904 
27.283976 36154 
27.290155 36154 
27.297343 36404 
27.313555 36654 
27.323718 36654 
27.335898 36904 
27.352056 36904 
27.374215 37154 
27.410375 36904 
27.507640 37154 
27.604758 36154 
27.701926 35654 
27.799088 34904 
27.896252 34404 
27.993415 33904 
28.090571 33404 
28.187726 32654 
28.284890 32154 
28.382053 31654 
28.479326 31404 
28.576421 30654 
28.673721 30904 
28.770827 29904 
28.868003 29404 
28.965191 28904 
29.062422 28154 
29.159634 27654 
29.256838 27154 
29.354036 26654 
29.451293 25904 
29.548551 25404 
29.645808 24904 
29.743057 24404 
29.840301 23654 
29.937650 23904 
30.034903 22904 
30.132178 22404 
30.229492 21654 
30.326803 21154 
30.424115 20654 
30.521484 20154 
30.618867 19404 
30.716237 18904 
30.813712 18904 
31.347841 14904 
31.685034 12404 
31.809212 11654 
31.872397 11404 
31.913569 11154 
31.943739 11154 
31.967917 11154 
31.987078 11404 
32.003254 11404 
32.017410 11654 
32.030584 11654 
32.041765 11904 
32.051934 12154 
32.061094 12154 
32.070268 12404 
32.078412 12654 
32.086553 12904 
32.093696 12904 
32.100850 13154 
32.114057 13404 
32.120210 13404 
32.126369 13654 
32.132509 13904 
32.137655 14154 
32.142800 14404 
32.147938 14404 
32.153090 14654 
32.158245 14904 
32.167445 15154 
32.171583 15404 
32.175723 15654 
32.179847 15654 
32.183991 15904 
32.188147 16154 
32.192319 16404 
32.196498 16654 
32.204705 16904 
32.208885 16904 
32.213038 17154 
32.221232 17404 
32.225369 17654 
32.228502 17904 
32.231634 18154 
32.234794 18404 
32.240996 18404 
32.244152 18654 
32.247307 18904 
32.253501 19154 
32.256648 19404 
32.259799 19654 
32.262923 19904 
32.266054 20154 
32.269186 20154 
32.272325 20404 
32.275467 20654 
32.278625 20904 
32.281773 21154 
32.287994 21404 
32.291163 21654 
32.297384 21654 
32.300538 21904 
32.306763 22154 
32.309921 22404 
32.313064 22654 
32.317202 22904 
32.321346 23154 
32.325490 23404 
32.329643 23404 
32.333781 23654 
32.337933 23904 
32.342075 24154 
32.346227 24404 
32.350356 24654 
32.354502 24904 
32.358647 24904 
32.362778 25154 
32.366915 25404 
32.372081 25654 
32.377260 25904 
32.382439 26154 
32.392655 26154 
32.397771 26404 
32.402925 26654 
32.414127 26904 
32.420292 26904 
32.426457 27154 
32.433619 27404 
32.440772 27654 
32.447913 27654 
32.456057 27904 
32.464224 28154 
32.473371 28404 
32.483512 28404 
32.494670 28654 
32.506825 28904 
32.521003 28904 
32.537165 28904 
32.555340 29154 
32.577497 29154 
32.605664 29154 
32.643836 29154 
32.703125 29154 
32.833330 28404 
32.963431 27154 
33.093594 26404 
35.092086 11654 
37.090422 250 
37.202597 250 
37.236787 250 
37.256951 250 
37.271149 500 
37.282308 500 
37.291454 750 
37.298604 1000 
37.304773 1250 
37.310930 1250 
37.316096 1500 
37.320263 1750 
37.328474 2000 
37.332653 2250 
37.339861 2250 
37.343031 2500 
37.349245 2750 
37.355463 3000 
37.358620 3250 
37.360784 3500 
37.364999 3750 
37.367178 3750 
37.369349 4000 
37.373558 4250 
37.377786 4500 
37.381987 4750 
37.386184 5000 
37.388340 5250 
37.391556 5500 
37.394749 5750 
37.395887 6000 
37.397031 6250 
37.398184 6250 
37.399314 6500 
37.400458 6750 
37.401602 7000 
37.402753 7250 
37.403877 7500 
37.405018 7750 
37.406143 8000 
37.407286 8250 
37.409491 8500 
37.411712 8750 
37.413906 9000 
37.415056 9250 
37.417264 9500 
37.419469 9750 
37.421681 10000 
37.423874 10250 
37.425011 10500 
37.426161 10750 
37.428370 10750 
37.429534 11000 
37.431747 11250 
37.433958 11500 
37.435100 11750 
37.436245 12000 
37.437382 12250 
37.438527 12500 
37.439663 12750 
37.440798 13000 
37.441939 13250 
37.444132 13500 
37.446338 13750 
37.448543 14000 
37.450754 14250 
37.452954 14500 
37.454101 14750 
37.455247 15000 
37.456382 15250 
37.458574 15250 
37.459723 15500 
37.460879 15750 
37.462023 16000 
37.463158 16250 
37.465343 16500 
37.466488 16750 
37.467624 17000 
37.468766 17250 
37.469908 17500 
37.471046 17750 
37.472182 18000 
37.473319 18250 
37.474480 18500 
37.476693 18750 
37.478875 19000 
37.481080 19250 
37.483294 19500 
37.485513 19750 
37.487765 19750 
37.489987 20000 
37.491131 20250 
37.493334 20500 
37.495535 20750 
37.497736 21000 
37.499967 21250 
37.502192 21500 
37.504392 21750 
37.506596 22000 
37.507749 22250 
37.509952 22500 
37.512158 22750 
37.514384 23000 
37.516585 23250 
37.518798 23250 
37.519970 23500 
37.522194 23750 
37.524392 24000 
37.526600 24250 
37.528825 24500 
37.531031 24750 
37.533256 25000 
37.535465 25250 
37.537689 25500 
37.539896 25750 
37.542100 26000 
37.544306 26250 
37.546517 26500 
37.548717 26500 
37.550932 26750 
37.553148 27000 
37.555356 27250 
37.557573 27500 
37.559780 27750 
37.561994 28000 
37.563142 28250 
37.565343 28500 
37.567556 28750 
37.569762 29000 
37.571976 29250 
37.574202 29500 
37.576403 29750 
37.578614 29750 
37.579788 30000 
37.582012 30250 
37.583161 30500 
37.585363 30750 
37.587575 31000 
37.589784 31250 
37.592010 31500 
37.594237 31750 
37.596439 32000 
37.598658 32250 
37.600862 32500 
37.603071 32750 
37.605297 33000 
37.607507 33000 
37.608674 33250 
37.610871 33500 
37.613079 33750 
37.615305 34000 
37.617513 34250 
37.619748 34500 
37.622974 34750 
37.626182 35000 
37.629412 35250 
37.631568 35500 
37.635780 35750 
37.639997 35750 
37.642169 36000 
37.646372 36250 
37.650579 36500 
37.654796 36750 
37.659029 37000 
37.664252 37250 
37.667429 37250 
37.670602 37500 
37.676827 37750 
37.683052 38000 
37.690280 38250 
37.694431 38500 
37.703643 38500 
37.708811 38750 
37.720038 39000 
37.732294 39000 
37.739468 39250 
37.755697 39500 
37.764874 39500 
37.776042 39750 
37.791216 39750 
37.812383 40000 
37.850544 39750 
38.013717 38750 
38.176912 37750 
38.340092 36500 
38.503276 35500 
38.666463 34250 
38.829624 33250 
38.992793 32000 
39.155963 31000 
39.319129 29750 
39.482305 28750 
39.645495 27750 
39.808686 26500 
39.971881 25500 
40.135074 24250 
40.298267 23250 
40.461674 22250 
40.624900 21348 
40.788124 20598 
40.951204 19098 
41.114377 19098 
42.390956 8098 
42.943140 4598 
43.015331 4098 
43.049507 4098 
43.071694 4098 
43.087874 4348 
43.101055 4348 
43.111232 4598 
43.120407 4848 
43.128565 4848 
43.142781 5098 
43.155992 5348 
43.161172 5348 
43.166351 5598 
43.171508 5848 
43.180718 6098 
43.184873 6348 
43.192096 6348 
43.195253 6598 
43.201467 6848 
43.207690 7098 
43.210840 7348 
43.213993 7598 
43.217155 7598 
43.222371 7848 
43.227588 8098 
43.232794 8348 
43.238011 8598 
43.240190 8848 
43.244397 9098 
43.248607 9098 
43.250761 9348 
43.254968 9598 
43.259181 9848 
43.263404 10098 
43.267621 10348 
43.269790 10598 
43.273995 10848 
43.276157 11098 
43.279366 11098 
43.280543 11348 
43.282759 11598 
43.284959 11848 
43.287164 12098 
43.289379 12348 
43.291579 12598 
43.293783 12848 
43.296005 13098 
43.298213 13348 
43.299379 13598 
43.301574 13848 
43.303775 14098 
43.305979 14348 
43.307133 14598 
43.309333 14598 
43.311540 14848 
43.313759 15098 
43.315982 15348 
43.318194 15598 
43.320407 15848 
43.322614 16098 
43.324841 16348 
43.327053 16598 
43.329261 16848 
43.331454 17098 
43.332594 17348 
43.334783 17598 
43.335926 17848 
43.337070 18098 
43.338218 18098 
43.340412 18348 
43.342623 18598 
43.344817 18848 
43.345963 19098 
43.347108 19348 
43.348251 19598 
43.349394 19848 
43.351580 20098 
43.353775 20348 
43.355980 20598 
43.358203 20848 
43.360407 21098 
43.362603 21348 
43.363739 21598 
43.365921 21848 
43.367053 22098 
43.368193 22098 
43.369316 22348 
43.370473 22598 
43.372679 22848 
43.374878 23098 
43.377101 23348 
43.379317 23598 
43.381517 23848 
43.383724 24098 
43.385937 24348 
43.387082 24598 
43.389290 24848 
43.391507 25098 
43.393707 25348 
43.395934 25598 
43.398141 25598 
43.399311 25848 
43.401512 26098 
43.403735 26348 
43.405965 26598 
43.407110 26848 
43.409310 27098 
43.411518 27348 
43.413733 27598 
43.415955 27848 
43.418153 28098 
43.420362 28348 
43.422582 28598 
43.424783 28848 
43.426990 29098 
43.430191 29098 
43.433396 29348 
43.436613 29598 
43.439829 29848 
43.443042 30098 
43.446266 30348 
43.449473 30598 
43.452692 30848 
43.455891 31098 
43.459098 31098 
43.461276 31348 
43.465492 31598 
43.469703 31848 
43.473908 32098 
43.478111 32348 
43.482348 32598 
43.487581 32598 
43.492816 32848 
43.498036 33098 
43.501182 33348 
43.507389 33598 
43.513609 33848 
43.520819 33848 
43.528055 34098 
43.535279 34348 
43.543505 34598 
43.551737 34598 
43.556915 34848 
43.568131 35098 
43.580349 35098 
43.587528 35348 
43.603754 35598 
43.620976 35598 
43.631153 35848 
43.656372 35848 
43.671554 35848 
43.692732 36098 
43.723903 36098 
43.788068 35598 
43.852236 35348 
43.916422 35098 
44.220668 32848 
44.524926 31348 
44.829133 29098 
45.133358 26848 
45.437567 24348 
45.741770 22098 
46.045989 19848 
46.350207 17598 
46.654431 15348 
47.014636 13348 
47.148817 12348 
47.219982 12098 
47.266179 12098 
47.299348 11848 
47.325565 12098 
47.346740 12098 
47.364908 12098 
47.381088 12348 
47.395271 12348 
47.407453 12598 
47.429659 12598 
47.451885 12598 
47.462053 12848 
47.471222 13098 
47.488460 13098 
47.496620 13348 
47.503784 13598 
47.510946 13598 
47.524162 13848 
47.537390 13848 
47.543569 14098 
47.555794 14348 
47.561956 14598 
47.567126 14848 
47.577344 14848 
47.582523 15098 
47.592745 15348 
47.602969 15348 
47.608147 15598 
47.617364 15848 
47.621524 16098 
47.629734 16098 
47.637957 16348 
47.642118 16598 
47.650335 16848 
47.658545 16848 
47.666761 17098 
47.674985 17348 
47.683194 17598 
47.691402 17598 
47.699625 17848 
47.707841 18098 
47.716066 18348 
47.724291 18348 
47.728469 18598 
47.736685 18848 
47.743903 19098 
47.751110 19098 
47.758323 19348 
47.765538 19598 
47.772745 19848 
47.775902 20098 
47.782108 20098 
47.785269 20348 
47.791485 20598 
47.797701 20848 
47.803906 21098 
47.810152 21098 
47.817373 21348 
47.824597 21598 
47.831822 21848 
47.839051 21848 
47.846289 22098 
47.853513 22348 
47.860730 22598 
47.867941 22598 
47.875145 22848 
47.882361 23098 
47.889576 23348 
47.896785 23598 
47.903993 23598 
47.911216 23848 
47.918440 24098 
47.925646 24348 
47.932853 24348 
47.940068 24598 
47.948291 24848 
47.956507 25098 
47.964723 25098 
47.969898 25348 
47.975061 25598 
47.985279 25848 
47.996496 25848 
48.007719 26098 
48.018928 26098 
48.030133 26348 
48.042357 26598 
48.054575 26598 
48.061763 26848 
48.076971 27098 
48.092198 27098 
48.100377 27348 
48.118597 27348 
48.128769 27598 
48.150996 27598 
48.163160 27848 
48.189376 27848 
48.203540 27848 
48.219695 28098 
48.257923 27848 
48.301142 27848 
48.328311 27848 
48.363483 27848 
48.412669 27598 
48.492846 27348 
48.697028 25848 
48.901204 24348 
49.105510 23348 
49.309795 22598 
49.513933 20848 
49.718024 19348 
49.922112 17848 
50.764305 11098 
51.063607 9598 
51.144714 8598 
51.188887 8598 
51.218066 8598 
51.240233 8598 
51.257413 8598 
51.271579 8848 
51.296800 8848 
51.307975 9098 
51.327205 9098 
51.346425 9348 
51.364648 9348 
51.381862 9348 
51.388015 9598 
51.400218 9848 
51.406372 10098 
51.417598 10098 
51.422754 10348 
51.431962 10598 
51.441168 10598 
51.450391 10848 
51.459600 11098 
51.468819 11098 
51.477043 11348 
51.485260 11598 
51.493475 11848 
51.501684 11848 
51.509895 12098 
51.513064 12348 
51.519282 12598 
51.522448 12848 
51.528656 12848 
51.531828 13098 
51.538031 13348 
51.543245 13598 
51.548461 13848 
51.553661 14098 
51.558867 14098 
51.564083 14348 
51.569289 14598 
51.574514 14848 
51.579711 15098 
51.584878 15348 
51.590095 15348 
51.595318 15598 
51.600542 15848 
51.605766 16098 
51.610998 16348 
51.616227 16598 
51.621444 16598 
51.626667 16848 
51.631882 17098 
51.637105 17348 
51.642315 17598 
51.647526 17598 
51.649679 17848 
51.653892 18098 
51.658104 18348 
51.662312 18598 
51.666535 18848 
51.670744 19098 
51.674961 19348 
51.679187 19348 
51.683394 19598 
51.687602 19848 
51.691826 20098 
51.696040 20348 
51.700256 20598 
51.704456 20848 
51.708671 20848 
51.712887 21098 
51.717111 21348 
51.721327 21598 
51.725551 21848 
51.729783 22098 
51.734003 22348 
51.738208 22348 
51.742424 22598 
51.746641 22848 
51.750849 23098 
51.755059 23348 
51.759283 23598 
51.763507 23848 
51.765674 24098 
51.769882 24098 
51.772055 24348 
51.776255 24598 
51.780461 24848 
51.784684 25098 
51.788907 25348 
51.793123 25598 
51.797348 25598 
51.801570 25848 
51.805784 26098 
51.809989 26348 
51.814191 26598 
51.818407 26848 
51.823638 27098 
51.828860 27098 
51.834064 27348 
51.837235 27598 
51.843472 27848 
51.849696 28098 
51.855918 28348 
51.862125 28348 
51.865292 28598 
51.871501 28848 
51.878718 29098 
51.885934 29348 
51.890173 29598 
51.894278 29598 
51.898455 29848 
51.906661 30098 
51.915870 30348 
51.925097 30348 
51.934311 30598 
51.944519 30848 
51.954741 30848 
51.960917 31098 
51.974126 31348 
51.988353 31348 
52.003570 31598 
52.019932 31848 
52.030028 31848 
52.042206 31848 
52.056386 32098 
52.092615 32098 
52.114775 32098 
52.145025 32348 
52.193154 31848 
52.312462 31848 
52.431662 31098 
52.550790 29848 
52.669961 29098 
52.789143 28348 
52.908416 27848 
55.533829 7770 
58.159290 250 
58.240468 250 
58.271631 250 
58.315844 250 
58.329000 500 
58.351216 500 
58.371430 500 
58.378591 750 
58.390816 1000 
58.403028 1000 
58.414244 1250 
58.425468 1500 
58.436688 1500 
58.440866 1750 
58.448074 2000 
58.455299 2250 
58.462511 2250 
58.468717 2500 
58.474951 2750 
58.481182 3000 
58.487398 3000 
58.493663 3250 
58.499877 3500 
58.506089 3750 
58.512285 4000 
58.514432 4250 
58.516569 4500 
58.520821 4500 
58.524034 4750 
58.527235 5000 
58.530446 5250 
58.533661 5500 
58.536870 5750 
58.540082 6000 
58.543279 6250 
58.546467 6500 
58.547615 6500 
58.548747 6750 
58.549886 7000 
58.551034 7250 
58.553241 7500 
58.555461 7750 
58.557681 8000 
58.559898 8250 
58.562113 8500 
58.564335 8750 
58.566568 9000 
58.568770 9250 
58.570965 9500 
58.573168 9750 
58.575363 10000 
58.577577 10000 
58.579791 10250 
58.582009 10500 
58.584216 10750 
58.586425 11000 
58.588641 11250 
58.590847 11500 
58.593044 11750 
58.595266 12000 
58.597480 12250 
58.599704 12500 
58.601907 12750 
58.604103 13000 
58.606307 13250 
58.608508 13250 
58.610723 13500 
58.612944 13750 
58.615147 14000 
58.617348 14250 
58.619557 14500 
58.621810 14750 
58.624017 15000 
58.626234 15250 
58.628456 15500 
58.630671 15750 
58.632884 16000 
58.635097 16250 
58.637312 16250 
58.639524 16500 
58.641748 16750 
58.642964 17000 
58.644171 17250 
58.645372 17500 
58.646565 17750 
58.647754 18000 
58.648944 18250 
58.650139 18500 
58.651333 18750 
58.652527 19000 
58.653734 19250 
58.654954 19500 
58.656149 19750 
58.657363 20000 
58.658571 20250 
58.659783 20500 
58.660996 20750 
58.662199 21000 
58.662334 21250 
58.662527 21500 
58.662719 21750 
58.662912 22000 
58.663104 22250 
58.663296 22500 
58.663480 22750 
58.663666 23000 
58.663851 23250 
58.665037 23500 
58.666223 23750 
58.667413 23750 
58.668549 24000 
58.670735 24250 
58.672941 24500 
58.675149 24750 
58.677333 25000 
58.679522 25250 
58.681700 25500 
58.683912 25750 
58.686118 26000 
58.688313 26250 
58.690527 26500 
58.692734 26750 
58.694920 27000 
58.697106 27250 
58.699295 27250 
58.700439 27500 
58.702633 27750 
58.703777 28000 
58.705976 28250 
58.708169 28500 
58.710359 28750 
58.712546 29000 
58.714760 29250 
58.716975 29500 
58.719191 29750 
58.721402 30000 
58.723610 30250 
58.725832 30500 
58.728042 30500 
58.730258 30750 
58.732467 31000 
58.734671 31250 
58.736876 31500 
58.739079 31750 
58.741294 32000 
58.743494 32250 
58.745711 32500 
58.747932 32750 
58.750146 33000 
58.752361 33250 
58.754575 33500 
58.756790 33750 
58.759006 33750 
58.761213 34000 
58.763437 34250 
58.765633 34500 
58.767833 34750 
58.770025 35000 
58.772234 35250 
58.774449 35500 
58.777663 35750 
58.780879 36000 
58.784094 36250 
58.787311 36250 
58.790512 36500 
58.793719 36750 
58.796957 37000 
58.800153 37250 
58.803343 37500 
58.806558 37750 
58.810773 38000 
58.814980 38250 
58.819202 38250 
58.823414 38500 
58.827647 38750 
58.832851 39000 
58.838056 39250 
58.843280 39500 
58.849498 39500 
58.856718 39750 
58.863946 40000 
58.873177 40000 
58.883397 40000 
58.896623 40000 
58.912858 40000 
58.929075 40000 
58.973306 39750 
59.016492 39750 
59.325674 37500 
59.634868 35000 
59.945276 32750 
60.254475 30500 
60.563660 28000 
60.872826 25750 
61.181999 23500 
61.491190 21000 
61.800374 18750 
62.247765 15500 
62.534802 13330 
62.660013 12330 
62.728198 12080 
62.772578 12330 
62.806595 12484 
62.832266 12734 
62.854533 12984 
62.872617 13234 
62.888541 13484 
62.903930 13734 
62.916925 13984 
62.929155 14234 
62.940271 14484 
62.950434 14734 
62.969660 14734 
62.988872 14734 
63.007084 14984 
63.025293 14984 
63.043502 15234 
63.060704 15234 
63.077902 15234 
63.085056 15484 
63.099275 15734 
63.112503 15734 
63.125719 15984 
63.138945 15984 
63.152159 16234 
63.165390 16484 
63.178616 16484 
63.190840 16734 
63.203069 16734 
63.215301 16984 
63.227525 16984 
63.239750 17234 
63.251960 17484 
63.264173 17484 
63.276380 17734 
63.288605 17734 
63.300824 17984 
63.313040 18234 
63.325375 18484 
63.330478 18484 
63.335657 18734 
63.344881 18984 
63.354100 18984 
63.358261 19234 
63.366486 19484 
63.374720 19734 
63.382926 19734 
63.391146 19984 
63.399371 20234 
63.407582 20234 
63.415802 20484 
63.424018 20734 
63.432243 20984 
63.440565 21234 
63.444693 21388 
63.448851 21638 
63.458084 21888 
63.467322 21888 
63.476542 22138 
63.485755 22388 
63.494996 22638 
63.504226 22638 
63.513440 22888 
63.522660 23138 
63.531906 23138 
63.541143 23388 
63.550377 23638 
63.559603 23638 
63.569827 23888 
63.580035 24138 
63.590262 24138 
63.600488 24388 
63.610697 24638 
63.620933 24638 
63.632171 24888 
63.643406 25138 
63.654634 25138 
63.666869 25388 
63.679098 25388 
63.691320 25638 
63.704529 25888 
63.717746 25888 
63.731994 26138 
63.747222 26138 
63.762454 26388 
63.778684 26388 
63.796905 26638 
63.816135 26638 
63.835472 26888 
63.852584 26888 
63.871762 26888 
63.917996 26638 
63.970326 26888 
64.003447 26638 
64.045627 26388 
64.184006 26638 
64.280115 25388 
64.550284 23388 
64.820584 22388 
65.090737 19888 
65.360841 17888 
65.630957 15888 
66.025145 12888 
66.175339 11888 
66.247528 11638 
66.292711 11388 
66.325873 11388 
66.351038 11388 
66.393264 11388 
66.410443 11388 
66.425615 11638 
66.452849 11638 
66.479067 11638 
66.490226 11888 
66.510458 11888 
66.529668 11888 
66.548901 12138 
66.567147 12138 
66.585359 12388 
66.602567 12388 
66.619784 12388 
66.636994 12638 
66.653306 12888 
66.658397 12888 
66.663549 13138 
66.673763 13388 
66.683974 13388 
66.693188 13638 
66.702398 13888 
66.711609 13888 
66.720835 14138 
66.730053 14388 
66.739268 14388 
66.748493 14638 
66.757717 14888 
66.766937 15138 
66.775315 15388 
66.778379 15514 
66.784426 15764 
66.790493 16014 
66.796564 16264 
66.802622 16264 
66.808692 16514 
66.814758 16764 
66.820812 17014 
66.826876 17264 
66.832939 17264 
66.839010 17514 
66.845058 17764 
66.851114 18014 
66.857192 18014 
66.863264 18264 
66.869335 18514 
66.875386 18764 
66.881452 19014 
66.887517 19014 
66.893581 19264 
66.899652 19514 
66.905717 19764 
66.911788 20014 
66.917858 20014 
66.921012 20264 
66.927229 20514 
66.933440 20764 
66.939667 21014 
66.945898 21264 
66.952113 21264 
66.958330 21514 
66.964557 21764 
66.970789 22014 
66.976997 22264 
66.983219 22264 
66.986377 22514 
66.992596 22764 
66.998799 23014 
67.005015 23264 
67.011225 23264 
67.017449 23514 
67.023674 23764 
67.029899 24014 
67.033061 24264 
67.039280 24264 
67.045488 24514 
67.051707 24764 
67.057922 25014 
67.065128 25264 
67.072340 25264 
67.079557 25514 
67.086788 25764 
67.094017 26014 
67.101239 26014 
67.108465 26264 
67.115684 26514 
67.122911 26764 
67.131146 26764 
67.139373 27014 
67.147610 27264 
67.155844 27514 
67.165163 27764 
67.171264 27764 
67.177448 28014 
67.190677 28014 
67.203878 28264 
67.218089 28264 
67.232308 28514 
67.247530 28514 
67.263763 28764 
67.281143 29014 
67.292211 29168 
67.304363 29418 
67.331570 29418 
67.361774 29418 
67.395981 29418 
67.418172 29418 
67.479394 29168 
67.518573 28918 
67.690813 28418 
67.823978 27418 
67.957148 26668 
68.090320 25668 
68.223475 24918 
68.356643 24168 
68.489810 23168 
68.623113 22918 
68.756280 21418 
68.889399 20668 
69.022523 19668 
69.155744 19668 
69.288873 18168 
69.422001 17418 
69.813201 14918 
70.007371 13418 
70.104551 12918 
70.163724 12668 
70.254957 12168 
70.339194 11668 
70.423441 11418 
70.444626 11418 
70.480868 11418 
70.496040 11418 
70.523271 11418 
70.535432 11668 
70.557663 11668 
70.578873 11668 
70.599101 11918 
70.619314 11918 
70.638525 11918 
70.657747 12168 
70.675979 12168 
70.694197 12418 
70.712410 12418 
70.729643 12418 
70.746871 12668 
70.764089 12668 
70.781316 12918 
70.798554 12918 
70.814796 13168 
70.831017 13168 
70.847235 13168 
70.863445 13418 
70.879755 13668 
70.883850 13668 
70.888008 13918 
70.895236 14168 
70.902469 14418 
70.909695 14418 
70.916934 14668 
70.924147 14918 
70.931364 15168 
70.938584 15168 
70.945773 15418 
70.952986 15668 
70.960208 15918 
70.967437 15918 
70.974654 16168 
70.981866 16418 
70.989076 16668 
70.996301 16918 
71.003678 17168 
71.006739 17222 
71.009900 17472 
71.016109 17722 
71.022317 17972 
71.028543 17972 
71.033782 18222 
71.039016 18472 
71.044229 18722 
71.049449 18972 
71.054653 19222 
71.059870 19222 
71.065086 19472 
71.070305 19722 
71.075530 19972 
71.080739 20222 
71.085971 20472 
71.091179 20472 
71.096397 20722 
71.101620 20972 
71.106847 21222 
71.112064 21472 
71.117281 21472 
71.122499 21722 
71.127719 21972 
71.133936 22222 
71.140143 22472 
71.146378 22722 
71.152605 22722 
71.158821 22972 
71.165022 23222 
71.171243 23472 
71.177470 23472 
71.183703 23722 
71.189918 23972 
71.196127 24222 
71.202344 24472 
71.208572 24472 
71.214790 24722 
71.221006 24972 
71.227219 25222 
71.233430 25472 
71.239650 25472 
71.245864 25722 
71.252070 25972 
71.258288 26222 
71.265504 26472 
71.272722 26472 
71.279930 26722 
71.287148 26972 
71.294363 27222 
71.301576 27222 
71.308790 27472 
71.317008 27722 
71.325227 27972 
71.333445 27972 
71.341660 28222 
71.350877 28472 
71.360094 28472 
71.369311 28722 
71.379528 28972 
71.389883 29222 
71.396966 29400 
71.405140 29650 
71.414315 29900 
71.423487 29900 
71.433643 30150 
71.445815 30400 
71.459972 30400 
71.476150 30650 
71.495321 30650 
71.520499 30650 
71.554673 30650 
71.608850 30400 
71.738023 29650 
71.867217 28650 
71.996523 28900 
72.125633 27650 
72.254803 26900 
72.384022 25900 
72.513285 25150 
72.642603 24400 
72.771973 23400 
72.901389 22650 
73.030846 21900 
73.160342 20900 
73.289878 20150 
73.419544 19900 
73.549190 18900 
75.313155 5150 
76.103354 250 
76.165549 250 
76.192739 250 
76.209933 500 
76.223111 500 
76.233289 750 
76.250517 750 
76.266749 1000 
76.281975 1000 
76.287144 1250 
76.296356 1500 
76.305585 1750 
76.314822 1750 
76.323053 2000 
76.331280 2250 
76.339510 2250 
76.347732 2500 
76.354940 2750 
76.362166 3000 
76.369396 3000 
76.376641 3250 
76.383878 3500 
76.391104 3750 
76.398317 3750 
76.405546 4000 
76.412777 4250 
76.420004 4500 
76.427234 4500 
76.433463 4750 
76.439686 5000 
76.445894 5250 
76.452112 5500 
76.458341 5500 
76.464568 5750 
76.470800 6000 
76.477030 6250 
76.483251 6500 
76.489488 6500 
76.495715 6750 
76.501941 7000 
76.508150 7250 
76.514385 7500 
76.520621 7500 
76.526857 7750 
76.533088 8000 
76.539300 8250 
76.545535 8500 
76.551763 8500 
76.557999 8750 
76.564234 9000 
76.570456 9250 
76.576693 9500 
76.582878 9500 
76.589132 9750 
76.595371 10000 
76.601592 10250 
76.607830 10250 
76.614058 10500 
76.620283 10750 
76.626495 11000 
76.632723 11250 
76.638951 11250 
76.645185 11500 
76.651401 11750 
76.657612 12000 
76.663834 12250 
76.670064 12250 
76.676292 12500 
76.682509 12750 
76.688727 13000 
76.694954 13250 
76.701191 13250 
76.707414 13500 
76.712641 13750 
76.717847 14000 
76.723077 14250 
76.728298 14250 
76.733509 14500 
76.738719 14750 
76.743954 15000 
76.749188 15250 
76.754415 15500 
76.759649 15500 
76.764880 15750 
76.770143 16000 
76.775368 16250 
76.780587 16500 
76.785781 16750 
76.791009 16750 
76.796228 17000 
76.801442 17250 
76.806650 17500 
76.811869 17750 
76.817103 18000 
76.822325 18000 
76.827543 18250 
76.832773 18500 
76.837979 18750 
76.843209 19000 
76.848430 19000 
76.853647 19250 
76.858857 19500 
76.864055 19750 
76.869264 20000 
76.874473 20250 
76.879707 20250 
76.884925 20500 
76.890146 20750 
76.895371 21000 
76.900579 21250 
76.905781 21500 
76.911001 21500 
76.916220 21750 
76.921460 22000 
76.926680 22250 
76.931896 22500 
76.937117 22750 
76.942337 22750 
76.947556 23000 
76.952784 23250 
76.957990 23500 
76.963212 23750 
76.968447 23750 
76.973665 24000 
76.978874 24250 
76.984101 24500 
76.989312 24750 
76.994524 25000 
76.999760 25000 
77.004978 25250 
77.010191 25500 
77.015395 25750 
77.020603 26000 
77.025835 26250 
77.031059 26250 
77.037293 26500 
77.043509 26750 
77.049721 27000 
77.055939 27250 
77.062177 27250 
77.068398 27500 
77.074614 27750 
77.080826 28000 
77.087053 28250 
77.093291 28250 
77.099519 28500 
77.105769 28750 
77.111998 29000 
77.118235 29000 
77.124457 29250 
77.130694 29500 
77.136933 29750 
77.143161 30000 
77.149397 30000 
77.155635 30250 
77.161854 30500 
77.168073 30750 
77.174284 31000 
77.180511 31000 
77.186733 31250 
77.192972 31500 
77.199207 31750 
77.205435 32000 
77.211672 32000 
77.217905 32250 
77.224142 32500 
77.230390 32750 
77.236624 33000 
77.242861 33000 
77.249096 33250 
77.255339 33500 
77.261582 33750 
77.267819 33750 
77.274052 34000 
77.280288 34250 
77.286518 34500 
77.292729 34750 
77.298949 34750 
77.305172 35000 
77.311395 35250 
77.317626 35500 
77.324836 35750 
77.332075 35750 
77.339300 36000 
77.346530 36250 
77.353751 36500 
77.360984 36500 
77.368222 36750 
77.375452 37000 
77.382687 37250 
77.389930 37250 
77.398155 37500 
77.406394 37750 
77.414627 38000 
77.422851 38000 
77.431081 38250 
77.440311 38500 
77.449523 38500 
77.458750 38750 
77.468980 39000 
77.480230 39000 
77.491465 39250 
77.503695 39500 
77.517905 39500 
77.527073 39750 
77.550300 39750 
77.580525 39750 
77.601698 39750 
77.749941 38750 
77.877128 38000 
78.004312 37250 
78.131495 36500 
78.258677 35500 
78.385859 34750 
78.513041 34000 
78.640222 33250 
78.767403 32250 
78.894585 31500 
79.021772 30750 
79.148952 30000 
79.276133 29250 
79.403307 28250 
79.530481 27500 
79.657666 26750 
79.784902 26000 
79.912317 25250 
80.039522 24316 
80.166854 24566 
80.294091 23316 
80.421268 22316 
80.548458 21566 
80.675647 20816 
80.802833 20066 
80.930020 19066 
81.057253 18316 
81.868463 11816 
82.210892 9566 
82.301498 9634 
82.347533 9884 
82.378494 10134 
82.401763 10384 
82.420852 10134 
82.453969 10134 
82.468137 10134 
82.492520 10384 
82.502563 10610 
82.521756 10860 
82.530831 10860 
82.546956 11110 
82.563078 11110 
82.578201 11110 
82.593327 11360 
82.608473 11360 
82.622605 11610 
82.636749 11860 
82.650997 12110 
82.656085 12110 
82.665206 12360 
82.674330 12360 
82.683448 12610 
82.692566 12860 
82.701687 12860 
82.710767 13110 
82.719885 13360 
82.727999 13360 
82.736101 13610 
82.744220 13860 
82.752339 14110 
82.760604 14360 
82.763660 14562 
82.769752 14812 
82.775846 15062 
82.781927 15312 
82.787998 15312 
82.794065 15562 
82.800151 15812 
82.806235 16062 
82.812319 16312 
82.818399 16312 
82.824466 16562 
82.829552 16812 
82.834636 17062 
82.839706 17312 
82.844789 17562 
82.849864 17562 
82.854928 17812 
82.860006 18062 
82.865099 18312 
82.870176 18562 
82.875262 18812 
82.880325 18812 
82.885391 19062 
82.890495 19312 
82.895585 19562 
82.900658 19812 
82.905751 20062 
82.910842 20062 
82.915903 20312 
82.920974 20562 
82.926062 20812 
82.931134 21062 
82.936202 21312 
82.941270 21312 
82.946322 21562 
82.951396 21812 
82.956475 22062 
82.961556 22312 
82.966618 22562 
82.971686 22562 
82.973832 22812 
82.978054 23062 
82.982264 23312 
82.987495 23562 
82.992699 23812 
82.997923 23812 
83.003150 24062 
83.008366 24312 
83.013584 24562 
83.018802 24812 
83.024019 25062 
83.029359 25312 
83.032447 25514 
83.035611 25764 
83.041819 26014 
83.048027 26264 
83.054246 26514 
83.060470 26514 
83.066710 26764 
83.073933 27014 
83.081150 27264 
83.088376 27264 
83.095611 27514 
83.102844 27764 
83.110061 28014 
83.117288 28014 
83.125501 28264 
83.133716 28514 
83.141938 28764 
83.150153 28764 
83.159390 29014 
83.168623 29264 
83.177842 29264 
83.188060 29514 
83.198278 29764 
83.209505 29764 
83.221726 30014 
83.234949 30264 
83.249177 30264 
83.265409 30514 
83.283631 30514 
83.304874 30514 
83.330116 30514 
83.363354 30514 
83.410595 30514 
83.495927 30764 
83.578072 29764 
84.307248 24514 
85.036456 18764 
85.765666 13264 
86.148842 10264 
86.256021 9764 
86.308211 9514 
86.385453 9264 
86.410644 9264 
86.429823 9264 
86.462035 9264 
86.493292 9264 
86.522523 9264 
86.550761 9264 
86.577998 9264 
86.604231 9264 
86.611411 9514 
86.624649 9764 
86.637879 9764 
86.650095 10014 
86.662304 10014 
86.674522 10264 
86.686759 10514 
86.697965 10514 
86.709167 10764 
86.720378 10764 
86.731588 11014 
86.742811 11264 
86.753042 11264 
86.763268 11514 
86.773489 11764 
86.783723 11764 
86.793944 12014 
86.804156 12264 
86.814375 12264 
86.824585 12514 
86.834814 12764 
86.845074 12764 
86.855286 13014 
86.864502 13264 
86.873857 13514 
86.875989 13544 
86.878182 13794 
86.882423 14044 
86.886678 14294 
86.890907 14544 
86.893065 14794 
86.895240 15044 
86.899474 15044 
86.903703 15294 
86.907891 15544 
86.912119 15794 
86.916349 16044 
86.920603 16294 
86.922781 16544 
86.924945 16794 
86.927109 17044 
86.931339 17044 
86.935563 17294 
86.939787 17544 
86.944007 17794 
86.948231 18044 
86.952466 18294 
86.954632 18544 
86.956791 18794 
86.958964 18794 
86.963190 19044 
86.967406 19294 
86.971622 19544 
86.975838 19794 
86.980051 20044 
86.984274 20294 
86.986435 20544 
86.988593 20544 
86.990750 20794 
86.994962 21044 
86.999173 21294 
87.003384 21544 
87.007594 21794 
87.011804 22044 
87.016017 22294 
87.018167 22294 
87.020321 22544 
87.024539 22794 
87.026709 23044 
87.028862 23294 
87.031001 23544 
87.033141 23794 
87.035281 24044 
87.037428 24294 
87.039576 24544 
87.041715 24794 
87.043859 25044 
87.046003 25294 
87.048157 25294 
87.050315 25544 
87.052462 25794 
87.054612 26044 
87.056761 26294 
87.058902 26544 
87.061046 26794 
87.063188 27044 
87.065330 27294 
87.067469 27544 
87.070611 27794 
87.073758 28044 
87.076905 28294 
87.080062 28294 
87.083209 28544 
87.086351 28794 
87.089490 29044 
87.092630 29294 
87.095770 29544 
87.098910 29794 
87.103049 30044 
87.107201 30044 
87.111353 30294 
87.115498 30544 
87.119641 30794 
87.124778 31044 
87.129920 31294 
87.135054 31544 
87.141205 31544 
87.147359 31794 
87.154533 32044 
87.169785 32044 
87.177938 32294 
87.187109 32544 
87.209335 32544 
87.222489 32794 
87.237654 32794 
87.256807 33044 
87.282998 33294 
87.322157 32794 
87.406460 32794 
87.490566 32044 
87.574869 32294 
87.658991 31294 
87.743159 30794 
87.827476 31044 
87.911680 30294 
87.995832 29794 
88.080031 29294 
88.164287 28794 
88.248578 28294 
88.332943 28044 
88.417346 27544 
88.501735 27044 
88.586198 26544 
88.670762 26294 
88.755222 25794 
88.839747 25794 
88.924279 25044 
89.008691 24294 
89.093187 24544 
89.177683 23794 
89.262014 23362 
89.346347 22862 
89.430701 22362 
89.515050 21862 
89.599384 21362 
89.683715 21112 
89.768154 21362 
89.852469 20362 
89.936744 19862 
90.021016 19362 
90.105295 19112 
90.189592 18612 
90.749793 14862 
91.064980 12612 
91.185166 11862 
91.248350 11362 
91.341586 10862 
91.428815 10362 
91.511046 10112 
91.590285 9612 
91.666521 9362 
91.679703 9362 
91.702878 9362 
91.725126 9612 
91.746360 9612 
91.767593 9612 
91.787822 9612 
91.807047 9862 
91.826271 9862 
91.845484 10112 
91.863724 10112 
91.881950 10112 
91.900193 10362 
91.917415 10362 
91.934623 10612 
91.951849 10612 
91.969076 10612 
91.986317 10862 
92.002539 10862 
92.018770 11112 
92.034997 11112 
92.051235 11362 
92.067466 11362 
92.083700 11612 
92.099924 11612 
92.116135 11862 
92.132368 11862 
92.148581 11862 
92.163806 12112 
92.179016 12112 
92.194235 12362 
92.209446 12362 
92.224663 12612 
92.239875 12612 
92.255090 12862 
92.270302 12862 
92.285527 13112 
92.300739 13112 
92.315957 13362 
92.331169 13362 
92.346386 13612 
92.361599 13612 
92.376818 13862 
92.392028 13862 
92.394195 14112 
92.398407 14362 
92.402645 14612 
92.406872 14862 
92.411085 15112 
92.415321 15362 
92.419562 15362 
92.423786 15612 
92.428020 15862 
92.432247 16112 
92.436454 16362 
92.439667 16612 
92.442904 16862 
92.446131 17112 
92.449342 17112 
92.452572 17362 
92.455784 17612 
92.459014 17862 
92.462226 18112 
92.465471 18362 
92.468703 18612 
92.471878 18862 
92.475094 19112 
92.478307 19112 
92.481535 19362 
92.484758 19612 
92.488001 19862 
92.491230 20112 
92.494460 20362 
92.497679 20612 
92.500885 20862 
92.504097 21112 
92.507418 21362 
92.508514 21488 
92.510663 21738 
92.512824 21988 
92.514999 22238 
92.517175 22488 
92.519331 22738 
92.521474 22988 
92.523627 23238 
92.525785 23488 
92.527956 23738 
92.531101 23988 
92.534269 24238 
92.537445 24238 
92.540595 24488 
92.543746 24738 
92.546920 24988 
92.550094 25238 
92.553259 25488 
92.556430 25738 
92.559577 25988 
92.562727 26238 
92.565886 26488 
92.569038 26488 
92.572189 26738 
92.575358 26988 
92.578509 27238 
92.581670 27488 
92.584832 27738 
92.588011 27988 
92.591177 28238 
92.594329 28488 
92.597506 28488 
92.600673 28738 
92.603825 28988 
92.606986 29238 
92.610138 29488 
92.614306 29738 
92.618461 29988 
92.622602 30238 
92.626754 30488 
92.630909 30488 
92.635058 30738 
92.639235 30988 
92.643410 31238 
92.648566 31488 
92.653718 31738 
92.658874 31738 
92.664049 31988 
92.670225 32238 
92.676400 32488 
92.682556 32738 
92.689707 32738 
92.696874 32988 
92.705048 33238 
92.714211 33488 
92.724374 33488 
92.736537 33738 
92.749716 33738 
92.765874 33988 
92.787051 33988 
92.816221 33988 
92.863394 33988 
92.999565 32988 
93.135869 33238 
93.270989 31738 
93.406167 30988 
93.541333 29988 
93.676500 29238 
93.811658 28238 
93.946821 27488 
94.217039 25488 
94.352209 24488 
94.876388 21238 
95.400566 16988 
95.924756 12988 
96.195959 10988 
96.289143 10238 
96.339338 10238 
96.414689 10488 
96.439827 9988 
96.481959 9988 
96.521081 9988 
96.558199 9738 
96.594317 9738 
96.629449 9738 
96.663633 9738 
96.696763 9738 
96.704928 9988 
96.720138 9988 
96.734360 10238 
96.748577 10238 
96.761779 10488 
96.774998 10488 
96.788219 10738 
96.801438 10738 
96.813651 10988 
96.825857 11238 
96.838076 11238 
96.850296 11488 
96.862513 11488 
96.873735 11738 
96.884965 11988 
96.896186 11988 
96.907398 12238 
96.918623 12238 
96.929839 12488 
96.941054 12738 
96.952271 12738 
96.963482 12988 
96.974701 13238 
96.985875 13238 
96.997089 13488 
97.007307 13488 
97.017525 13738 
97.027740 13988 
97.037954 13988 
97.048169 14238 
97.058383 14488 
97.068602 14488 
97.078818 14738 
97.089033 14988 
97.099253 14988 
97.109469 15238 
97.119676 15488 
97.129878 15488 
97.140091 15738 
97.150304 15988 
97.160523 15988 
97.170741 16238 
97.180954 16488 
97.191174 16488 
97.201392 16738 
97.211605 16988 
97.221790 16988 
97.232006 17238 
97.242220 17488 
97.252533 17738 
97.254633 17738 
97.258726 17988 
97.262821 18238 
97.266929 18488 
97.271034 18738 
97.275151 18988 
97.279252 18988 
97.283348 19238 
97.287443 19488 
97.291547 19738 
97.295649 19988 
97.299764 20238 
97.303873 20488 
97.307972 20488 
97.312070 20738 
97.316187 20988 
97.320291 21238 
97.324391 21488 
97.328507 21738 
97.332604 21988 
97.336698 22238 
97.340793 22238 
97.344895 22488 
97.348994 22738 
97.353110 22988 
97.357191 23238 
97.361286 23488 
97.365390 23738 
97.369646 23988 
97.371703 24076 
97.375778 24326 
97.379904 24576 
97.384017 24826 
97.388123 25076 
97.392224 25326 
97.396336 25576 
97.400450 25576 
97.404564 25826 
97.408679 26076 
97.412773 26326 
97.416867 26576 
97.420960 26826 
97.425066 27076 
97.429187 27076 
97.433298 27326 
97.437422 27576 
97.442537 27826 
97.447650 28076 
97.452781 28326 
97.457904 28326 
97.463006 28576 
97.468128 28826 
97.473223 29076 
97.478311 29326 
97.483405 29576 
97.489516 29576 
97.495623 29826 
97.501742 30076 
97.507872 30326 
97.513999 30576 
97.521120 30576 
97.528242 30826 
97.535362 31076 
97.543494 31326 
97.551628 31326 
97.560741 31576 
97.569854 31826 
97.579953 31826 
97.591070 32076 
97.603203 32326 
97.617326 32326 
97.633443 32576 
97.652565 32576 
97.676699 32576 
97.708835 32576 
97.760084 32576 
97.809191 32504 
97.938361 31504 
98.067546 30754 
98.325819 29754 
98.454983 28754 
98.584150 28004 
98.713317 27254 
98.842487 26254 
98.971653 25504 
99.100820 24754 
99.229980 23754 
99.359144 23004 
99.488347 22254 
99.617532 21254 
99.746713 20504 
99.875893 19754 
100.005082 19004 
100.721343 14004 
101.308537 9254 
101.949790 4254 
102.566040 250 
103.182304 250 
103.782541 250 
104.379780 250 
104.975019 250 
104.983202 500 
104.997438 500 
105.010662 750 
105.023897 750 
105.036128 1000 
105.048339 1000 
105.060547 1250 
105.071782 1500 
105.083004 1500 
105.094237 1750 
105.105475 2000 
105.115709 2000 
105.125926 2250 
105.136167 2500 
105.146388 2500 
105.156626 2750 
105.166868 3000 
105.177088 3000 
105.187304 3250 
105.197526 3250 
105.207747 3500 
105.216972 3750 
105.226201 4000 
105.235418 4000 
105.244637 4250 
105.253853 4500 
105.263069 4500 
105.272304 4750 
105.281517 5000 
105.290734 5000 
105.299952 5250 
105.309178 5500 
105.318413 5500 
105.327647 5750 
105.336880 6000 
105.346098 6250 
105.355338 6250 
105.364556 6500 
105.373768 6750 
105.383012 6750 
105.392244 7000 
105.401485 7250 
105.410696 7250 
105.419929 7500 
105.429148 7750 
105.438384 7750 
105.447618 8000 
105.456852 8250 
105.466079 8500 
105.475302 8500 
105.484535 8750 
105.493777 9000 
105.502997 9000 
105.512230 9250 
105.521466 9500 
105.530688 9500 
105.539920 9750 
105.549140 10000 
105.558369 10000 
105.566584 10250 
105.574817 10500 
105.583033 10750 
105.591270 10750 
105.599501 11000 
105.607732 11250 
105.615947 11500 
105.624173 11500 
105.632406 11750 
105.640641 12000 
105.648880 12000 
105.657108 12250 
105.665325 12500 
105.673541 12750 
105.681772 12750 
105.689983 13000 
105.698196 13250 
105.706429 13500 
105.714648 13500 
105.722880 13750 
105.731116 14000 
105.739337 14000 
105.747582 14250 
105.755817 14500 
105.764049 14750 
105.772280 14750 
105.780486 15000 
105.788721 15250 
105.796937 15500 
105.805156 15500 
105.813385 15750 
105.821598 16000 
105.829783 16000 
105.838005 16250 
105.846226 16500 
105.854501 16750 
105.862716 16750 
105.870930 17000 
105.879146 17250 
105.887361 17250 
105.895569 17500 
105.903784 17750 
105.912000 18000 
105.920217 18000 
105.928441 18250 
105.936655 18500 
105.944869 18750 
105.953088 18750 
105.961298 19000 
105.969533 19250 
105.977767 19250 
105.985984 19500 
105.994199 19750 
106.002432 20000 
106.010655 20000 
106.018870 20250 
106.027086 20500 
106.035319 20750 
106.043553 20750 
106.051786 21000 
106.060017 21250 
106.068248 21250 
106.076472 21500 
106.084693 21750 
106.092926 22000 
106.101144 22000 
106.109373 22250 
106.117586 22500 
106.125786 22750 
106.134017 22750 
106.142225 23000 
106.150432 23250 
106.158668 23250 
106.166899 23500 
106.175137 23750 
106.183368 24000 
106.191587 24000 
106.199845 24250 
106.208066 24500 
106.216271 24750 
106.224480 24750 
106.232707 25000 
106.240925 25250 
106.249160 25250 
106.257392 25500 
106.265610 25750 
106.273786 26000 
106.282000 26000 
106.290210 26250 
106.298421 26500 
106.306630 26750 
106.314846 26750 
106.323074 27000 
106.331295 27250 
106.339514 27250 
106.347748 27500 
106.355962 27750 
106.364170 28000 
106.372389 28000 
106.380612 28250 
106.388824 28500 
106.397041 28750 
106.405276 28750 
106.413509 29000 
106.421728 29250 
106.429964 29250 
106.438182 29500 
106.446404 29750 
106.454639 30000 
106.463874 30000 
106.473109 30250 
106.482337 30500 
106.491549 30500 
106.500759 30750 
106.509967 31000 
106.519186 31000 
106.528420 31250 
106.537676 31500 
106.546890 31750 
106.556098 31750 
106.565322 32000 
106.574541 32250 
106.583750 32250 
106.592968 32500 
106.602178 32750 
106.611402 32750 
106.620618 33000 
106.629839 33250 
106.639054 33250 
106.648280 33500 
106.657505 33750 
106.666721 34000 
106.675933 34000 
106.685157 34250 
106.694375 34500 
106.703600 34500 
106.712816 34750 
106.722027 35000 
106.731241 35000 
106.740465 35250 
106.749689 35500 
106.758913 35500 
106.768137 35750 
106.777361 36000 
106.786572 36250 
106.795785 36250 
106.805003 36500 
106.815211 36750 
106.825437 36750 
106.835652 37000 
106.845866 37250 
106.856092 37250 
106.866314 37500 
106.876530 37750 
106.886759 37750 
106.896985 38000 
106.907246 38000 
106.918470 38250 
106.929696 38500 
106.940911 38500 
106.952129 38750 
106.964365 39000 
106.976593 39000 
106.988826 39250 
107.002057 39250 
107.015276 39500 
107.029503 39500 
107.044714 39750 
107.060965 39750 
107.079179 40000 
107.100418 40000 
107.127636 40000 
107.166852 40000 
107.262070 39500 
107.357294 38750 
107.452529 38250 
107.547750 37750 
107.642966 37250 
107.738176 36750 
107.833395 36250 
107.928626 35500 
108.023854 35000 
108.111028 34500 
108.285260 33500 
108.459507 32250 
108.546673 31750 
108.633831 31250 
108.721127 31000 
109.680277 23122 
110.639725 16122 
111.598806 8262 
111.844011 6762 
111.907364 6762 
111.941461 6522 
111.964660 6522 
112.001892 6522 
112.037105 6522 
112.070362 6272 
112.080569 6522 
112.098831 6522 
112.116057 6772 
112.132280 6772 
112.148495 7022 
112.163916 7272 
112.168936 7474 
112.177972 7724 
112.187009 7974 
112.196066 7974 
112.200219 8224 
112.208437 8474 
112.215652 8724 
112.222865 8724 
112.230072 8974 
112.237295 9224 
112.244527 9474 
112.251744 9474 
112.258952 9724 
112.265158 9974 
112.271350 10224 
112.277549 10224 
112.283762 10474 
112.289969 10724 
112.296159 10974 
112.302358 11224 
112.308694 11474 
112.310773 11700 
112.314876 11950 
112.318962 12200 
112.323047 12450 
112.327126 12700 
112.331209 12950 
112.335301 13200 
112.339389 13200 
112.343494 13450 
112.347616 13700 
112.351723 13950 
112.355828 14200 
112.359948 14450 
112.363062 14700 
112.366182 14950 
112.369295 14950 
112.372403 15200 
112.375509 15450 
112.378616 15700 
112.381742 15950 
112.384857 16200 
112.387962 16450 
112.391078 16700 
112.394185 16950 
112.397284 16950 
112.400371 17200 
112.403477 17450 
112.406584 17700 
112.409706 17950 
112.412817 18200 
112.415937 18450 
112.419044 18700 
112.422165 18950 
112.425270 19200 
112.428388 19200 
112.431480 19450 
112.434577 19700 
112.437705 19950 
112.440817 20200 
112.443913 20450 
112.447020 20700 
112.450141 20950 
112.453247 21200 
112.456368 21450 
112.459474 21450 
112.462571 21700 
112.465677 21950 
112.468800 22200 
112.471905 22450 
112.475027 22700 
112.478132 22950 
112.481254 23200 
112.484361 23450 
112.487489 23450 
112.490587 23700 
112.493688 23950 
112.496817 24200 
112.499932 24450 
112.503032 24700 
112.506149 24950 
112.509248 25200 
112.512366 25450 
112.515466 25700 
112.519587 25700 
112.523687 25950 
112.527767 26200 
112.531875 26450 
112.535997 26700 
112.540121 26950 
112.544245 27200 
112.548365 27200 
112.552456 27450 
112.556557 27700 
112.560681 27950 
112.564806 28200 
112.568917 28450 
112.573050 28700 
112.577244 28950 
112.579349 28950 
112.583517 29200 
112.587689 29450 
112.591813 29700 
112.595981 29950 
112.600151 30200 
112.605322 30450 
112.610502 30450 
112.615672 30700 
112.620830 30950 
112.625983 31200 
112.631144 31450 
112.636315 31700 
112.641468 31700 
112.647614 31950 
112.653781 32200 
112.659935 32450 
112.666106 32700 
112.673267 32700 
112.680430 32950 
112.688588 33200 
112.696758 33450 
112.705936 33450 
112.713091 33700 
112.728322 33700 
112.745551 33950 
112.763759 33950 
112.784963 34200 
112.809197 34200 
112.839428 34200 
112.862604 34200 
112.958955 33950 
113.032058 33200 
113.105162 32950 
113.178446 32700 
113.251392 32282 
113.324339 32032 
113.397305 31532 
113.470401 31532 
113.543315 30984 
113.616198 30734 
113.689147 30234 
113.762099 29984 
113.835044 29734 
113.908007 29234 
113.981098 29234 
114.053978 28638 
114.126867 28388 
114.199813 27888 
114.272763 27638 
114.345700 27388 
114.418637 26888 
114.491701 26888 
114.564650 26292 
114.637626 26042 
114.710600 25542 
114.783689 25792 
114.856679 25042 
114.929610 24542 
115.002753 24542 
115.075693 23946 
115.148578 23696 
115.221442 23196 
115.294421 23446 
115.367454 22696 
115.440220 22374 
115.512956 22124 
115.585711 21624 
115.658476 21374 
115.731265 20874 
115.804074 20624 
115.876907 20374 
115.949767 19874 
116.022798 19874 
116.095601 19254 
116.168352 19004 
116.918751 13504 
117.347804 9586 
117.461025 9336 
117.512215 9086 
117.587454 8586 
117.611648 8836 
117.651134 8836 
117.666098 8942 
117.692228 9192 
117.703306 9442 
117.723402 9442 
117.742499 9442 
117.760592 9692 
117.778679 9692 
117.795765 9942 
117.812855 9942 
117.828992 9942 
117.834159 10192 
117.844388 10442 
117.854615 10692 
117.863844 10692 
117.873058 10942 
117.882288 11192 
117.891517 11192 
117.900731 11442 
117.908967 11692 
117.917222 11692 
117.925445 11942 
117.933675 12192 
117.941884 12442 
117.950206 12692 
117.953294 12894 
117.959411 13144 
117.965506 13394 
117.971619 13644 
117.977722 13644 
117.983832 13894 
117.988934 14144 
117.994053 14394 
117.999160 14644 
118.004271 14894 
118.009374 14894 
118.014478 15144 
118.019581 15394 
118.024677 15644 
118.029787 15894 
118.034913 16144 
118.040016 16144 
118.045103 16394 
118.050198 16644 
118.055294 16894 
118.060401 17144 
118.065518 17394 
118.070622 17394 
118.075726 17644 
118.080829 17894 
118.085922 18144 
118.091019 18394 
118.096136 18644 
118.101249 18644 
118.106351 18894 
118.111455 19144 
118.116559 19394 
118.121656 19644 
118.126744 19894 
118.131848 19894 
118.136941 20144 
118.142045 20394 
118.147140 20644 
118.152247 20894 
118.157358 20894 
118.162460 21144 
118.167580 21394 
118.172683 21644 
118.177766 21894 
118.182871 22144 
118.187992 22144 
118.193101 22394 
118.198206 22644 
118.203325 22894 
118.208430 23144 
118.213526 23394 
118.218615 23394 
118.223716 23644 
118.228832 23894 
118.233933 23960 
