0.000039 250 
0.090289 500 
0.172553 750 
0.248793 1000 
0.319008 1250 
0.385278 1500 
0.447495 1750 
0.505713 2000 
0.560980 2250 
0.613214 2500 
0.662458 2750 
0.709685 3000 
0.754888 3250 
0.798122 3500 
0.839376 3750 
0.878609 4000 
0.916890 4250 
0.953110 4500 
0.988343 4750 
1.022565 5000 
1.055799 5250 
1.088019 5500 
1.119247 5750 
1.149483 6000 
1.178744 6250 
1.206983 6500 
1.234190 6750 
1.260402 7000 
1.286608 7250 
1.311822 7500 
1.336079 7750 
1.360284 8000 
1.383510 8250 
1.406741 8500 
1.428973 8750 
1.451206 9000 
1.472469 9250 
1.493726 9500 
1.513931 9750 
1.534153 10000 
1.553386 10250 
1.572604 10500 
1.591850 10750 
1.610120 11000 
1.628296 11250 
1.646514 11500 
1.663753 11750 
1.680937 12000 
1.698110 12250 
1.714341 12500 
1.730575 12750 
1.746800 13000 
1.763036 13250 
1.778208 13500 
1.793399 13750 
1.808591 13750 
1.823766 14000 
1.837939 14000 
1.852119 14250 
1.866281 14250 
1.880453 14500 
1.894612 14750 
1.907770 14750 
1.920930 15000 
1.934083 15000 
1.947251 15250 
1.960395 15250 
1.972541 15500 
1.984707 15750 
1.996870 15750 
2.009049 16000 
2.021223 16000 
2.033408 16250 
2.045560 16250 
2.056711 16500 
2.067862 16750 
2.079014 16750 
2.090181 17000 
2.101340 17250 
2.112497 17250 
2.123660 17500 
2.133858 17750 
2.144012 17750 
2.154183 18000 
2.164344 18250 
2.174506 18250 
2.184663 18500 
2.194820 18750 
2.204973 18750 
2.215126 19000 
2.224276 19250 
2.233426 19250 
2.242575 19500 
2.251720 19750 
2.260864 19750 
2.270009 20000 
2.279149 20250 
2.288291 20250 
2.297434 20500 
2.306571 20750 
2.315709 20750 
2.324848 21000 
2.333987 21250 
2.343123 21500 
2.353283 21500 
2.363421 21750 
2.373572 22000 
2.383708 22000 
2.393846 22250 
2.403983 22500 
2.414120 22500 
2.424256 22750 
2.434408 23000 
2.445544 23000 
2.456681 23250 
2.467818 23250 
2.478963 23500 
2.490099 23750 
2.501251 23750 
2.512405 24000 
2.524549 24250 
2.536685 24250 
2.548823 24500 
2.560959 24500 
2.573092 24750 
2.585233 25000 
2.597389 25000 
2.610521 25250 
2.623672 25250 
2.636818 25500 
2.649963 25500 
2.663095 25750 
2.677233 25750 
2.691389 26000 
2.705532 26000 
2.719685 26250 
2.733822 26500 
2.748958 26500 
2.764096 26750 
2.779232 26750 
2.794363 27000 
2.810516 27000 
2.826653 27000 
2.842819 27250 
2.858973 27250 
2.876121 27500 
2.893265 27500 
2.910418 27750 
2.928548 27750 
2.946702 27750 
2.964833 28000 
2.983978 28000 
3.003117 28250 
3.022262 28250 
3.042400 28250 
3.062554 28500 
3.083698 28500 
3.104835 28500 
3.126976 28500 
3.149119 28750 
3.172264 28750 
3.195416 28750 
3.219570 28750 
3.243709 29000 
3.268862 29000 
3.295008 29000 
3.321161 29000 
3.348315 29000 
3.376467 29000 
3.405606 29000 
3.435767 29000 
3.466905 29000 
3.499043 29000 
3.532196 29000 
3.566349 29000 
3.601496 29000 
3.637646 28750 
3.675795 28750 
3.714955 28750 
3.756102 28500 
3.799252 28500 
3.844407 28500 
3.891553 28250 
3.940715 28000 
3.992883 28000 
4.048037 27750 
4.106198 27500 
4.168359 27250 
4.234520 27000 
4.304674 26500 
4.380820 26250 
4.462983 25750 
4.553122 25250 
4.651290 24750 
4.760446 24000 
4.883611 23250 
5.023794 22250 
5.186990 21250 
5.382288 20250 
5.625418 18804 
5.946589 16304 
6.189753 14554 
6.384932 13304 
6.548097 12054 
6.688402 11554 
6.811512 10554 
6.920682 9804 
7.018844 9304 
7.109003 8804 
7.191261 8554 
7.267372 7804 
7.337617 8054 
7.403751 7304 
7.465920 7054 
7.524077 6804 
7.579313 7054 
7.631457 6304 
7.680820 6554 
7.727954 6622 
7.773110 6122 
7.816376 6122 
7.857493 6098 
7.896662 5848 
7.934824 5848 
7.970991 5848 
8.006151 5848 
8.040310 5848 
8.073462 5848 
8.105625 5598 
8.136806 5598 
8.166969 5598 
8.196207 5848 
8.224339 6026 
8.251549 6026 
8.277729 6026 
8.303887 6026 
8.329046 6026 
8.353206 6026 
8.377353 6026 
8.400509 6276 
8.423677 6276 
8.445859 6276 
8.468034 6276 
8.489221 6526 
8.510408 6526 
8.530560 6526 
8.550716 6776 
8.569866 6776 
8.589137 7026 
8.608255 7026 
8.626431 7026 
8.644606 7276 
8.662771 7276 
8.679930 7276 
8.697089 7526 
8.714361 7776 
8.730462 7930 
8.746633 7930 
8.762794 8180 
8.778966 8180 
8.794136 8430 
8.809287 8430 
8.824445 8680 
8.839604 8680 
8.853758 8930 
8.867920 8930 
8.882079 9180 
8.896239 9180 
8.910411 9430 
8.923581 9430 
8.936750 9680 
8.949917 9680 
8.963085 9930 
8.976262 9930 
8.988434 10180 
9.000612 10430 
9.012780 10430 
9.024952 10680 
9.037118 10680 
9.049280 10930 
9.061435 11180 
9.072591 11180 
9.083755 11430 
9.094931 11680 
9.106198 11930 
9.117300 11930 
9.128464 11930 
9.139629 12180 
9.149827 12430 
9.159985 12430 
9.170157 12680 
9.180340 12930 
9.190519 12930 
9.200665 13180 
9.210822 13430 
9.221049 13680 
9.231172 13834 
9.240337 14084 
9.249482 14084 
9.258640 14334 
9.267810 14584 
9.276965 14584 
9.286142 14834 
9.295315 15084 
9.304470 15334 
9.313616 15334 
9.322798 15584 
9.331975 15834 
9.341136 15834 
9.349289 16084 
9.357458 16334 
9.365606 16334 
9.373753 16584 
9.381930 16834 
9.390102 17084 
9.398257 17084 
9.406406 17334 
9.414590 17584 
9.422756 17834 
9.430910 17834 
9.439080 18084 
9.447239 18334 
9.454394 18584 
9.461570 18584 
9.468748 18834 
9.475924 19084 
9.483079 19334 
9.490235 19334 
9.497395 19584 
9.504563 19834 
9.511711 20084 
9.518859 20084 
9.526005 20334 
9.533182 20584 
9.540364 20834 
9.547549 20834 
9.554703 21084 
9.561858 21334 
9.569007 21584 
9.576161 21584 
9.583318 21834 
9.591471 22084 
9.599631 22334 
9.607882 22584 
9.615979 22762 
9.624133 23012 
9.632275 23262 
9.640430 23262 
9.648587 23512 
9.656743 23762 
9.664900 24012 
9.673054 24012 
9.681209 24262 
9.689354 24512 
9.698508 24512 
9.707663 24762 
9.716817 25012 
9.725967 25012 
9.735132 25262 
9.744287 25512 
9.753434 25762 
9.762587 25762 
9.771742 26012 
9.780890 26262 
9.790047 26262 
9.799202 26512 
9.809355 26762 
9.819502 26762 
9.829657 27012 
9.839816 27262 
9.849966 27262 
9.860115 27512 
9.870264 27762 
9.880416 27762 
9.890572 28012 
9.901720 28262 
9.912871 28262 
9.924027 28512 
9.935190 28762 
9.946346 28762 
9.957499 29012 
9.968649 29012 
9.980804 29262 
9.992953 29512 
10.005117 29512 
10.017262 29762 
10.029401 29762 
10.041562 30012 
10.053710 30262 
10.066868 30262 
10.080016 30512 
10.093167 30512 
10.106322 30762 
10.119520 31012 
10.133655 31166 
10.147796 31166 
10.161952 31416 
10.176102 31416 
10.190258 31666 
10.205401 31666 
10.220572 31916 
10.235730 31916 
10.250887 32166 
10.267044 32166 
10.283201 32416 
10.299374 32416 
10.315520 32666 
10.332694 32666 
10.349854 32916 
10.367013 32916 
10.385168 33166 
10.403321 33166 
10.421467 33166 
10.440626 33416 
10.459786 33416 
10.478943 33416 
10.499101 33666 
10.519259 33666 
10.540414 33666 
10.561560 33916 
10.583711 33916 
10.605870 33916 
10.629130 34166 
10.652215 34320 
10.676384 34320 
10.700574 34320 
10.725732 34320 
10.751882 34320 
10.778063 34320 
10.805245 34570 
10.833432 34570 
10.862599 34570 
10.892767 34570 
10.923934 34570 
10.956114 34320 
10.989327 34320 
11.023493 34320 
11.058649 34320 
11.094809 34320 
11.132969 34320 
11.172252 34570 
11.213368 34070 
11.256704 34070 
11.301745 33950 
11.348908 33700 
11.398075 33700 
11.450238 33450 
11.505412 33200 
11.563577 32950 
11.625736 32700 
11.691990 32950 
11.762111 32200 
11.838289 31700 
11.920485 31200 
12.010897 30950 
12.109166 31056 
12.218082 30306 
12.341293 29556 
12.481484 29056 
12.644907 28056 
12.839914 27710 
13.083089 25960 
13.404269 23460 
13.877448 19710 
14.777636 13210 
15.250815 9460 
15.571983 7210 
15.815155 5460 
16.010339 3960 
16.173532 2960 
16.313710 1960 
16.436968 1460 
16.546219 710 
16.644304 250 
16.734463 250 
16.816623 250 
16.892792 250 
16.962958 250 
17.029117 250 
17.091275 250 
17.149456 250 
17.204622 250 
17.256805 250 
17.305971 250 
17.353138 250 
17.398318 250 
17.441484 250 
17.482664 250 
17.521833 250 
17.560014 250 
17.596196 250 
17.631347 250 
17.665530 250 
17.698689 250 
17.730856 250 
17.762023 250 
17.792191 250 
17.821365 250 
17.849521 250 
17.876699 250 
17.902882 250 
17.929065 250 
17.954224 250 
17.978383 250 
18.002537 500 
18.025700 500 
18.048865 500 
18.071023 500 
18.093174 750 
18.114329 750 
18.135487 750 
18.155638 750 
18.175794 1000 
18.194952 1000 
18.214103 1250 
18.233260 1250 
18.270505 1250 
18.288695 1250 
18.306861 1250 
18.324017 1500 
18.341168 1500 
18.358325 1750 
18.374483 1750 
18.390639 2000 
18.406790 2000 
18.422939 2250 
18.438096 2250 
18.453237 2500 
18.468408 2500 
18.483558 2750 
18.497714 2750 
18.511871 3000 
18.526039 3000 
18.540219 3250 
18.554370 3250 
18.567519 3500 
18.580670 3500 
18.593826 3750 
18.606977 3750 
18.620136 4000 
18.632294 4250 
18.644453 4250 
18.656603 4500 
18.668754 4500 
18.680909 4750 
18.693066 5000 
18.705223 5000 
18.716379 5250 
18.727530 5250 
18.738686 5500 
18.749841 5750 
18.761001 5750 
18.772156 6000 
18.783313 6250 
18.793463 6250 
18.803612 6500 
18.813769 6750 
18.823921 6750 
18.834077 7000 
18.844227 7250 
18.854380 7250 
18.864536 7500 
18.874693 7750 
18.883845 7750 
18.893001 8000 
18.902156 8250 
18.911304 8250 
18.920461 8500 
18.929616 8750 
18.938773 8750 
18.947930 9000 
18.957086 9250 
18.966242 9250 
18.975382 9500 
18.984536 9750 
18.992692 10000 
19.000843 10000 
19.008998 10250 
19.017154 10500 
19.025295 10750 
19.033442 10750 
19.041594 11000 
19.049755 11250 
19.057911 11250 
19.066060 11500 
19.074213 11750 
19.082370 12000 
19.090526 12000 
19.097672 12250 
19.104826 12500 
19.111983 12750 
19.119138 12750 
19.126306 13000 
19.133458 13250 
19.140613 13500 
19.147770 13500 
19.154916 13750 
19.162071 14000 
19.169226 14250 
19.176394 14250 
19.183549 14500 
19.190699 14750 
19.197852 15000 
19.205010 15250 
19.212165 15250 
19.219314 15500 
19.225466 15750 
19.231620 16000 
19.237776 16000 
19.243930 16250 
19.250082 16500 
19.256238 16750 
19.262393 17000 
19.268549 17000 
19.274702 17250 
19.280853 17500 
19.287008 17750 
19.293164 18000 
19.299320 18000 
19.305472 18250 
19.311620 18500 
19.317774 18750 
19.323928 19000 
19.330085 19000 
19.336239 19250 
19.342389 19500 
19.348542 19750 
19.354699 20000 
19.360852 20000 
19.367005 20250 
19.373155 20500 
19.379316 20750 
19.385476 20750 
19.391629 21000 
19.397786 21250 
19.403944 21500 
19.410100 21750 
19.416257 21750 
19.422411 22000 
19.428568 22250 
19.434710 22500 
19.440867 22750 
19.447023 22750 
19.453178 23000 
19.459341 23250 
19.465481 23500 
19.471634 23750 
19.477790 23750 
19.483943 24000 
19.490100 24250 
19.496250 24500 
19.502404 24750 
19.508560 24750 
19.515715 25000 
19.522862 25250 
19.530019 25500 
19.537175 25500 
19.544330 25750 
19.551493 26000 
19.558643 26250 
19.565799 26250 
19.572962 26500 
19.580124 26750 
19.587294 27000 
19.594469 27250 
19.601646 27250 
19.608823 27500 
19.615988 27750 
19.623165 28000 
19.630343 28000 
19.637518 28250 
19.645678 28500 
19.653837 28750 
19.661985 28750 
19.670141 29000 
19.678299 29250 
19.686488 29250 
19.694665 29500 
19.702843 29750 
19.711017 30000 
19.719175 30000 
19.727330 30250 
19.735508 30500 
19.743674 30750 
19.752831 30750 
19.761994 31000 
19.771135 31250 
19.780292 31250 
19.789466 31500 
19.798636 31750 
19.807809 31750 
19.816965 32000 
19.826121 32250 
19.835284 32500 
19.844433 32500 
19.853587 32750 
19.863737 33000 
19.873895 33000 
19.884052 33250 
19.894211 33500 
19.904369 33500 
19.914525 33750 
19.924676 34000 
19.934833 34000 
19.945013 34250 
19.956171 34250 
19.967327 34500 
19.978506 34750 
19.989688 34750 
20.000866 35000 
20.012032 35250 
20.023205 35250 
20.035384 35500 
20.047558 35500 
20.059729 35750 
20.071908 36000 
20.084089 36000 
20.096268 36250 
20.108454 36250 
20.121639 36500 
20.134786 36750 
20.147945 36750 
20.161101 37000 
20.174259 37000 
20.188416 37250 
20.202597 37250 
20.216776 37500 
20.230951 37500 
20.245129 37750 
20.260289 37750 
20.275461 38000 
20.290612 38000 
20.305776 38250 
20.321943 38250 
20.338106 38500 
20.354288 38500 
20.370452 38750 
20.387632 38750 
20.404813 39000 
20.421980 39000 
20.440146 39000 
20.458340 39250 
20.476529 39250 
20.495707 39250 
20.514887 39500 
20.534061 39500 
20.554220 39750 
20.574405 39750 
20.595592 39750 
20.616760 39750 
20.638942 40000 
20.661126 40000 
20.684292 40000 
20.707612 40000 
20.731673 40000 
20.755839 40000 
20.781005 40000 
20.807159 40000 
20.833333 40000 
20.860507 40000 
20.888688 40000 
20.917870 40000 
20.948050 40000 
20.979238 40000 
21.011408 40000 
21.044589 40000 
21.078771 40000 
21.113949 40000 
21.150120 40000 
21.188301 39750 
21.227624 40000 
21.268705 39904 
21.311870 39654 
21.357030 39654 
21.404183 39404 
21.453340 39404 
21.505513 39154 
21.560668 38904 
21.618857 38654 
21.681027 38404 
21.747208 38154 
21.817394 37654 
21.893577 37404 
21.975929 37154 
22.065937 36510 
22.164098 36010 
22.273301 35260 
22.396538 34510 
22.536765 33510 
22.699979 32510 
22.895352 31760 
23.138410 30342 
23.459597 28092 
23.932788 24342 
24.833050 17342 
25.246269 14592 
26.146452 7342 
26.619641 3592 
26.940844 2092 
27.184013 342 
27.379183 250 
27.542349 250 
27.682520 250 
27.805697 250 
27.914880 250 
28.013057 250 
28.103232 250 
28.185410 250 
28.261591 250 
28.331769 250 
28.397947 250 
28.460126 250 
28.518304 250 
28.573480 250 
28.625641 250 
28.674803 250 
28.721972 250 
28.767143 250 
28.810319 250 
28.851495 250 
28.890667 250 
28.928844 250 
28.965022 250 
29.000200 250 
29.034381 250 
29.067550 250 
29.099732 250 
29.130913 250 
29.161087 250 
29.190239 250 
29.218402 250 
29.245560 250 
29.271718 250 
29.297899 250 
29.323078 250 
29.347258 250 
29.371433 500 
29.394588 500 
29.417770 500 
29.439952 500 
29.462125 750 
29.483292 750 
29.504472 750 
29.524645 1000 
29.544810 1000 
29.563991 1000 
29.583173 1250 
29.602363 1250 
29.620536 1250 
29.638715 1500 
29.656897 1500 
29.674069 1750 
29.691236 1750 
29.708415 1750 
29.724594 2000 
29.740774 2000 
29.756953 2250 
29.773133 2250 
29.788312 2500 
29.803492 2500 
29.818671 2750 
29.833843 2750 
29.847999 3000 
29.862165 3000 
29.876344 3250 
29.890510 3250 
29.904688 3500 
29.917862 3500 
29.931031 3750 
29.944222 4000 
29.957386 4000 
29.970563 4250 
29.982729 4250 
29.994908 4500 
30.007092 4500 
30.019279 4750 
30.031458 5000 
30.043638 5000 
30.055817 5250 
30.066996 5250 
30.078170 5500 
30.089344 5750 
30.100512 5750 
30.111698 6000 
30.122870 6250 
30.134043 6250 
30.144207 6500 
30.154385 6750 
30.164554 6750 
30.174733 7000 
30.184913 7250 
30.195094 7250 
30.205277 7500 
30.215458 7500 
30.225615 7750 
30.234777 8000 
30.243940 8250 
30.253101 8250 
30.262266 8500 
30.271429 8750 
30.280596 8750 
30.289776 9000 
30.298930 9250 
30.308095 9250 
30.326334 9500 
30.335511 9500 
30.344684 9750 
30.352851 10000 
30.361027 10250 
30.369192 10250 
30.377362 10500 
30.385519 10750 
30.393677 11000 
30.401844 11000 
30.410023 11250 
30.418199 11500 
30.426364 11500 
30.434546 11750 
30.442723 12000 
30.450899 12250 
30.458065 12250 
30.465248 12500 
30.472433 12750 
30.479587 13000 
30.486753 13000 
30.493929 13250 
30.501102 13500 
30.508280 13750 
30.515466 14000 
30.522632 14000 
30.529805 14250 
30.536960 14500 
30.544115 14750 
30.551272 14750 
30.558434 15000 
30.565608 15250 
30.572765 15500 
30.579920 15500 
30.586076 15750 
30.592226 16000 
30.598382 16250 
30.604559 16500 
30.610738 16500 
30.616915 16750 
30.623087 17000 
30.629241 17250 
30.635482 17500 
30.641574 17500 
30.647751 17750 
30.653922 18000 
30.660086 18250 
30.666264 18250 
30.672442 18500 
30.678620 18750 
30.684791 19000 
30.690955 19250 
30.697134 19250 
30.703312 19500 
30.709487 19750 
30.715650 20000 
30.721802 20250 
30.727966 20250 
30.734122 20500 
30.740278 20750 
30.746450 21000 
30.752612 21250 
30.758788 21250 
30.764965 21500 
30.771143 21750 
30.777281 22000 
30.783436 22250 
30.789614 22250 
30.795792 22500 
30.801970 22750 
30.808149 23000 
30.814327 23250 
30.820506 23250 
30.826684 23500 
30.832862 23750 
30.839033 24000 
30.845197 24250 
30.851375 24250 
30.857550 24500 
30.863720 24750 
30.870876 25000 
30.878055 25000 
30.885233 25250 
30.892412 25500 
30.899574 25750 
30.906741 25750 
30.913919 26000 
30.921097 26250 
30.928273 26500 
30.935423 26500 
30.942594 26750 
30.949749 27000 
30.956905 27250 
30.964070 27500 
30.971248 27500 
30.978427 27750 
30.985602 28000 
30.992765 28250 
31.000923 28250 
31.009079 28500 
31.017239 28750 
31.025397 28750 
31.033565 29000 
31.041720 29250 
31.049877 29500 
31.058054 29500 
31.066219 29750 
31.074391 30000 
31.082550 30250 
31.090737 30250 
31.098916 30500 
31.108095 30750 
31.117278 30750 
31.126442 31000 
31.135620 31250 
31.144792 31500 
31.153948 31500 
31.163126 31750 
31.172306 32000 
31.181459 32000 
31.190636 32250 
31.199808 32500 
31.208965 32500 
31.219122 32750 
31.229283 33000 
31.239464 33000 
31.249643 33250 
31.259823 33500 
31.270005 33500 
31.280185 33750 
31.290366 34000 
31.300547 34000 
31.311726 34250 
31.322906 34500 
31.334086 34500 
31.345265 34750 
31.367491 34750 
31.378640 35000 
31.389791 35000 
31.401947 35250 
31.414105 35500 
31.426262 35500 
31.438441 35750 
31.450593 35750 
31.462749 36000 
31.474902 36250 
31.488069 36250 
31.501227 36500 
31.514389 36500 
31.527547 36750 
31.540698 36750 
31.554854 37000 
31.569009 37000 
31.583180 37250 
31.597358 37250 
31.611538 37500 
31.626718 37500 
31.641875 37750 
31.657055 37750 
31.672236 38000 
31.688418 38000 
31.704576 38250 
31.720735 38250 
31.736908 38500 
31.754083 38500 
31.771260 38750 
31.788419 38750 
31.806576 38750 
31.824734 39000 
31.842892 39000 
31.862050 39250 
31.881209 39250 
31.900373 39250 
31.920554 39500 
31.940735 39500 
31.961914 39500 
31.983095 39750 
32.005286 39750 
32.027456 39750 
32.050622 39750 
32.073803 40000 
32.097984 40000 
32.122171 40000 
32.147340 40000 
32.173517 40000 
32.199684 40000 
32.227043 40000 
32.255075 40000 
32.284241 40000 
32.314400 40000 
32.345563 39750 
32.377810 40000 
32.410915 39750 
32.445080 39750 
32.480261 39750 
32.516517 40000 
32.554667 39750 
32.593832 39500 
32.635084 39750 
32.678205 39250 
32.723364 39250 
32.770655 39500 
32.819804 39000 
32.872150 39000 
32.927265 39130 
32.985410 38380 
33.047654 38630 
33.113809 37880 
33.184074 38130 
33.260356 37380 
33.342425 36808 
33.432703 36808 
33.530886 36058 
33.640181 35308 
33.763249 34486 
33.903489 34736 
34.066624 32986 
34.261788 31736 
34.504948 29986 
34.826191 27736 
35.299314 24486 
36.199496 17236 
36.612740 13986 
37.512950 6736 
37.986241 3236 
38.307393 920 
38.550561 250 
38.745728 250 
38.908894 250 
39.049068 250 
39.172238 250 
39.281398 250 
39.379557 250 
39.469719 250 
39.551879 250 
39.628039 250 
39.698222 250 
39.764415 250 
39.826578 250 
39.884737 250 
39.939897 250 
39.992084 250 
40.041246 250 
40.088417 250 
40.133570 250 
40.176728 250 
40.217888 250 
40.257057 250 
40.295224 250 
40.331383 250 
40.366543 250 
40.400702 250 
40.433873 250 
40.466027 250 
40.497189 250 
40.527361 250 
40.556542 250 
40.584700 250 
40.611859 250 
40.638044 250 
40.664203 250 
40.689384 250 
40.713559 500 
40.737731 500 
40.760921 500 
40.784088 500 
40.806272 500 
40.828452 750 
40.849628 750 
40.870791 750 
40.890943 1000 
40.911102 1000 
40.930262 1000 
40.949416 1250 
40.968567 1250 
40.986726 1250 
41.004890 1500 
41.023071 1500 
41.040251 1750 
41.057427 1750 
41.074599 2000 
41.090767 2000 
41.106949 2000 
41.123129 2250 
41.139306 2250 
41.154463 2500 
41.169643 2500 
41.184822 2750 
41.199998 2750 
41.214155 3000 
41.228308 3000 
41.242467 3250 
41.256619 3250 
41.270796 3500 
41.283975 3750 
41.297150 3750 
41.310330 4000 
41.323512 4000 
41.336691 4250 
41.348863 4250 
41.361023 4500 
41.373181 4750 
41.385337 4750 
41.397489 5000 
41.409653 5000 
41.421810 5250 
41.432968 5500 
41.444126 5500 
41.455283 5750 
41.466434 5750 
41.477589 6000 
41.488747 6250 
41.499899 6250 
41.510057 6500 
41.520216 6750 
41.530378 6750 
41.540536 7000 
41.550715 7250 
41.560884 7250 
41.571042 7500 
41.581200 7750 
41.591351 7750 
41.600508 8000 
41.609665 8250 
41.618843 8250 
41.628025 8500 
41.637202 8750 
41.646378 8750 
41.655528 9000 
41.664684 9250 
41.673842 9500 
41.682993 9500 
41.692170 9750 
41.701319 10000 
41.718527 10000 
41.735734 10000 
41.752959 10250 
41.761132 10500 
41.769295 10500 
41.777468 10750 
41.785638 11000 
41.793808 11250 
41.801977 11250 
41.818209 11500 
41.834424 11500 
41.842577 11750 
41.857784 11750 
41.872991 12000 
41.888197 12000 
41.903418 12250 
41.910591 12500 
41.917766 12500 
41.924946 12750 
41.932125 13000 
41.946345 13000 
41.953519 13250 
41.967748 13500 
41.974922 13750 
41.989140 13750 
41.996299 14000 
42.010508 14000 
42.024723 14250 
42.038929 14250 
42.053136 14500 
42.066344 14500 
42.079558 14750 
42.085713 15000 
42.091880 15250 
42.098039 15250 
42.110248 15500 
42.122456 15750 
42.134664 15750 
42.146873 16000 
42.159081 16000 
42.171290 16250 
42.183495 16500 
42.195703 16500 
42.207910 16750 
42.220117 16750 
42.232326 17000 
42.244540 17250 
42.250702 17250 
42.262911 17500 
42.275164 17750 
42.281290 17750 
42.287453 18000 
42.293625 18250 
42.299800 18500 
42.305958 18500 
42.311113 18750 
42.316268 19000 
42.321415 19250 
42.326562 19500 
42.331718 19750 
42.336874 19750 
42.342052 20000 
42.347222 20250 
42.352380 20500 
42.357534 20750 
42.362686 21000 
42.372895 21000 
42.378050 21250 
42.383207 21500 
42.388372 21750 
42.393542 22000 
42.399697 22000 
42.405851 22250 
42.412007 22500 
42.418165 22750 
42.424320 23000 
42.430478 23000 
42.436654 23250 
42.448861 23500 
42.455023 23750 
42.461202 23750 
42.467374 24000 
42.473528 24250 
42.479677 24500 
42.485834 24500 
42.491988 24750 
42.498151 25000 
42.504325 25250 
42.510483 25500 
42.516640 25500 
42.522794 25750 
42.528950 26000 
42.535107 26250 
42.541258 26500 
42.554467 26500 
42.561620 26750 
42.568782 27000 
42.575939 27000 
42.583094 27250 
42.590267 27500 
42.597411 27750 
42.604565 28000 
42.611723 28000 
42.618878 28250 
42.626033 28500 
42.633184 28750 
42.640340 28750 
42.647495 29000 
42.654651 29250 
42.661802 29500 
42.668959 29500 
42.676114 29750 
42.683269 30000 
42.691421 30250 
42.699578 30250 
42.707735 30500 
42.715890 30750 
42.724065 31000 
42.732231 31000 
42.740409 31250 
42.756620 31250 
42.764776 31500 
42.772931 31750 
42.781088 32000 
42.789272 32000 
42.805500 32250 
42.814649 32500 
42.823806 32500 
42.832961 32750 
42.842118 33000 
42.851291 33000 
42.860468 33250 
42.869649 33500 
42.878824 33500 
42.887986 33750 
42.897159 34000 
42.906310 34000 
42.915468 34250 
42.925625 34500 
42.935777 34500 
42.945934 34750 
42.956091 35000 
42.966253 35000 
42.976411 35250 
42.986569 35500 
42.996720 35500 
43.006878 35750 
43.018036 36000 
43.029187 36000 
43.040362 36250 
43.051538 36500 
43.062697 36500 
43.073854 36750 
43.085010 37000 
43.097170 37000 
43.109326 37250 
43.121475 37250 
43.133632 37500 
43.145792 37500 
43.157951 37750 
43.170108 38000 
43.183270 38000 
43.196427 38250 
43.209576 38250 
43.222734 38500 
43.235902 38500 
43.250053 38750 
43.264210 39000 
43.278371 39000 
43.292527 39250 
43.306689 39250 
43.321846 39500 
43.336998 39500 
43.352156 39750 
43.367309 39750 
43.383466 40000 
43.399619 40000 
43.415879 40000 
43.431981 40000 
43.449139 40000 
43.466298 40000 
43.483457 40000 
43.501624 40000 
43.519777 40000 
43.537942 40000 
43.557100 40000 
43.576267 40000 
43.595429 40000 
43.615597 40000 
43.635756 40000 
43.656925 40000 
43.678093 40000 
43.700253 40000 
43.722419 40000 
43.745579 40000 
43.768746 40000 
43.792908 40000 
43.817086 40000 
43.842250 40000 
43.868412 40000 
43.894573 40000 
43.921734 40000 
43.949993 40000 
43.979105 39750 
44.009260 39750 
44.071496 39500 
44.103663 39500 
44.136825 39250 
44.171183 39500 
44.206185 39356 
44.242350 39356 
44.280517 39356 
44.319832 39356 
44.360918 39332 
44.404100 39332 
44.449279 39082 
44.496468 38832 
44.545636 38832 
44.597798 38582 
44.652950 38332 
44.711230 38332 
44.773319 38010 
44.839480 37760 
44.909643 37510 
44.985804 37010 
45.067964 36510 
45.158226 36760 
45.256335 35760 
45.365496 35010 
45.488665 34260 
45.628913 33760 
45.792106 33010 
45.987260 31260 
46.230423 29510 
46.551667 27510 
47.024806 24010 
47.924998 16760 
48.338234 13510 
49.238416 7010 
49.711606 3510 
50.032772 1010 
50.275939 250 
50.471123 250 
50.634307 250 
50.774467 250 
50.897631 250 
51.006791 250 
51.104952 250 
51.195112 250 
51.277296 250 
51.353479 250 
51.423661 250 
51.489845 250 
51.552028 250 
51.610211 250 
51.665395 250 
51.717577 250 
51.766761 250 
51.813944 250 
51.859127 250 
51.902312 250 
51.943494 250 
51.982670 250 
52.020829 250 
52.057012 250 
52.092192 250 
52.126350 250 
52.159531 250 
52.191741 250 
52.222898 250 
52.253056 250 
52.282216 250 
52.310375 250 
52.337536 250 
52.363695 250 
52.389855 250 
52.415015 500 
52.439168 500 
52.463326 500 
52.486485 500 
52.509644 500 
52.531797 750 
52.553955 750 
52.575111 750 
52.596276 750 
52.616444 1000 
52.636607 1000 
52.655771 1000 
52.674930 1250 
52.694090 1250 
52.712243 1500 
52.730410 1500 
52.748576 1500 
52.765735 1750 
52.782893 1750 
52.800046 2000 
52.816204 2000 
52.832355 2250 
52.848513 2250 
52.864672 2500 
52.879830 2500 
52.894991 2750 
52.910149 2750 
52.925298 3000 
52.939465 3000 
52.953638 3250 
52.967794 3250 
52.981978 3500 
52.996165 3500 
53.009341 3750 
53.022516 3750 
53.035672 4000 
53.048833 4000 
53.062011 4250 
53.074180 4500 
53.086338 4500 
53.098494 4750 
53.110654 4750 
53.122811 5000 
53.134964 5250 
53.147118 5250 
53.158294 5500 
53.180509 5500 
53.191663 5750 
53.202807 5750 
53.213954 6000 
53.225108 6250 
53.236267 6250 
53.246423 6500 
53.256577 6500 
53.266736 6750 
53.276895 7000 
53.287059 7000 
53.297216 7250 
53.307395 7500 
53.317546 7500 
53.327701 7750 
53.336879 8000 
53.355101 8000 
53.364257 8250 
53.373412 8500 
53.382568 8500 
53.391745 8750 
53.409966 8750 
53.419122 9000 
53.437287 9000 
53.446446 9250 
53.455601 9500 
53.464758 9750 
53.481969 9750 
53.490124 10000 
53.498282 10000 
53.506462 10250 
53.514640 10500 
53.530862 10500 
53.539018 10750 
53.547174 11000 
53.555331 11250 
53.571558 11250 
53.579735 11500 
53.587917 11500 
53.603125 11750 
53.610282 12000 
53.617437 12000 
53.624585 12250 
53.631743 12500 
53.645950 12500 
53.653103 12750 
53.660258 13000 
53.674482 13250 
53.688697 13250 
53.695852 13500 
53.703032 13750 
53.717237 13750 
53.724403 14000 
53.738610 14000 
53.745760 14250 
53.752924 14500 
53.767142 14500 
53.774292 14750 
53.780448 15000 
53.792656 15250 
53.804862 15250 
53.811018 15500 
53.817175 15750 
53.829390 15750 
53.835538 16000 
53.841694 16250 
53.853911 16500 
53.866173 16500 
53.872329 16750 
53.884551 17000 
53.896777 17000 
53.902935 17250 
53.909114 17500 
53.921294 17500 
53.933516 17750 
53.939684 18000 
53.951908 18000 
53.958055 18250 
53.964210 18500 
53.970367 18750 
53.976548 18750 
53.987772 19000 
53.999000 19250 
54.004177 19500 
54.014392 19500 
54.019539 19750 
54.024692 20000 
54.029848 20250 
54.040058 20250 
54.045215 20500 
54.055429 20750 
54.060586 21000 
54.070795 21000 
54.075951 21250 
54.087159 21500 
54.093295 21750 
54.105518 21750 
54.111689 22000 
54.117866 22250 
54.124045 22500 
54.136255 22500 
54.142401 22750 
54.148555 23000 
54.154714 23250 
54.166923 23250 
54.173071 23500 
54.179226 23750 
54.185467 24000 
54.191545 24000 
54.197714 24250 
54.209921 24500 
54.216079 24500 
54.222236 24750 
54.234435 25000 
54.240589 25250 
54.246747 25250 
54.252904 25500 
54.266122 25750 
54.273297 26000 
54.287530 26000 
54.301755 26250 
54.308934 26250 
54.316098 26500 
54.330317 26750 
54.337473 26750 
54.344626 27000 
54.358824 27250 
54.365979 27250 
54.373137 27500 
54.387336 27750 
54.394490 28000 
54.401647 28000 
54.408804 28250 
54.423006 28500 
54.437215 28500 
54.444379 28750 
54.459590 28750 
54.467756 29000 
54.483982 29250 
54.492146 29250 
54.500325 29500 
54.516553 29500 
54.524706 29750 
54.532879 30000 
54.549090 30000 
54.557245 30250 
54.573464 30500 
54.581618 30500 
54.589775 30750 
54.606987 30750 
54.616143 31000 
54.634343 31250 
54.643501 31250 
54.652658 31500 
54.661807 31750 
54.670964 31750 
54.680119 32000 
54.689297 32250 
54.707517 32250 
54.716673 32500 
54.735886 32500 
54.746043 32750 
54.756195 32750 
54.766352 33000 
54.786560 33000 
54.796716 33250 
54.806874 33500 
54.827089 33500 
54.837246 33750 
54.847413 33750 
54.858569 34000 
54.869728 34250 
54.880890 34250 
54.892047 34500 
54.903206 34750 
54.914369 34750 
54.925527 35000 
54.937678 35000 
54.949834 35250 
54.974046 35250 
54.986202 35500 
54.998356 35500 
55.010510 35750 
55.035727 35750 
55.048899 36000 
55.062052 36000 
55.075210 36250 
55.101418 36250 
55.114573 36500 
55.128733 36500 
55.142889 36750 
55.157114 37000 
55.171236 37008 
55.185393 37008 
55.200547 37258 
55.230757 37258 
55.245910 37258 
55.261064 37508 
55.292295 37508 
55.308448 37508 
55.324604 37758 
55.357815 37508 
55.374974 37758 
55.392134 37758 
55.409327 38008 
55.427492 38008 
55.445652 38008 
55.463827 38258 
55.482997 38258 
55.502169 38508 
55.521337 38508 
55.541565 38758 
55.561680 38936 
55.582850 38936 
55.626062 38686 
55.669285 38686 
55.713507 38686 
55.736683 38686 
55.759860 38686 
55.784032 38686 
55.808198 38686 
55.858431 38686 
55.884601 38686 
55.937822 38436 
55.964981 38436 
56.021196 38186 
56.050502 38436 
56.080591 38340 
56.111754 38340 
56.175966 38090 
56.241180 37840 
56.307401 37590 
56.342583 37590 
56.415796 37090 
56.490028 36840 
56.529196 36590 
56.570363 36590 
56.613531 36590 
56.658705 36340 
56.752992 36590 
56.802162 35840 
56.854342 35840 
56.909505 35590 
56.967674 35340 
57.029827 35090 
57.095989 34590 
57.166147 34340 
57.318513 33590 
57.400582 32850 
57.490762 32350 
57.589073 32100 
57.698129 31302 
57.821293 30552 
58.107542 28552 
58.270732 27302 
58.466077 26302 
58.709140 24384 
59.030354 21884 
59.503761 18884 
60.404939 12192 
60.878120 8442 
61.199300 6192 
61.763526 1692 
61.958732 942 
62.121921 250 
62.262089 250 
62.385264 250 
62.606477 250 
62.819682 250 
63.024901 250 
63.107067 250 
63.183247 250 
63.253425 250 
63.319605 250 
63.381777 250 
63.439958 250 
63.495135 250 
63.547306 250 
63.596469 250 
63.643636 250 
63.688813 250 
63.775022 250 
63.859238 250 
63.942451 250 
64.023661 250 
64.103873 250 
64.183084 250 
64.261296 250 
64.338515 250 
64.370694 250 
64.401874 250 
64.432053 250 
64.461224 250 
64.517447 250 
64.544611 250 
64.597824 250 
64.650039 250 
64.701261 250 
64.752508 250 
64.776680 250 
64.799858 500 
64.823036 500 
64.845207 500 
64.867378 500 
64.888552 750 
64.909713 750 
64.929885 750 
64.950049 1000 
64.969209 1000 
65.007425 1000 
65.044636 1000 
65.081848 750 
65.119067 750 
65.137236 750 
65.154428 1000 
65.188658 1000 
65.205840 1000 
65.239053 1000 
65.272264 1000 
65.305475 1000 
65.337697 1000 
65.352868 1000 
65.383092 1000 
65.398262 1250 
65.427493 1250 
65.441672 1250 
65.455849 1500 
65.484064 1500 
65.512277 1500 
65.539495 1500 
65.552670 1750 
65.565835 1750 
65.592053 1750 
65.618265 1750 
65.643478 2000 
65.655637 2000 
65.667806 2250 
65.692034 2250 
65.704198 2500 
65.728414 2500 
65.752631 2500 
65.775843 2500 
65.799055 2500 
65.822265 2750 
65.845471 2750 
65.868682 2750 
65.891910 2750 
65.903074 3000 
65.924285 3000 
65.945496 3000 
65.966707 3250 
65.987919 3250 
66.009133 3250 
66.030343 3500 
66.051556 3500 
66.072768 3500 
66.093980 3750 
66.114191 3750 
66.134402 3750 
66.154617 4000 
66.174834 4000 
66.195045 4000 
66.215254 4250 
66.235466 4250 
66.255684 4250 
66.264845 4500 
66.283063 4500 
66.292217 4750 
66.310428 4750 
66.319589 5000 
66.327746 5250 
66.343978 5250 
66.352135 5500 
66.368346 5500 
66.384555 5750 
66.392712 6000 
66.408923 6000 
66.417079 6250 
66.433326 6250 
66.449529 6500 
66.457683 6500 
66.473891 6750 
66.482045 7000 
66.497249 7000 
66.504420 7250 
66.518629 7250 
66.525778 7500 
66.532936 7750 
66.540094 8000 
66.554320 8000 
66.568552 8250 
66.582783 8250 
66.597018 8500 
66.611235 8500 
66.625464 8750 
66.632642 9000 
66.646848 9000 
66.654006 9250 
66.668216 9250 
66.682449 9500 
66.695660 9500 
66.708869 9750 
66.722096 10000 
66.735323 10000 
66.748531 10250 
66.761743 10250 
66.774954 10500 
66.788166 10500 
66.801374 10750 
66.814582 11000 
66.827793 11000 
66.841004 11250 
66.854214 11250 
66.867424 11500 
66.880633 11500 
66.893846 11750 
66.907057 11750 
66.920281 12000 
66.933501 12250 
66.939667 12250 
66.951891 12500 
66.964124 12750 
66.970299 12750 
66.982522 13000 
66.993754 13250 
67.004982 13250 
67.016191 13500 
67.027386 13500 
67.038595 13750 
67.049810 14000 
67.061019 14000 
67.072229 14250 
67.083438 14500 
67.094648 14500 
67.105858 14750 
67.117067 14750 
67.128276 15000 
67.139486 15250 
67.150697 15250 
67.161907 15500 
67.173116 15750 
67.184326 15750 
67.195534 16000 
67.206746 16000 
67.217956 16250 
67.229169 16500 
67.240382 16500 
67.251590 16750 
67.262802 17000 
67.274014 17000 
67.285223 17250 
67.296448 17250 
67.307655 17500 
67.318866 17750 
67.330075 17750 
67.341289 18000 
67.352502 18250 
67.362734 18250 
67.366889 18500 
67.375095 18750 
67.383305 19000 
67.391518 19000 
67.399733 19250 
67.407951 19500 
67.416152 19500 
67.424358 19750 
67.432569 20000 
67.440771 20250 
67.448979 20250 
67.457185 20500 
67.465380 20750 
67.473592 21000 
67.481817 21000 
67.490045 21250 
67.498248 21500 
67.506458 21500 
67.514664 21750 
67.523870 22000 
67.533077 22250 
67.542285 22250 
67.551490 22500 
67.560696 22750 
67.569904 22750 
67.579109 23000 
67.588316 23250 
67.597520 23250 
67.606724 23500 
67.615930 23750 
67.625144 24000 
67.634352 24000 
67.643565 24250 
67.652771 24500 
67.661977 24500 
67.671190 24750 
67.680405 25000 
67.689626 25000 
67.694805 25250 
67.705022 25500 
67.715232 25750 
67.725441 25750 
67.735656 26000 
67.745877 26000 
67.756096 26250 
67.766324 26500 
67.776546 26500 
67.786769 26750 
67.796990 27000 
67.807199 27000 
67.817406 27250 
67.827614 27500 
67.838831 27500 
67.850052 27750 
67.861287 28000 
67.872519 28000 
67.878695 28250 
67.884869 28500 
67.897085 28500 
67.909305 28750 
67.921534 29000 
67.933751 29000 
67.945958 29250 
67.958176 29250 
67.970397 29500 
67.982616 29750 
67.994966 30000 
68.001078 30146 
68.007248 30396 
68.019460 30396 
68.031666 30646 
68.043874 30896 
68.056091 30896 
68.068301 31146 
68.080510 31146 
68.092717 31396 
68.105925 31396 
68.119142 31646 
68.132350 31896 
68.145561 31896 
68.158768 32146 
68.171976 32146 
68.185183 32396 
68.198392 32396 
68.211599 32646 
68.224815 32896 
68.238035 32896 
68.251248 33146 
68.264462 33146 
68.271617 33396 
68.278775 33646 
68.292991 33646 
68.307199 33896 
68.321408 33896 
68.336630 34146 
68.351859 34146 
68.367081 34396 
68.375275 34646 
68.391519 34646 
68.399691 34896 
68.407868 34896 
68.424084 35146 
68.440297 35146 
68.456514 35396 
68.472726 35396 
68.488941 35646 
68.505333 35896 
68.513406 36050 
68.522562 36300 
68.540774 36300 
68.558985 36300 
68.577200 36550 
68.595411 36550 
68.613618 36800 
68.631827 36800 
68.650040 36800 
68.668252 37050 
68.686461 37050 
68.704670 37300 
68.723882 37300 
68.743098 37300 
68.762312 37550 
68.781526 37550 
68.791682 37800 
68.811892 37800 
68.832102 37800 
68.852312 38050 
68.872520 38050 
68.893822 38300 
68.904930 38478 
68.927057 38478 
68.949191 38478 
68.971324 38728 
68.982485 38728 
69.004698 38978 
69.027924 38978 
69.040096 38978 
69.052273 39228 
69.076491 39228 
69.100704 39228 
69.124917 39478 
69.149143 39478 
69.174372 39478 
69.187548 39478 
69.200725 39728 
69.226942 39728 
69.253154 39728 
69.280470 39978 
69.294568 40000 
69.308748 40000 
69.336970 40000 
69.351140 40000 
69.380357 40000 
69.409571 40000 
69.438785 40000 
69.467995 40000 
69.498205 40000 
69.528417 40000 
69.558630 40000 
69.588843 40000 
69.620057 40000 
69.651272 40000 
69.682485 40000 
69.714712 40000 
69.732885 40000 
69.751057 40000 
69.788372 40000 
69.807471 40000 
69.845602 39750 
69.884728 39750 
69.923859 39750 
69.963990 39750 
70.004120 39500 
70.045257 39500 
70.086396 39250 
70.128527 39250 
70.170657 39250 
70.213808 39000 
70.237984 39000 
70.262159 39250 
70.287339 39250 
70.313542 39250 
70.339730 39250 
70.393955 39000 
70.449192 38750 
70.478360 38750 
70.538751 38750 
70.569806 38606 
70.601982 38606 
70.635155 38606 
70.703389 38356 
70.738560 38356 
70.774731 38356 
70.849979 37856 
70.889155 37856 
70.930455 37856 
70.973531 37784 
71.063631 37284 
71.155732 36784 
71.250847 36284 
71.303031 36034 
71.358220 35784 
71.416382 35534 
71.478559 35284 
71.544736 35034 
71.614927 34784 
71.691275 34534 
71.773306 33890 
71.863474 33390 
71.961778 33140 
72.070860 32342 
72.194043 31592 
72.334251 30842 
72.497448 29592 
72.692633 28342 
72.936132 26592 
73.257051 25150 
73.730259 21400 
74.630435 14650 
75.047706 11400 
75.947885 4650 
76.421087 900 
76.742266 250 
77.258515 250 
77.742749 250 
77.905933 250 
78.046117 250 
78.169302 250 
78.278505 250 
78.376671 250 
78.466857 250 
78.549038 250 
78.625225 250 
78.767472 250 
78.909714 250 
78.971883 250 
79.030044 250 
79.085229 250 
79.189476 250 
79.238660 250 
79.285826 250 
79.376052 250 
79.464271 250 
79.505445 250 
79.584663 250 
79.663889 250 
79.740115 250 
79.775271 250 
79.809438 250 
79.842595 250 
79.874757 250 
79.905918 250 
79.936080 250 
79.995292 250 
80.023454 250 
80.050615 250 
80.076776 250 
80.127989 250 
80.178202 250 
80.202362 250 
80.249577 250 
80.272738 250 
80.295899 250 
80.318059 250 
80.361275 250 
80.404494 250 
80.425656 250 
80.466886 250 
80.487050 500 
80.526282 250 
80.565496 250 
80.584654 500 
80.621869 250 
80.640027 500 
80.675254 500 
80.692428 500 
80.709581 500 
80.726739 750 
80.759949 750 
80.776110 750 
80.792268 1000 
80.823495 1000 
80.854713 1000 
80.885938 750 
80.917163 750 
80.947388 750 
80.961568 1000 
80.975749 1000 
81.003977 1250 
81.018130 1250 
81.032287 1500 
81.059506 1500 
81.072686 1500 
81.098914 1500 
81.112097 1750 
81.125278 2000 
81.150488 2000 
81.162669 2000 
81.186897 2000 
81.199082 2250 
81.211269 2500 
81.235504 2500 
81.247685 2500 
81.270903 2750 
81.294123 2750 
81.305326 3000 
81.327550 3000 
81.338732 3000 
81.360960 3250 
81.382189 3250 
81.392369 3500 
81.412602 3500 
81.422792 3750 
81.443023 3750 
81.453181 4000 
81.473405 4000 
81.493628 4000 
81.513847 4250 
81.533064 4250 
81.552285 4250 
81.571500 4500 
81.590717 4500 
81.609935 4500 
81.629147 4750 
81.648362 4750 
81.667578 4750 
81.686790 5000 
81.706007 5000 
81.725223 5250 
81.734399 5250 
81.751614 5500 
81.768830 5500 
81.786044 5500 
81.803261 5750 
81.820480 5750 
81.837685 6000 
81.845846 6000 
81.862064 6250 
81.878282 6250 
81.894500 6500 
81.910720 6500 
81.926936 6750 
81.943157 6750 
81.958364 7000 
81.973578 7000 
81.988784 7250 
82.004003 7250 
82.019219 7500 
82.034448 7500 
82.049638 7750 
82.064858 7750 
82.080068 8000 
82.095288 8000 
82.110498 8250 
82.125715 8250 
82.140924 8500 
82.156142 8500 
82.171357 8750 
82.186586 8750 
82.201811 9000 
82.217039 9000 
82.231274 9250 
82.245504 9250 
82.259716 9500 
82.273937 9500 
82.288153 9750 
82.302369 9750 
82.316584 10000 
82.330817 10000 
82.345032 10250 
82.359244 10250 
82.373456 10500 
82.387666 10500 
82.401886 10750 
82.416115 10750 
82.422290 11000 
82.434522 11250 
82.446733 11250 
82.458948 11500 
82.471162 11750 
82.483378 11750 
82.495588 12000 
82.507797 12000 
82.520012 12250 
82.532228 12500 
82.543442 12500 
82.554653 12750 
82.565870 12750 
82.577112 13000 
82.588343 13250 
82.599561 13250 
82.610779 13500 
82.621997 13750 
82.633217 13750 
82.644431 14000 
82.655649 14000 
82.666883 14250 
82.678107 14500 
82.689351 14500 
82.694510 14750 
82.704728 15000 
82.714949 15250 
82.725165 15250 
82.735377 15500 
82.745596 15500 
82.755812 15750 
82.766046 16000 
82.776282 16000 
82.786506 16250 
82.796717 16500 
82.806937 16500 
82.817163 16750 
82.827381 17000 
82.837608 17000 
82.847840 17250 
82.858074 17500 
82.868295 17500 
82.878513 17750 
82.887745 18000 
82.896981 18000 
82.906197 18250 
82.915408 18500 
82.924628 18750 
82.933834 18750 
82.943040 19000 
82.952249 19250 
82.961458 19250 
82.970664 19500 
82.979898 19750 
82.989109 19750 
82.998338 20000 
83.007543 20250 
83.016764 20250 
83.025982 20500 
83.030137 20750 
83.038346 21000 
83.046566 21000 
83.054791 21250 
83.063025 21500 
83.071235 21750 
83.079454 21750 
83.087669 22000 
83.095875 22250 
83.104093 22500 
83.113297 22500 
83.122521 22750 
83.131754 23000 
83.140981 23000 
83.150198 23250 
83.159408 23500 
83.168620 23500 
83.177828 23750 
83.187047 24000 
83.196272 24000 
83.205478 24250 
83.214691 24500 
83.223925 24750 
83.233159 24750 
83.242374 25000 
83.251614 25250 
83.260825 25250 
83.270058 25500 
83.279284 25750 
83.288519 25750 
83.297750 26000 
83.306982 26250 
83.316192 26250 
83.325390 26500 
83.334608 26750 
83.343852 27000 
83.353088 27000 
83.362297 27250 
83.371532 27500 
83.380741 27500 
83.389958 27750 
83.399190 28000 
83.408416 28000 
83.418631 28250 
83.428847 28500 
83.439058 28500 
83.449293 28750 
83.459510 29000 
83.469717 29000 
83.479928 29250 
83.490156 29500 
83.500365 29500 
83.510599 29750 
83.520828 30000 
83.531176 30250 
83.537299 30388 
83.543462 30638 
83.555695 30638 
83.567921 30888 
83.580133 31138 
83.592362 31138 
83.604596 31388 
83.616807 31388 
83.629042 31638 
83.641298 31888 
83.653517 31888 
83.665724 32138 
83.678961 32138 
83.692185 32388 
83.705413 32388 
83.712567 32638 
83.726788 32888 
83.741002 32888 
83.755235 33138 
83.769466 33138 
83.776644 33388 
83.790879 33638 
83.805103 33638 
83.819336 33888 
83.833571 33888 
83.840748 34138 
83.854976 34388 
83.869198 34388 
83.883426 34638 
83.897646 34638 
83.912855 34888 
83.928084 34888 
83.936258 35138 
83.952490 35138 
83.960647 35388 
83.976861 35388 
83.993069 35638 
84.009293 35638 
84.025517 35888 
84.041834 36138 
84.049952 36292 
84.066095 36292 
84.082226 36542 
84.099352 36542 
84.116482 36792 
84.133619 36792 
84.150747 37042 
84.167880 37042 
84.185009 37292 
84.202142 37292 
84.219271 37292 
84.236402 37542 
84.253518 37542 
84.262679 37792 
84.280906 37792 
84.300135 38042 
84.319370 38042 
84.338585 38042 
84.357803 38292 
84.377031 38292 
84.396242 38292 
84.415480 38542 
84.434722 38542 
84.444888 38792 
84.466089 38792 
84.477277 39042 
84.499494 39042 
84.510675 39292 
84.532887 39292 
84.555254 39542 
84.566341 39696 
84.577503 39696 
84.589673 39946 
84.613915 39946 
84.638156 39946 
84.662379 40000 
84.686608 40000 
84.698790 40000 
84.724009 40000 
84.749246 40000 
84.774482 40000 
84.787664 40000 
84.813898 40000 
84.841134 40000 
84.855314 40000 
84.883531 40000 
84.911765 40000 
84.940104 40000 
84.954206 40000 
84.969381 40000 
84.984561 40000 
84.999728 40000 
85.030966 40000 
85.062203 40000 
85.093439 40000 
85.109617 40000 
85.125795 40000 
85.159031 40000 
85.192266 40000 
85.226493 40000 
85.244671 40000 
85.280908 40000 
85.318138 40000 
85.355374 39750 
85.392609 39750 
85.430839 39750 
85.469094 39750 
85.489260 39750 
85.530490 39750 
85.551681 39750 
85.594942 39750 
85.617112 39750 
85.662303 39500 
85.685560 39750 
85.709688 39856 
85.733864 39856 
85.759049 39856 
85.810286 39606 
85.862529 39606 
85.889709 39606 
85.917895 39606 
85.976140 39356 
86.006307 39356 
86.037491 39356 
86.100732 39106 
86.133897 39106 
86.168080 38856 
86.238338 38606 
86.274503 38606 
86.312664 38606 
86.351861 38356 
86.393054 38356 
86.436413 38356 
86.481451 38212 
86.528606 37962 
86.577775 37962 
86.682019 37212 
86.737192 36962 
86.795367 36962 
86.857690 36962 
86.923780 36390 
86.993987 36140 
87.070176 35640 
87.152378 35390 
87.242707 35140 
87.340795 34318 
87.449958 33818 
87.573121 33068 
87.713288 32068 
87.876653 31318 
88.071715 29698 
88.314913 27948 
88.636335 25948 
89.109699 22054 
90.009840 15208 
90.421862 13040 
91.322160 6540 
91.795316 2290 
92.116504 250 
92.359687 250 
92.554867 250 
92.718048 250 
92.858228 250 
92.981393 250 
93.090571 250 
93.188748 250 
93.278924 250 
93.361102 250 
93.437283 250 
93.507458 250 
93.573621 250 
93.635793 250 
93.693967 250 
93.749147 250 
93.801322 250 
93.850495 250 
93.897671 250 
93.942846 250 
93.986023 250 
94.027199 250 
94.066369 250 
94.104531 250 
94.140708 250 
94.175884 250 
94.210060 250 
94.243236 250 
94.275442 250 
94.306630 250 
94.336804 250 
94.365971 250 
94.394147 250 
94.421322 250 
94.447498 250 
94.473673 500 
94.498850 500 
94.523025 500 
94.547185 500 
94.570355 500 
94.593532 750 
94.615704 750 
94.637863 750 
94.659058 750 
94.680221 1000 
94.700392 1000 
94.739618 1000 
94.758780 1000 
94.796998 1000 
94.834223 1000 
94.871446 750 
94.908670 750 
94.944902 750 
94.981134 750 
95.017367 500 
95.052587 500 
95.087812 500 
95.123053 500 
95.158279 500 
95.192499 500 
95.226712 250 
95.260935 250 
95.295160 250 
95.328385 250 
95.361625 250 
95.394857 250 
95.428083 250 
95.461317 250 
95.493556 250 
95.525778 250 
95.557994 250 
95.590212 250 
95.622436 250 
95.653662 250 
95.684886 250 
95.716110 250 
95.747336 250 
95.778563 250 
95.790738 500 
95.814966 500 
95.827147 500 
95.850373 750 
95.873610 750 
95.896838 750 
95.920064 750 
95.943288 1000 
95.966519 1000 
95.988745 1000 
96.010972 1000 
96.021152 1250 
96.041386 1250 
96.061621 1500 
96.081845 1500 
96.102070 1500 
96.122301 1750 
96.142524 1750 
96.162746 1750 
96.181978 2000 
96.201202 2000 
96.220432 2000 
96.239671 2250 
96.258895 2250 
96.278125 2250 
96.297347 2500 
96.306522 2500 
96.324763 2750 
96.343001 2750 
96.361227 3000 
96.378469 3000 
96.395703 3000 
96.412928 3250 
96.430151 3250 
96.447376 3500 
96.464605 3500 
96.481832 3750 
96.499057 3750 
96.516289 3750 
96.533510 4000 
96.541689 4250 
96.557916 4250 
96.574155 4500 
96.589372 4500 
96.604598 4750 
96.619821 4750 
96.635061 5000 
96.650291 5000 
96.665510 5000 
96.680730 5250 
96.695971 5250 
96.711207 5500 
96.726432 5500 
96.741650 5750 
96.756875 5750 
96.772097 6000 
96.787335 6000 
96.802556 6250 
96.817796 6250 
96.833032 6500 
96.848271 6500 
96.862500 6750 
96.876725 6750 
96.890941 7000 
96.905161 7250 
96.919380 7250 
96.933615 7500 
96.947845 7500 
96.962068 7750 
96.976298 7750 
96.990521 8000 
97.004743 8000 
97.018982 8250 
97.033220 8250 
97.047448 8500 
97.061679 8500 
97.075902 8750 
97.090141 8750 
97.104369 9000 
97.118608 9000 
97.132830 9250 
97.147061 9250 
97.161293 9500 
97.175520 9500 
97.189734 9750 
97.202958 10000 
97.216179 10000 
97.229393 10250 
97.242618 10250 
97.255838 10500 
97.269076 10500 
97.282297 10750 
97.295522 10750 
97.308743 11000 
97.321967 11250 
97.335201 11250 
97.348423 11500 
97.361659 11500 
97.374881 11750 
97.388106 11750 
97.401296 12000 
97.414530 12250 
97.427771 12250 
97.441001 12500 
97.454230 12500 
97.467467 12750 
97.480699 12750 
97.493912 13000 
97.507136 13000 
97.520358 13250 
97.533591 13500 
97.546830 13500 
97.560059 13750 
97.573294 13750 
97.586525 14000 
97.599748 14000 
97.612962 14250 
97.626209 14250 
97.638448 14500 
97.650677 14750 
97.662917 14750 
97.675146 15000 
97.687376 15000 
97.699600 15250 
97.711815 15500 
97.724062 15500 
97.728232 15750 
97.736449 16000 
97.744666 16250 
97.752900 16250 
97.761122 16500 
97.769298 16750 
97.777504 16750 
97.785721 17000 
97.793937 17250 
97.802155 17500 
97.810386 17500 
97.818619 17750 
97.826843 18000 
97.835061 18250 
97.843413 18500 
97.847498 18566 
97.855611 18816 
97.863720 19066 
97.871838 19066 
97.879960 19316 
97.888068 19566 
97.896178 19566 
97.904280 19816 
97.912379 20066 
97.920489 20316 
97.928598 20316 
97.936699 20566 
97.944798 20816 
97.952907 21066 
97.961032 21066 
97.969158 21316 
97.977269 21566 
97.985458 21816 
97.989579 21816 
97.997696 22066 
98.005823 22316 
98.013982 22566 
98.022134 22566 
98.030288 22816 
98.038424 23066 
98.046577 23066 
98.054755 23316 
98.062907 23566 
98.071059 23816 
98.079211 23816 
98.087356 24066 
98.095482 24316 
98.103635 24566 
98.111773 24566 
98.119909 24816 
98.128035 25066 
98.136187 25066 
98.144325 25316 
98.152478 25566 
98.160628 25816 
98.169766 25816 
98.178912 26066 
98.188039 26316 
98.197191 26316 
98.206346 26566 
98.215488 26816 
98.224631 27066 
98.233791 27066 
98.238967 27316 
98.249173 27566 
98.259392 27566 
98.269608 27816 
98.279815 28066 
98.290046 28066 
98.300271 28316 
98.310474 28566 
98.320705 28566 
98.330940 28816 
98.341179 29066 
98.351557 29316 
98.356639 29470 
98.366734 29720 
98.376823 29720 
98.386912 29970 
98.396998 30220 
98.407088 30220 
98.417177 30470 
98.427277 30720 
98.437364 30720 
98.447450 30970 
98.457537 31220 
98.467631 31220 
98.477728 31470 
98.488826 31720 
98.499916 31720 
98.510997 31970 
98.522082 32220 
98.533171 32220 
98.544248 32470 
98.555319 32720 
98.566405 32720 
98.577486 32970 
98.588571 32970 
98.599654 33220 
98.610739 33470 
98.621822 33470 
98.632928 33720 
98.644017 33970 
98.655100 33970 
98.666180 34220 
98.677257 34220 
98.688355 34470 
98.699440 34720 
98.710522 34720 
98.721618 34970 
98.732716 35220 
98.743845 35220 
98.750016 35470 
98.763243 35720 
98.776468 35720 
98.789685 35970 
98.802911 35970 
98.816133 36220 
98.829359 36220 
98.842580 36470 
98.855950 36720 
98.863030 36874 
98.877109 37124 
98.891179 37124 
98.905261 37374 
98.919362 37374 
98.933446 37624 
98.947531 37624 
98.961610 37874 
98.975708 37874 
98.990788 38124 
99.005886 38124 
99.020972 38374 
99.036070 38374 
99.051150 38624 
99.066239 38624 
99.081295 38874 
99.096383 38874 
99.111464 39124 
99.126562 39124 
99.141641 39374 
99.156737 39374 
99.171816 39624 
99.186913 39624 
99.202994 39874 
99.219079 39874 
99.235159 40000 
99.251385 40000 
99.260494 40000 
99.278611 40000 
99.296721 40000 
99.314849 40000 
99.332970 40000 
99.351073 40000 
99.369201 40000 
99.388313 40000 
99.407444 40000 
99.426556 40000 
99.445668 40000 
99.464797 40000 
99.483908 40000 
99.503012 40000 
99.522128 40000 
99.532304 40000 
99.553533 40000 
99.564701 40000 
99.586942 40000 
99.609167 40000 
99.631407 40000 
99.653656 40000 
99.664822 40000 
99.688029 40000 
99.711250 40000 
99.734468 40000 
99.757820 40000 
99.769897 40000 
99.793989 40000 
99.818083 40000 
99.843196 40000 
99.868319 40000 
99.893411 40000 
99.918507 40000 
99.943600 40000 
99.969692 40000 
99.995778 40000 
100.021860 40000 
100.047969 40000 
100.074063 40000 
100.101157 40000 
100.128251 40000 
100.155352 40000 
100.170523 40000 
100.201759 40000 
100.232984 40000 
100.264203 40000 
100.295443 39750 
100.311619 40000 
100.344848 40000 
100.378071 40000 
100.412315 40000 
100.430475 40000 
100.466694 40000 
100.484876 40000 
100.522264 40000 
100.541344 40000 
100.560507 40000 
100.580676 40000 
100.621892 40000 
100.663170 40000 
100.684305 40000 
100.706490 40000 
100.751734 39750 
100.796964 39750 
100.843202 39500 
100.889446 39500 
100.913614 39500 
100.938773 39500 
100.989994 39250 
101.042210 39250 
101.095472 39500 
101.123609 39000 
101.181891 39000 
101.212017 38750 
101.274138 38500 
101.337398 38750 
101.370535 38250 
101.404728 38250 
101.475024 38500 
101.511158 38000 
101.549335 38000 
101.628684 38250 
101.669850 37750 
101.755991 37250 
101.844118 36750 
101.934249 36250 
102.027499 36500 
102.079637 35750 
102.189768 35000 
102.303891 34500 
102.422014 33750 
102.544158 33000 
102.672296 32000 
102.806425 31250 
102.947563 30250 
103.097756 30000 
103.195950 29500 
103.305116 28750 
103.428306 28000 
103.714550 26000 
103.877726 24750 
104.283960 21750 
104.768189 17750 
105.174420 14750 
105.532683 12750 
105.727867 11250 
105.891046 10250 
106.177293 8000 
106.449517 6000 
106.710744 4250 
106.962972 2250 
107.208300 750 
107.290417 250 
107.366585 250 
107.508800 250 
107.647022 250 
107.781263 250 
107.912505 250 
108.040742 250 
108.165981 250 
108.289222 250 
108.410464 250 
108.529703 250 
108.646925 250 
108.762145 250 
108.876370 250 
108.988600 250 
109.099847 250 
109.210086 250 
109.319329 250 
109.427567 250 
109.534806 250 
109.641042 250 
109.746281 250 
109.850519 250 
109.953766 250 
110.055980 250 
110.158218 250 
110.259455 250 
110.359695 250 
110.459916 250 
110.559135 250 
110.658356 250 
110.756577 250 
110.854803 250 
110.952040 250 
111.049279 250 
111.145512 250 
111.241744 250 
111.336979 250 
111.432216 250 
111.527451 250 
111.621677 250 
111.715894 250 
111.810102 250 
111.903314 250 
111.996528 250 
112.089740 250 
112.181955 250 
112.274170 250 
112.366385 250 
112.458598 250 
112.549814 250 
112.641035 250 
112.732256 250 
112.823493 250 
112.913729 250 
113.003959 250 
113.094194 250 
113.184430 250 
113.274666 250 
113.363905 250 
113.453142 250 
113.542376 250 
113.631612 250 
113.720847 250 
113.809087 250 
113.897299 250 
113.985534 250 
114.073773 250 
114.161991 250 
114.250211 250 
114.338432 250 
114.425649 250 
114.512869 250 
114.600085 250 
114.687301 250 
114.774516 250 
114.861753 250 
114.948989 250 
115.035233 250 
115.121459 250 
115.207698 250 
115.293937 250 
115.380175 250 
115.466417 250 
115.552660 250 
115.638884 250 
115.725107 250 
115.810325 250 
115.895552 250 
115.980790 250 
116.066028 250 
116.151263 250 
116.236501 250 
116.321738 250 
116.406975 250 
116.492209 250 
116.577431 250 
116.662659 250 
116.746876 250 
116.831101 250 
116.915332 250 
116.999566 250 
117.083796 250 
117.168024 250 
117.252250 250 
117.336473 250 
117.420703 250 
117.504925 250 
117.589150 250 
117.673379 250 
117.681552 500 
117.697778 500 
117.713003 750 
117.728233 750 
117.743467 1000 
117.758691 1000 
117.773921 1250 
117.789153 1250 
117.804382 1500 
117.819618 1500 
117.834844 1750 
117.850067 1750 
117.865298 2000 
117.880536 2000 
117.895775 2250 
117.910998 2250 
117.926240 2500 
117.941465 2500 
117.956693 2750 
117.971924 2750 
117.986150 3000 
118.000379 3000 
118.014620 3250 
118.028851 3250 
118.043075 3500 
118.057324 3500 
118.071561 3750 
118.085795 3750 
118.100025 4000 
118.114241 4250 
118.128469 4250 
118.142677 4500 
118.156915 4500 
118.171145 4750 
118.185391 4750 
118.199610 5000 
118.213844 5000 
118.228063 5250 
118.242300 5250 
118.256527 5500 
118.270740 5500 
118.284953 5750 
118.299165 5750 
118.313381 6000 
118.326590 6000 
118.339795 6250 
118.353009 6500 
118.366222 6500 
118.379434 6750 
118.392646 6750 
118.405859 7000 
118.419075 7000 
118.432312 7250 
118.445528 7250 
118.458751 7500 
118.471982 7750 
118.485207 7750 
118.498446 8000 
118.511682 8000 
118.524933 8250 
118.538156 8250 
118.551389 8500 
118.564626 8750 
118.577859 8750 
118.591081 9000 
118.604316 9000 
118.617540 9250 
118.630748 9250 
118.643968 9500 
118.657190 9500 
118.670423 9750 
118.683667 10000 
118.696882 10000 
118.710093 10250 
118.723317 10250 
118.736535 10500 
118.749750 10500 
118.761967 10750 
118.774185 11000 
118.786409 11000 
118.798638 11250 
118.810874 11250 
118.823109 11500 
118.835343 11750 
118.847566 11750 
118.859792 12000 
118.872020 12000 
118.884244 12250 
118.896463 12250 
118.908679 12500 
118.920899 12750 
118.933124 12750 
118.945346 13000 
118.957559 13000 
118.969785 13250 
118.982014 13500 
118.994250 13500 
119.006491 13750 
119.018717 13750 
119.030948 14000 
119.043167 14250 
119.055396 14250 
119.067620 14500 
119.079845 14500 
119.092059 14750 
119.104270 15000 
119.116499 15000 
119.128722 15250 
119.140947 15250 
119.153162 15500 
119.165380 15500 
119.177591 15750 
119.189813 16000 
119.202055 16000 
119.214278 16250 
119.226489 16250 
119.238718 16500 
119.250942 16750 
119.263160 16750 
119.275393 17000 
119.287628 17000 
119.299857 17250 
119.312074 17500 
119.324318 17500 
119.336535 17750 
119.348746 17750 
119.361002 18000 
119.365166 18250 
119.372400 18500 
119.379611 18500 
119.386827 18750 
119.394045 19000 
119.401264 19250 
119.408502 19250 
119.415705 19500 
119.422931 19750 
119.430148 20000 
119.437383 20000 
119.444593 20250 
119.451810 20500 
119.459029 20750 
119.466235 20750 
119.473428 21000 
119.480636 21250 
119.487855 21500 
119.495073 21750 
119.502285 21750 
119.509499 22000 
119.517713 22250 
119.525933 22250 
119.534155 22500 
119.542371 22750 
119.550591 23000 
119.558800 23000 
119.567006 23250 
119.575254 23500 
119.583485 23750 
119.591710 23750 
119.599925 24000 
119.608135 24250 
119.616374 24250 
119.624614 24500 
119.632849 24750 
119.641078 25000 
119.649296 25000 
119.657523 25250 
119.665763 25500 
119.673988 25750 
119.682213 25750 
119.690446 26000 
119.698659 26250 
119.706897 26250 
119.715121 26500 
119.723358 26750 
119.731579 27000 
119.739811 27000 
119.748037 27250 
119.756270 27500 
119.764500 27750 
119.772726 27750 
119.780964 28000 
119.789187 28250 
119.797392 28250 
119.805625 28500 
119.813857 28750 
119.822070 29000 
119.830309 29000 
119.838532 29250 
119.846763 29500 
119.854973 29750 
119.863212 29750 
119.871437 30000 
119.879671 30250 
119.887902 30250 
119.896125 30500 
119.904352 30750 
119.912561 31000 
119.920800 31000 
119.930038 31250 
119.939268 31500 
119.948481 31500 
119.957700 31750 
119.966933 32000 
119.976146 32000 
119.985387 32250 
119.994616 32500 
120.003850 32750 
120.013081 32750 
120.022304 33000 
120.031533 33250 
120.040746 33250 
120.049985 33500 
120.059218 33750 
120.068433 33750 
120.077669 34000 
120.086908 34250 
120.096141 34250 
120.105376 34500 
120.114611 34750 
120.123841 35000 
120.133055 35000 
120.142284 35250 
120.151501 35500 
120.160716 35500 
120.169932 35750 
120.179178 36000 
120.188411 36000 
120.197638 36250 
120.206877 36500 
120.216101 36500 
120.225294 36750 
120.235511 37000 
120.245775 37000 
120.256001 37250 
120.266227 37500 
120.276436 37500 
120.286660 37750 
120.296885 38000 
120.307102 38000 
120.317289 38250 
120.327513 38500 
120.337734 38500 
120.347959 38750 
120.358184 39000 
120.368396 39000 
120.378649 39250 
120.388872 39500 
120.399094 39500 
120.406096 39750 
120.412261 40000 
120.424482 40000 
120.436714 40000 
120.448950 40000 
120.461179 40000 
120.473395 40000 
120.486615 40000 
120.499834 40000 
120.513068 40000 
120.526287 40000 
120.539508 40000 
120.552738 40000 
120.565962 40000 
120.579187 40000 
120.592420 40000 
120.605656 40000 
120.618891 40000 
120.632125 40000 
120.645359 40000 
120.658575 40000 
120.671809 40000 
120.685027 40000 
120.698247 40000 
120.711480 40000 
120.725750 40000 
120.733892 40000 
120.750027 40000 
120.766162 40000 
120.782287 40000 
120.798402 40000 
120.814503 40000 
120.830612 40000 
120.846750 40000 
120.862891 40000 
120.879030 40000 
120.895170 40000 
120.911309 40000 
120.927450 40000 
120.944590 40000 
120.961729 40000 
120.978864 40000 
120.995992 40000 
121.013105 40000 
121.030224 40000 
121.047347 40000 
121.064468 40000 
121.081602 40000 
121.098718 40000 
121.115961 40000 
121.125048 40000 
121.144160 40000 
121.163270 40000 
121.182382 40000 
121.201493 40000 
121.220603 40000 
121.239859 40000 
121.249950 40000 
121.270055 40000 
121.291164 40000 
121.312274 40000 
121.333384 40000 
121.354507 40000 
121.375636 40000 
121.396748 40000 
121.417874 40000 
121.439998 40000 
121.462122 40000 
121.484248 40000 
121.506378 40000 
121.528484 40000 
121.550605 40000 
121.572730 40000 
121.595855 40000 
121.618973 40000 
121.642089 40000 
121.655267 40000 
121.681489 40000 
121.708688 40000 
121.735895 40000 
121.763146 40000 
121.777300 40000 
121.805517 40000 
121.834728 40000 
121.863931 40000 
121.893156 40000 
121.908312 40000 
121.939523 40000 
121.970734 40000 
122.002133 40000 
122.018187 39856 
122.051263 39856 
122.084340 39856 
122.117416 39856 
122.151508 39856 
122.169687 39856 
122.205919 39856 
122.243155 39856 
122.280408 39856 
122.299566 39856 
122.338776 39856 
122.378163 39856 
122.398207 40000 
122.439280 39750 
122.481355 39750 
122.523426 39750 
122.566630 40000 
122.589748 39500 
122.612919 39750 
122.660262 39750 
122.684369 39500 
122.734501 39500 
122.784746 39500 
122.810845 39428 
122.864967 39178 
122.920195 39178 
122.949309 38928 
123.009421 38678 
123.070651 38928 
123.102763 38428 
123.135930 38428 
123.204268 38678 
123.239437 38178 
123.312702 38178 
123.350850 37678 
123.430108 37678 
123.471269 37178 
123.557520 37178 
123.602681 36678 
123.696953 36678 
123.746098 36178 
123.850383 36178 
123.905530 35428 
123.963825 35678 
124.025963 34928 
124.158193 35178 
124.228333 34428 
124.380502 33428 
124.539674 32178 
124.707859 31178 
124.887031 29928 
125.080204 28428 
125.290378 26928 
125.523579 26178 
125.686754 24928 
126.092970 21928 
126.577210 17928 
126.983461 14928 
127.341687 12178 
127.668044 9928 
127.831297 9178 
127.971554 8428 
128.094707 7178 
128.203881 6428 
128.402107 5178 
128.593329 3678 
128.778694 3428 
128.854855 2678 
128.925039 2178 
128.991202 1928 
129.053363 1678 
129.111527 1428 
129.166693 1178 
129.218857 928 
129.320074 428 
129.367238 250 
129.457457 250 
129.500622 250 
129.541782 250 
129.580942 250 
129.658160 250 
129.694326 250 
129.729488 250 
129.763656 250 
129.796819 250 
129.828982 250 
129.860144 250 
129.890307 250 
129.948526 250 
129.976695 250 
130.003872 250 
130.057112 250 
130.083298 500 
130.108483 500 
130.132657 500 
130.156826 500 
130.204066 500 
130.227252 500 
130.249421 500 
130.271606 500 
130.314839 500 
130.336023 500 
130.377234 500 
130.397400 316 
