0.000039 250 
0.090369 500 
0.113615 750 
0.130821 1000 
0.146048 1250 
0.160284 1500 
0.174513 1750 
0.188743 2000 
0.202968 2250 
0.217191 2500 
0.231416 2750 
0.245584 3000 
0.259767 3250 
0.273935 3500 
0.288182 3750 
0.303306 4000 
0.318549 4250 
0.333680 4500 
0.348843 4750 
0.364043 5000 
0.379270 5250 
0.394427 5500 
0.409659 5750 
0.425820 6000 
0.442064 6250 
0.458258 6500 
0.474468 6750 
0.490693 7000 
0.506901 7250 
0.523156 7500 
0.539386 7750 
0.556605 8000 
0.573832 8250 
0.591087 8500 
0.608304 8750 
0.625531 9000 
0.642729 9250 
0.660975 9500 
0.679219 9750 
0.697474 10000 
0.715685 10250 
0.733846 10500 
0.752079 10750 
0.771276 11000 
0.790507 11250 
0.809740 11500 
0.828879 11750 
0.848113 12000 
0.868280 12250 
0.888438 12500 
0.908646 12750 
0.928918 13000 
0.949149 13250 
0.970403 13500 
0.991628 13750 
1.012874 14000 
1.034118 14250 
1.055357 14500 
1.077560 14750 
1.099831 15000 
1.122094 15250 
1.144346 15500 
1.167562 15750 
1.190805 16000 
1.214077 16250 
1.238308 16500 
1.262525 16750 
1.286702 17000 
1.311935 17250 
1.337215 17500 
1.362442 17750 
1.387660 18000 
1.413860 18250 
1.440105 18500 
1.467279 18750 
1.494493 19000 
1.521762 19250 
1.550016 19500 
1.578260 19750 
1.606514 20000 
1.635709 20250 
1.664957 20500 
1.695213 20750 
1.725416 21000 
1.756611 21250 
1.787806 21500 
1.819992 21500 
1.852168 21500 
1.885344 21500 
1.918510 21500 
1.951671 21500 
1.984834 21500 
2.018003 21250 
2.051179 21250 
2.084353 21250 
2.116528 21250 
2.148702 21250 
2.180877 21250 
2.213053 21250 
2.245221 21250 
2.277405 21250 
2.309573 21250 
2.341747 21250 
2.373908 21250 
2.406060 21000 
2.438244 21000 
2.470402 21000 
2.502580 21000 
2.534737 21000 
2.566894 21000 
2.599050 21000 
2.631217 21000 
2.663374 21000 
2.695536 21000 
2.727693 21000 
2.759864 21000 
2.792031 21000 
2.824189 21000 
2.856347 20750 
2.888497 20750 
2.920683 20750 
2.951867 20750 
2.983020 20750 
3.014174 20750 
3.045327 20750 
3.076480 20750 
3.107634 20750 
3.138787 20750 
3.169940 20750 
3.201092 20750 
3.232244 20750 
3.263395 20750 
3.294559 20750 
3.325735 20750 
3.356906 20750 
3.388080 20750 
3.419250 20750 
3.450426 20750 
3.481601 20750 
3.512777 20750 
3.543946 20750 
3.575114 20500 
3.606286 20500 
3.637445 20500 
3.668603 20500 
3.699761 20500 
3.730917 20500 
3.762075 20500 
3.793233 20500 
3.824394 20500 
3.855543 20500 
3.886701 20500 
3.917857 20500 
3.949013 20500 
3.980173 20500 
4.011331 20500 
4.042488 20500 
4.073645 20500 
4.104802 20500 
4.135959 20500 
4.167115 20500 
4.198273 20500 
4.229429 20500 
4.260579 20500 
4.291728 20500 
4.322891 20500 
4.354064 20500 
4.385214 20250 
4.416380 20250 
4.447533 20250 
4.477685 20250 
4.507836 20250 
4.538016 20250 
4.568169 20250 
4.598330 20250 
4.628481 20250 
4.658638 20250 
4.688794 20250 
4.718943 20250 
4.749100 20250 
4.779257 20250 
4.809413 20250 
4.839571 20250 
4.869846 20500 
4.899916 20400 
4.931075 20400 
4.962235 20400 
4.993388 20400 
5.024541 20400 
5.055691 20400 
5.086840 20400 
5.117989 20400 
5.149139 20400 
5.180289 20400 
5.211438 20400 
5.242588 20400 
5.273759 20400 
5.304918 20400 
5.336077 20400 
5.367228 20400 
5.398387 20400 
5.429544 20400 
5.460701 20400 
5.491850 20400 
5.523111 20650 
5.554239 20400 
5.585415 20150 
5.616743 20400 
5.646783 20256 
5.676937 20256 
5.707089 20256 
5.737246 20256 
5.767512 20506 
5.797606 20482 
5.828770 20482 
5.859918 20482 
5.891069 20482 
5.922249 20482 
5.953431 20482 
5.984616 20482 
6.015790 20482 
6.046970 20482 
6.078149 20482 
6.109328 20482 
6.140504 20482 
6.171684 20482 
6.202849 20482 
6.234028 20482 
6.265207 20482 
6.296387 20482 
6.327554 20482 
6.358733 20482 
6.389911 20482 
6.421098 20482 
6.452265 20482 
6.483444 20482 
6.514616 20482 
6.545875 20732 
6.576996 20232 
6.608180 20232 
6.639518 20482 
6.669650 20564 
6.700726 20564 
6.731876 20564 
6.763041 20564 
6.794220 20564 
6.825400 20564 
6.856581 20564 
6.887753 20564 
6.918903 20564 
6.950060 20564 
6.981212 20564 
7.012360 20564 
7.043510 20564 
7.074665 20564 
7.105816 20564 
7.136968 20564 
7.168119 20564 
7.199384 20814 
7.230461 20564 
7.261610 20564 
7.292777 20564 
7.324033 20814 
7.355179 20314 
7.386359 20314 
7.417643 20564 
7.448718 20420 
7.479878 20420 
7.511029 20420 
7.542186 20420 
7.573411 20670 
7.604585 20420 
7.635741 20420 
7.666897 20420 
7.698093 20670 
7.729246 20420 
7.760404 20420 
7.791563 20420 
7.822838 20670 
7.853918 20598 
7.885074 20598 
7.916230 20598 
7.947381 20598 
7.978538 20598 
8.009687 20598 
8.040836 20598 
8.071985 20598 
8.103214 20848 
8.134362 20598 
8.165523 20348 
8.196767 20598 
8.227865 20526 
8.259021 20526 
8.290180 20526 
8.321338 20526 
8.352518 20526 
8.383689 20526 
8.414855 20526 
8.446004 20526 
8.477168 20526 
8.508352 20526 
8.539514 20526 
8.570685 20526 
8.601881 20776 
8.633013 20526 
8.664165 20526 
8.695315 20526 
8.726581 20776 
8.757696 20526 
8.788868 20526 
8.820030 20526 
8.851241 20776 
8.882411 20526 
8.913563 20526 
8.944721 20526 
8.975983 20776 
9.007114 20882 
9.038304 20632 
9.069484 20632 
9.100669 20632 
9.131868 20632 
9.163079 20632 
9.194298 20632 
9.225514 20632 
9.256708 20632 
9.287905 20632 
9.319069 20632 
9.350228 20632 
9.381386 20632 
9.412564 20632 
9.443743 20632 
9.474922 20632 
9.506209 20882 
9.537314 20632 
9.568462 20632 
9.599644 20632 
9.630900 20882 
9.662037 20632 
9.693205 20632 
9.724375 20632 
9.755624 20882 
9.786749 20382 
9.817912 20382 
9.849198 20632 
9.880298 20714 
9.911406 20464 
9.942568 20464 
9.973722 20464 
10.004971 20714 
10.036089 20690 
10.067261 20690 
10.098434 20690 
10.129599 20690 
10.160779 20690 
10.191960 20690 
10.223141 20690 
10.254305 20690 
10.285489 20690 
10.316662 20690 
10.347812 20690 
10.378970 20690 
10.410187 20940 
10.441345 20690 
10.472522 20690 
10.503702 20690 
10.534941 20940 
10.566090 20440 
10.597270 20440 
10.628559 20690 
10.659632 20570 
10.690810 20570 
10.721989 20570 
10.753168 20570 
10.784395 20820 
10.815552 20570 
10.846710 20570 
10.877869 20570 
10.909188 20820 
10.940270 20772 
10.971437 20772 
11.002597 20772 
11.033766 20772 
11.064925 20772 
11.096083 20772 
11.127240 20772 
11.158419 20772 
11.189642 21022 
11.220786 20772 
11.252951 20772 
11.284102 20772 
11.315311 21022 
11.346432 20522 
11.378591 20522 
11.409852 20772 
11.440935 20676 
11.472091 20676 
11.503240 20676 
11.534420 20676 
11.565600 20676 
11.596789 20676 
11.627981 20676 
11.659140 20676 
11.690348 20926 
11.721505 20676 
11.752677 20676 
11.783841 20676 
11.815065 20926 
11.846192 20676 
11.877346 20676 
11.908507 20676 
11.939742 20926 
11.970871 20676 
12.002028 20676 
12.033186 20676 
12.064478 20926 
12.095588 20426 
12.126772 20426 
12.158133 20676 
12.189246 20782 
12.220322 20782 
12.251481 20782 
12.282643 20782 
12.313805 20782 
12.344984 20782 
12.376167 20782 
12.407339 20782 
12.438519 20782 
12.469699 20782 
12.500872 20782 
12.532054 20782 
12.563223 20782 
12.594489 21032 
12.625601 20782 
12.657765 20782 
12.688948 20782 
12.720215 21032 
12.751331 20782 
12.783506 20782 
12.814656 20782 
12.845957 21032 
12.877056 20532 
12.909217 20532 
12.940528 20782 
12.971573 20638 
13.002721 20638 
13.033879 20638 
13.065047 20638 
13.096299 20888 
13.127404 20638 
13.158569 20638 
13.189749 20638 
13.220985 20888 
13.252111 20638 
13.283298 20638 
13.314470 20638 
13.345729 20888 
13.376874 20816 
13.408044 20816 
13.439208 20816 
13.470366 20816 
13.501523 20816 
13.532683 20816 
13.563841 20816 
13.595047 20816 
13.626162 20768 
13.657343 20768 
13.688519 20768 
13.719697 20768 
13.750878 20768 
13.782058 20768 
13.813240 20768 
13.844414 20768 
13.875588 20768 
13.906768 20768 
13.937928 20768 
13.969090 20768 
14.000304 21018 
14.031426 20768 
14.063587 20768 
14.094756 20768 
14.126027 21018 
14.157104 20768 
14.189278 20768 
14.220432 20768 
14.251656 21018 
14.282795 20768 
14.314960 20518 
14.346314 20768 
14.377345 20624 
14.408540 20624 
14.439722 20624 
14.470894 20624 
14.502142 20874 
14.533257 20624 
14.564409 20624 
14.595569 20624 
14.626849 20874 
14.657974 20624 
14.689142 20624 
14.720306 20624 
14.751582 20874 
14.782690 20802 
14.813855 20802 
14.845014 20802 
14.876170 20802 
14.907331 20802 
14.938518 20802 
14.969687 20802 
15.000856 20802 
15.032156 21052 
15.063242 20802 
15.095420 20552 
15.126732 20802 
15.157787 20730 
15.188940 20730 
15.220100 20730 
15.251276 20730 
15.282462 20730 
15.313630 20730 
15.344783 20730 
15.375950 20730 
15.407103 20730 
15.438281 20730 
15.469458 20730 
15.500611 20730 
15.531870 20980 
15.562976 20730 
15.594150 20730 
15.625313 20730 
15.656590 20980 
15.687686 20730 
15.718845 20730 
15.750004 20730 
15.781293 20980 
15.812411 20730 
15.843605 20730 
15.874783 20730 
15.906043 20980 
15.937236 21086 
15.968413 20836 
16.000610 20836 
16.032793 20836 
16.063963 20836 
16.095126 20836 
16.126289 20836 
16.157452 20836 
16.188629 20836 
16.219795 20836 
16.250959 20836 
16.282132 20836 
16.313296 20836 
16.344457 20836 
16.375628 20836 
16.406805 20836 
16.438026 21086 
16.469196 20836 
16.501379 20836 
16.533554 20836 
16.564788 21086 
16.595916 20586 
16.628099 20586 
16.659431 20836 
16.690484 20692 
16.721644 20692 
16.752805 20692 
16.783971 20692 
16.815251 20942 
16.846342 20692 
16.877517 20692 
16.908696 20692 
16.940012 20942 
16.971085 20692 
17.002258 20692 
17.033427 20692 
17.064713 20942 
17.095849 20870 
17.127020 20870 
17.158197 20870 
17.189367 20870 
17.220532 20870 
17.251690 20870 
17.282863 20870 
17.314042 20870 
17.345270 21120 
17.376422 20620 
17.408608 20620 
17.439892 20870 
17.470967 20798 
17.502127 20798 
17.533294 20798 
17.564456 20798 
17.595629 20798 
17.626804 20798 
17.657988 20798 
17.689156 20798 
17.720375 21048 
17.751546 20798 
17.783717 20798 
17.814870 20798 
17.846045 21048 
17.877204 20798 
17.909353 20798 
17.940507 20798 
17.971739 21048 
18.002867 20798 
18.035030 20548 
18.066361 20798 
18.097387 20678 
18.128550 20678 
18.159746 20678 
18.190927 20678 
18.222219 20928 
18.253314 20678 
18.284493 20678 
18.315674 20678 
18.346993 20928 
18.378067 20880 
18.409233 20880 
18.440399 20880 
18.471566 20880 
18.502738 20880 
18.534905 20880 
18.567073 20880 
18.599242 20880 
18.631408 20880 
18.663576 20880 
18.695751 20630 
18.728003 20880 
18.759082 20808 
18.790234 20808 
18.821390 20808 
18.852552 20808 
18.883719 20808 
18.914892 20808 
18.946059 20808 
18.977227 20808 
19.008390 20808 
19.039554 20808 
19.070725 20808 
19.101892 20808 
19.133164 21058 
19.164265 20808 
19.196432 20808 
19.227599 20808 
19.258884 21058 
19.289966 20808 
19.322149 20808 
19.353311 20808 
19.384622 21058 
19.415733 20558 
19.447910 20558 
19.479258 20808 
19.510297 20664 
19.541459 20664 
19.572614 20664 
19.603775 20664 
19.635041 20914 
19.666180 20664 
19.697348 20664 
19.728504 20664 
19.759784 20914 
19.790848 20664 
19.822007 20664 
19.853188 20664 
19.884452 20914 
19.915536 20842 
19.946689 20842 
19.977851 20842 
20.009015 20842 
20.040184 20842 
20.071346 20842 
20.102517 20842 
20.133699 20842 
20.164902 21092 
20.196053 20592 
20.228228 20592 
20.259471 20842 
20.290589 20770 
20.321747 20770 
20.352902 20770 
20.384059 20770 
20.415219 20770 
20.446377 20770 
20.477536 20770 
20.508693 20770 
20.539951 21020 
20.571068 20770 
20.603226 20770 
20.634384 20770 
20.665657 21020 
20.696740 20770 
20.728898 20770 
20.760057 20770 
20.791297 21020 
20.822424 20770 
20.854587 20770 
20.885884 20770 
20.916938 20650 
20.948096 20650 
20.979254 20650 
21.010411 20650 
21.041605 20900 
21.072744 20876 
21.103902 20876 
21.135059 20876 
21.166210 20876 
21.197367 20876 
21.228517 20876 
21.259681 20876 
21.322905 20626 
21.355064 20626 
21.386229 20626 
21.417394 20626 
21.448559 20626 
21.479724 20626 
21.510887 20626 
21.542051 20626 
21.573274 20876 
21.604428 20626 
21.635601 20376 
21.666899 20626 
21.697958 20506 
21.729117 20506 
21.760274 20506 
21.791432 20506 
21.822592 20506 
21.853772 20506 
21.884953 20506 
21.916133 20506 
21.947373 20756 
21.978544 20506 
22.009702 20506 
22.040859 20506 
22.072101 20756 
22.103232 20506 
22.134398 20506 
22.165558 20506 
22.196807 20756 
22.227919 20660 
22.259073 20660 
22.290230 20660 
22.321390 20660 
22.352634 20910 
22.383761 20660 
22.414930 20660 
22.446153 20660 
22.477253 20612 
22.508427 20612 
22.539588 20612 
22.570747 20612 
22.601905 20612 
22.633069 20612 
22.664257 20612 
22.695415 20612 
22.726596 20612 
22.757775 20612 
22.788946 20612 
22.820104 20612 
22.851386 20862 
22.882510 20612 
22.913666 20612 
22.944824 20612 
22.976035 20862 
23.007183 20612 
23.038341 20612 
23.069500 20612 
23.100790 20862 
23.131854 20612 
23.163011 20612 
23.194191 20612 
23.225456 20862 
23.256583 20362 
23.287754 20362 
23.319117 20612 
23.350227 20694 
23.381302 20694 
23.412453 20694 
23.443618 20694 
23.474800 20694 
23.505958 20694 
23.537134 20694 
23.568324 20694 
23.599516 20694 
23.630667 20694 
23.661817 20694 
23.692967 20694 
23.724117 20694 
23.755393 20944 
23.786470 20694 
23.817623 20694 
23.848774 20694 
23.880039 20944 
23.911134 20694 
23.942290 20694 
23.973441 20694 
24.004721 20944 
24.035828 20444 
24.067005 20444 
24.098348 20694 
24.129396 20550 
24.160549 20550 
24.191701 20550 
24.222880 20550 
24.254176 20800 
24.285277 20550 
24.316437 20550 
24.347597 20550 
24.378816 20800 
24.409957 20550 
24.441117 20550 
24.472298 20550 
24.503561 20800 
24.534690 20728 
24.565893 20728 
24.597082 20728 
24.628250 20728 
24.659400 20728 
24.690559 20728 
24.721708 20728 
24.752866 20728 
24.784096 20978 
24.815280 20478 
24.846440 20478 
24.877730 20728 
24.908814 20656 
24.939963 20656 
24.971110 20656 
25.002252 20656 
25.033408 20656 
25.064577 20656 
25.095739 20656 
25.126886 20656 
25.158119 20906 
25.189267 20656 
25.220436 20656 
25.251598 20656 
25.282852 20906 
25.313984 20656 
25.345133 20656 
25.376281 20656 
25.407545 20906 
25.438659 20656 
25.469821 20656 
25.500970 20656 
25.532248 20906 
25.563329 20786 
25.594477 20786 
25.625639 20536 
25.656915 20786 
25.687994 20762 
25.719162 20762 
25.750317 20762 
25.781478 20762 
25.812639 20762 
25.843800 20762 
25.874961 20762 
25.906122 20762 
25.937275 20762 
25.968437 20762 
25.999598 20762 
26.030760 20762 
26.062000 21012 
26.093140 20762 
26.125309 20762 
26.156477 20762 
26.187657 21012 
26.218786 20762 
26.250938 20762 
26.282084 20762 
26.313340 21012 
26.344435 20762 
26.376579 20512 
26.407870 20762 
26.438933 20618 
26.470091 20618 
26.501253 20618 
26.532426 20618 
26.563659 20868 
26.594817 20618 
26.625979 20618 
26.657137 20618 
26.688388 20868 
26.719528 20618 
26.750690 20618 
26.781850 20618 
26.813113 20868 
26.844246 20796 
26.875411 20796 
26.906568 20796 
26.937720 20796 
26.968870 20796 
27.000014 20796 
27.031168 20796 
27.062325 20796 
27.093563 21046 
27.124713 20796 
27.156880 20546 
27.188155 20796 
27.219274 20724 
27.250452 20724 
27.281630 20724 
27.312811 20724 
27.343984 20724 
27.375159 20724 
27.406334 20724 
27.437511 20724 
27.468690 20724 
27.499876 20724 
27.531056 20724 
27.562256 20724 
27.593540 20974 
27.624671 20724 
27.655836 20724 
27.686991 20724 
27.718271 20974 
27.749367 20724 
27.780536 20724 
27.811701 20724 
27.842993 20974 
27.874123 20724 
27.905313 20474 
27.936676 20724 
27.967807 20830 
27.998889 20580 
28.030051 20580 
28.061216 20580 
28.092518 20830 
28.123626 20806 
28.154801 20806 
28.185980 20806 
28.217156 20806 
28.248328 20806 
28.279497 20806 
28.310674 20806 
28.341846 20806 
28.373024 20806 
28.404201 20806 
28.435381 20806 
28.466553 20806 
28.497830 21056 
28.528938 20806 
28.561111 20806 
28.592282 20806 
28.623592 21056 
28.654689 20806 
28.686857 20556 
28.718099 20806 
28.749207 20686 
28.780372 20686 
28.811540 20686 
28.842706 20686 
28.873866 20686 
28.905021 20686 
28.936175 20686 
28.967336 20686 
28.998613 20936 
29.029724 20686 
29.060901 20686 
29.092080 20686 
29.123384 20936 
29.154474 20686 
29.185651 20686 
29.216823 20686 
29.248130 20936 
29.279203 20686 
29.310381 20686 
29.341559 20686 
29.372865 20936 
29.404043 21066 
29.435138 20566 
29.467304 20566 
29.498600 20816 
29.529664 20792 
29.560827 20792 
29.592001 20792 
29.623172 20792 
29.654351 20792 
29.685528 20792 
29.716696 20792 
29.747865 20792 
29.779034 20792 
29.810203 20792 
29.841382 20792 
29.872550 20792 
29.903826 21042 
29.934929 20792 
29.967104 20792 
30.030453 20792 
30.061550 20542 
30.092717 20542 
30.123882 20542 
30.155192 20792 
30.186328 20292 
30.217508 20292 
30.248856 20542 
30.279897 20398 
30.311055 20398 
30.342208 20398 
30.373368 20398 
30.404656 20648 
30.435775 20398 
30.466940 20398 
30.498105 20398 
30.529387 20648 
30.560511 20398 
30.591697 20398 
30.622861 20398 
30.654187 20648 
30.685286 20576 
30.716462 20576 
30.747629 20576 
30.778792 20576 
30.809949 20576 
30.841109 20576 
30.872273 20576 
30.903454 20576 
30.934746 20826 
30.965842 20326 
30.997003 20326 
31.028327 20576 
31.059359 20504 
31.090522 20504 
31.121692 20504 
31.152872 20504 
31.184052 20504 
31.215233 20504 
31.246421 20504 
31.277586 20504 
31.308884 20754 
31.340022 20504 
31.371200 20504 
31.402365 20504 
31.433632 20754 
31.464782 20504 
31.495975 20504 
31.527153 20504 
31.558410 20754 
31.589574 20504 
31.620748 20504 
31.651912 20504 
31.683216 20754 
31.714301 20504 
31.745470 20254 
31.776801 20504 
31.807948 20610 
31.839030 20610 
31.870188 20610 
31.901343 20610 
31.932508 20610 
31.963672 20610 
31.994831 20610 
32.026012 20610 
32.057187 20610 
32.088354 20610 
32.119521 20610 
32.150702 20610 
32.181868 20610 
32.213050 20610 
32.244233 20610 
32.275398 20610 
32.306562 20610 
32.337841 20860 
32.368945 20610 
32.400103 20610 
32.431262 20610 
32.462557 20860 
32.493664 20610 
32.524840 20610 
32.556198 20610 
32.587228 20466 
32.618392 20466 
32.649550 20466 
32.680710 20466 
32.711960 20716 
32.743075 20466 
32.774237 20466 
32.805395 20466 
32.836664 20716 
32.867743 20466 
32.898902 20466 
32.930078 20466 
32.961363 20716 
32.992429 20644 
33.023581 20644 
33.054735 20644 
33.085886 20644 
33.117040 20644 
33.148193 20644 
33.179345 20644 
33.210498 20644 
33.241774 20894 
33.272884 20644 
33.304070 20644 
33.335363 20644 
33.366441 20572 
33.397614 20572 
33.428781 20572 
33.459947 20572 
33.491126 20572 
33.522292 20572 
33.553473 20572 
33.584643 20572 
33.615801 20572 
33.646966 20572 
33.678133 20572 
33.709291 20572 
33.740551 20822 
33.771657 20572 
33.802824 20572 
33.833999 20572 
33.865274 20822 
33.896388 20572 
33.927554 20572 
33.958721 20572 
33.990038 20822 
34.021130 20572 
34.052286 20572 
34.083445 20572 
34.114735 20822 
34.145924 20928 
34.177075 20428 
34.208292 20428 
34.239554 20678 
34.270676 20654 
34.301852 20654 
34.333020 20654 
34.364191 20654 
34.395357 20654 
34.426518 20654 
34.457678 20654 
34.488837 20654 
34.520003 20654 
34.551163 20654 
34.582332 20654 
34.613498 20654 
34.644736 20904 
34.675852 20654 
34.707009 20654 
34.738167 20654 
34.769426 20904 
34.800554 20654 
34.831730 20654 
34.862910 20654 
34.894218 20904 
34.925304 20404 
34.956483 20404 
34.987824 20654 
35.018859 20510 
35.050033 20510 
35.081208 20510 
35.112384 20510 
35.143656 20760 
35.174761 20510 
35.205926 20510 
35.237101 20510 
35.268384 20760 
35.299473 20510 
35.330648 20510 
35.361823 20510 
35.393126 20760 
35.424221 20688 
35.455395 20688 
35.486562 20688 
35.517733 20688 
35.548889 20688 
35.580053 20688 
35.611217 20688 
35.642384 20688 
35.673628 20938 
35.704793 20688 
35.735965 20438 
35.767232 20688 
35.798331 20616 
35.829506 20616 
35.860681 20616 
35.891855 20616 
35.923021 20616 
35.954198 20616 
35.985374 20616 
36.016549 20616 
36.047813 20866 
36.078932 20616 
36.110107 20616 
36.141282 20616 
36.172566 20866 
36.203684 20616 
36.234856 20616 
36.266032 20616 
36.297323 20866 
36.328399 20616 
36.359556 20616 
36.390715 20616 
36.422018 20866 
36.453097 20616 
36.484258 20616 
36.515605 20616 
36.546739 20722 
36.577842 20722 
36.609009 20722 
36.640191 20722 
36.671358 20722 
36.702524 20722 
36.733703 20722 
36.764870 20722 
36.796052 20722 
36.827233 20722 
36.858381 20722 
36.889555 20722 
36.920739 20722 
36.951928 20722 
36.983131 20722 
37.014293 20722 
37.045450 20722 
37.076677 20972 
37.107773 20722 
37.138956 20722 
37.170106 20722 
37.201380 20972 
37.232462 20722 
37.263637 20722 
37.294811 20722 
37.326115 20972 
37.357211 20472 
37.388374 20472 
37.419745 20722 
37.450891 20804 
37.482021 20554 
37.513203 20554 
37.544386 20554 
37.575551 20804 
37.606694 20554 
37.637853 20554 
37.669038 20554 
37.700305 20804 
37.731411 20756 
37.762587 20756 
37.793765 20756 
37.824978 20756 
37.856146 20756 
37.918376 20506 
37.949557 20506 
37.980827 20756 
38.011962 20506 
38.043132 20506 
38.074313 20506 
38.105615 20756 
38.136711 20256 
38.167876 20256 
38.199194 20506 
38.229250 20410 
38.260410 20410 
38.291581 20410 
38.322772 20410 
38.353924 20410 
38.385086 20410 
38.416237 20410 
38.447396 20410 
38.478628 20660 
38.509741 20410 
38.540917 20410 
38.572077 20410 
38.603368 20660 
38.634445 20410 
38.665610 20410 
38.696769 20410 
38.728068 20660 
38.759129 20564 
38.790275 20564 
38.821454 20564 
38.852635 20564 
38.883913 20814 
38.915025 20314 
38.946193 20314 
38.977508 20564 
39.008586 20516 
39.039748 20516 
39.070914 20516 
39.102078 20516 
39.133243 20516 
39.164419 20516 
39.195598 20516 
39.226778 20516 
39.257959 20516 
39.289125 20516 
39.320283 20516 
39.351450 20516 
39.382732 20766 
39.413826 20516 
39.444990 20516 
39.476153 20516 
39.538526 20766 
39.569642 20266 
39.600805 20266 
39.632094 20516 
39.662195 20266 
39.693361 20266 
39.723526 20266 
39.753760 20516 
39.783883 20266 
39.815074 20016 
39.845377 20266 
39.875464 20348 
39.905577 20348 
39.935740 20348 
39.965904 20348 
39.996075 20348 
40.026245 20348 
40.056412 20348 
40.086586 20348 
40.116782 20348 
40.146948 20348 
40.177114 20348 
40.207276 20348 
40.237437 20348 
40.267668 20598 
40.297867 20348 
40.329026 20348 
40.360196 20348 
40.391428 20598 
40.421539 20502 
40.452699 20502 
40.483865 20502 
40.515037 20502 
40.546202 20502 
40.577366 20502 
40.608521 20502 
40.639674 20502 
40.670826 20502 
40.701988 20502 
40.733149 20502 
40.764310 20502 
40.795589 20752 
40.826717 20502 
40.857896 20502 
40.889067 20502 
40.920303 20752 
40.951381 20502 
40.982538 20502 
41.013700 20502 
41.045010 20752 
41.076107 20252 
41.107298 20252 
41.138659 20502 
41.168790 20608 
41.199871 20358 
41.231025 20358 
41.262186 20358 
41.293485 20608 
41.324591 20584 
41.355758 20584 
41.386929 20584 
41.418103 20584 
41.449275 20584 
41.480442 20584 
41.511611 20584 
41.542776 20584 
41.573950 20584 
41.605132 20584 
41.636283 20584 
41.667442 20584 
41.698728 20834 
41.729848 20584 
41.761009 20584 
41.792184 20584 
41.823422 20834 
41.854588 20584 
41.885779 20334 
41.917136 20584 
41.948172 20464 
41.979339 20464 
42.010503 20464 
42.041670 20464 
42.072941 20714 
42.104053 20464 
42.135223 20464 
42.166404 20464 
42.197728 20714 
42.228820 20666 
42.259985 20666 
42.291166 20666 
42.322347 20666 
42.353530 20666 
42.384716 20666 
42.415887 20666 
42.447069 20666 
42.478374 20916 
42.509476 20666 
42.540640 20666 
42.571812 20666 
42.603108 20916 
42.634253 20666 
42.665438 20416 
42.696750 20666 
42.727839 20570 
42.759005 20570 
42.790157 20570 
42.821322 20570 
42.852487 20570 
42.883651 20570 
42.914816 20570 
42.945979 20570 
42.977253 20820 
43.008365 20570 
43.039546 20570 
43.070727 20570 
43.102018 20820 
43.133129 20570 
43.164304 20570 
43.195485 20570 
43.226783 20820 
43.257876 20570 
43.289038 20570 
43.320199 20570 
43.351513 20820 
43.382554 20700 
43.413709 20700 
43.444867 20700 
43.476167 20700 
43.507235 20676 
43.538409 20676 
43.569590 20676 
43.600771 20676 
43.631932 20676 
43.663092 20676 
43.694251 20676 
43.725408 20676 
43.756567 20676 
43.787727 20676 
43.818886 20676 
43.850046 20676 
43.881300 20926 
43.912407 20676 
43.943565 20676 
43.974726 20676 
44.005992 20926 
44.037088 20676 
44.068269 20676 
44.099452 20676 
44.130766 20926 
44.161853 20676 
44.193014 20676 
44.224175 20676 
44.255473 20926 
44.286589 20426 
44.317767 20426 
44.349110 20676 
44.380232 20758 
44.411334 20508 
44.442487 20508 
44.473640 20508 
44.504903 20758 
44.536008 20734 
44.567174 20734 
44.598356 20734 
44.629538 20734 
44.660720 20734 
44.691918 20734 
44.723085 20734 
44.754267 20734 
44.785449 20734 
44.816631 20734 
44.847797 20734 
44.878978 20734 
44.910267 20984 
44.941368 20734 
44.972530 20734 
45.003691 20734 
45.034987 20984 
45.066106 20484 
45.097276 20484 
45.128662 20734 
45.159643 20614 
45.190800 20614 
45.221954 20614 
45.253112 20614 
45.284410 20864 
45.315533 20614 
45.346699 20614 
45.377881 20614 
45.409186 20864 
45.440284 20614 
45.471453 20614 
45.502616 20614 
45.533910 20864 
45.565023 20792 
45.596196 20792 
45.627365 20792 
45.658528 20792 
45.689685 20792 
45.720838 20792 
45.752009 20792 
45.783163 20792 
45.814428 21042 
45.845539 20542 
45.877700 20542 
45.908998 20792 
45.940052 20720 
45.971212 20720 
46.002394 20720 
46.033576 20720 
46.064760 20720 
46.095928 20720 
46.127103 20720 
46.158284 20720 
46.189566 20970 
46.220700 20720 
46.251874 20720 
46.283040 20720 
46.314339 20970 
46.345487 20720 
46.376662 20720 
46.407831 20720 
46.439128 20970 
46.470206 20720 
46.501363 20720 
46.532516 20720 
46.563822 20970 
46.594916 20720 
46.626102 20470 
46.657474 20720 
46.688571 20826 
46.719665 20576 
46.750819 20576 
46.781981 20576 
46.813279 20826 
46.844373 20802 
46.875555 20802 
46.906737 20802 
46.937918 20802 
46.969099 20802 
47.000274 20802 
47.031456 20802 
47.062638 20802 
47.093820 20802 
47.125012 20802 
47.156162 20802 
47.187311 20802 
47.218523 21052 
47.249641 20802 
47.281807 20802 
47.312974 20802 
47.344274 21052 
47.375423 20552 
47.407618 20552 
47.438928 20802 
47.469990 20682 
47.501158 20682 
47.532301 20682 
47.563466 20682 
47.594640 20682 
47.625824 20682 
47.657006 20682 
47.688189 20682 
47.719466 20932 
47.750575 20682 
47.781758 20682 
47.812944 20682 
47.844245 20932 
47.875335 20682 
47.906516 20682 
47.937698 20682 
47.969014 20932 
48.000092 20682 
48.031280 20682 
48.062462 20682 
48.093798 20932 
48.124955 21062 
48.156070 20562 
48.188243 20562 
48.219525 20812 
48.250597 20788 
48.281765 20788 
48.312943 20788 
48.344102 20788 
48.375251 20788 
48.406405 20788 
48.437572 20788 
48.468730 20788 
48.499882 20788 
48.531047 20788 
48.562277 20788 
48.593430 20788 
48.624692 21038 
48.655776 20788 
48.687935 20788 
48.719093 20788 
48.750397 21038 
48.781482 20788 
48.813644 20788 
48.844804 20788 
48.876068 21038 
48.907168 20538 
48.939341 20538 
48.970707 20788 
49.001814 20894 
49.032899 20644 
49.064054 20644 
49.095217 20644 
49.126534 20894 
49.157635 20870 
49.188807 20870 
49.219979 20870 
49.251141 20870 
49.282298 20870 
49.313460 20870 
49.344642 20870 
49.375824 20870 
49.407113 21120 
49.438225 20870 
49.470406 20870 
49.502588 20870 
49.534889 21120 
49.566984 20620 
49.599147 20620 
49.630453 20870 
49.661503 20774 
49.692663 20774 
49.723822 20774 
49.754982 20774 
49.786142 20774 
49.817304 20774 
49.848464 20774 
49.879624 20774 
49.910905 21024 
49.942028 20774 
49.974214 20774 
50.005382 20774 
50.036658 21024 
50.067746 20774 
50.099901 20774 
50.131061 20774 
50.162378 21024 
50.193460 20774 
50.225615 20524 
50.256931 20774 
50.287993 20654 
50.319166 20654 
50.350326 20654 
50.381485 20654 
50.412749 20904 
50.443853 20654 
50.475035 20654 
50.506216 20654 
50.537540 20904 
50.568622 20856 
50.599802 20856 
50.630984 20856 
50.662165 20856 
50.693334 20856 
50.724518 20856 
50.786751 20606 
50.817981 20856 
50.849100 20606 
50.880262 20606 
50.911434 20606 
50.942675 20856 
50.973779 20606 
51.004940 20356 
51.036244 20606 
51.067294 20510 
51.098446 20510 
51.129604 20510 
51.160763 20510 
51.191919 20510 
51.223078 20510 
51.254237 20510 
51.285396 20510 
51.316656 20760 
51.347770 20510 
51.378950 20510 
51.410131 20510 
51.441424 20760 
51.472522 20510 
51.503681 20510 
51.534840 20510 
51.566128 20760 
51.597202 20510 
51.628382 20510 
51.659564 20510 
51.690901 20760 
51.721970 20640 
51.753132 20640 
51.784291 20640 
51.815552 20640 
51.846637 20616 
51.877810 20616 
51.908991 20616 
51.940174 20616 
51.971358 20616 
52.002540 20616 
52.033722 20616 
52.064902 20616 
52.096074 20616 
52.127257 20616 
52.158428 20616 
52.189580 20616 
52.220762 20616 
52.251925 20616 
52.283086 20616 
52.314270 20616 
52.345558 20866 
52.376666 20616 
52.407839 20616 
52.439008 20616 
52.470330 20866 
52.501417 20616 
52.532579 20616 
52.563740 20616 
52.595016 20866 
52.626139 20366 
52.657319 20366 
52.688669 20616 
52.719808 20698 
52.750884 20698 
52.782040 20698 
52.813201 20698 
52.844383 20698 
52.875565 20698 
52.906744 20698 
52.937926 20698 
53.000149 20448 
53.062390 20198 
53.124724 20198 
53.155826 19948 
53.185983 19948 
53.216144 19948 
53.276510 20198 
53.306618 19698 
53.336785 19698 
53.367072 19948 
53.396198 19698 
53.426384 19698 
53.485767 19698 
53.514831 19554 
53.544010 19554 
53.573173 19554 
53.602336 19554 
53.660682 19804 
53.689821 19304 
53.719000 19304 
53.777379 19554 
53.806514 19054 
53.835687 19054 
53.894041 19304 
53.922158 18804 
53.978438 18804 
54.006492 18708 
54.034658 18958 
54.062817 18958 
54.119030 18708 
54.175368 18958 
54.203492 18458 
54.259754 18458 
54.287819 18410 
54.314988 18410 
54.342143 18410 
54.396364 18160 
54.423541 18410 
54.477762 18160 
54.504939 18160 
54.559266 18410 
54.586363 17910 
54.613536 17910 
54.667895 18160 
54.695032 17660 
54.722234 17910 
54.775572 17910 
54.801665 17660 
54.827830 17660 
54.853996 17660 
54.906371 17910 
54.932474 17660 
54.984587 17410 
55.010932 17660 
55.037110 17766 
55.063187 17516 
55.089349 17516 
55.115507 17516 
55.167842 17766 
55.193939 17516 
55.220114 17516 
55.246290 17516 
55.298647 17766 
55.324761 17516 
55.376934 17266 
55.403249 17516 
55.429306 17444 
55.455463 17444 
55.507674 17194 
55.560013 17444 
55.586107 17194 
55.612274 17194 
55.638445 17194 
55.689779 17444 
55.714940 17194 
55.741156 17194 
55.792496 17194 
55.817588 17122 
55.842750 17122 
55.892957 17122 
55.943212 17122 
55.968393 16872 
56.018596 16622 
56.068895 16872 
56.094008 16622 
56.119179 16622 
56.144351 16622 
56.169660 16872 
56.194722 17050 
56.244804 16800 
56.294888 16550 
56.344973 16300 
56.395074 16300 
56.444253 16300 
56.468385 16050 
56.492557 16300 
56.540769 16050 
56.589104 16300 
56.613234 16050 
56.661405 15800 
56.685666 16050 
56.709763 15954 
56.757920 15954 
56.782092 15954 
56.830308 15704 
56.878519 15704 
56.926733 15454 
56.974093 15704 
56.997200 15454 
57.043323 15204 
57.089593 15454 
57.112719 15204 
57.158851 14954 
57.205122 15204 
57.228206 15108 
57.251371 15108 
57.297583 15108 
57.343900 15108 
57.366999 14858 
57.413100 14858 
57.459322 14858 
57.482412 15060 
57.528526 14810 
57.574640 14810 
57.620764 14560 
57.643938 14560 
57.689158 14560 
57.734379 14310 
57.756556 14310 
57.800781 14310 
57.822947 14310 
57.845232 14560 
57.867321 14738 
57.889498 14738 
57.911668 14738 
57.955906 14738 
58.000130 14488 
58.022312 14738 
58.066555 14488 
58.088739 14488 
58.132978 14488 
58.155147 14488 
58.199376 14488 
58.221548 14488 
58.265880 14738 
58.288005 14488 
58.310181 14488 
58.354402 14488 
58.376701 14738 
58.398780 14488 
58.420942 14488 
58.465151 14488 
58.509503 14738 
58.531600 14488 
58.553772 14488 
58.598166 14488 
58.620175 14594 
58.642330 14594 
58.664480 14594 
58.708722 14594 
58.753054 14594 
58.775180 14344 
58.797343 14594 
58.841567 14344 
58.885924 14594 
58.908012 14344 
58.930178 14344 
58.974408 14344 
59.018790 14594 
59.040866 14344 
59.063032 14344 
59.107448 14344 
59.129440 14498 
59.151758 14748 
59.173823 14498 
59.195987 14498 
59.218143 14748 
59.262513 14748 
59.284586 14974 
59.306752 14974 
59.351963 14724 
59.397182 14724 
59.442405 14474 
59.465567 14474 
59.510785 14474 
59.556113 14724 
59.578240 14474 
59.600411 14474 
59.644625 14474 
59.688971 14724 
59.711093 14224 
59.733286 14474 
59.778541 14474 
59.800618 14378 
59.822782 14628 
59.866995 14378 
59.911200 14378 
59.955520 14628 
59.977633 14128 
59.999801 14378 
60.044132 14378 
60.066237 14128 
60.088393 14378 
60.132610 14128 
60.154767 14378 
60.199123 14628 
60.221215 14128 
60.243384 14378 
60.287735 14378 
60.309798 14282 
60.331952 14532 
60.376172 14282 
60.420388 14282 
60.442636 14532 
60.464742 14282 
60.486922 14282 
60.531144 14282 
60.575515 14532 
60.597603 14282 
60.619781 14282 
60.663998 14282 
60.708360 14532 
60.730480 14032 
60.752673 14282 
60.797104 14282 
60.819204 14436 
60.841303 14436 
60.863460 14436 
60.907665 14186 
60.951986 14436 
60.974093 14186 
60.996252 14186 
61.040463 14186 
61.062750 14436 
61.084830 14638 
61.106980 14638 
61.129138 14638 
61.151297 14638 
61.195509 14638 
61.239721 14388 
61.283948 14388 
61.328311 14388 
61.350400 14590 
61.372556 14590 
61.394737 14590 
61.438958 14590 
61.483170 14340 
61.505329 14340 
61.549541 14340 
61.593765 14340 
61.637984 14090 
61.682194 14090 
61.726532 14090 
61.748638 13840 
61.770791 14090 
61.815003 13840 
61.859336 14090 
61.881453 13840 
61.903621 13840 
61.947844 13840 
61.992232 14090 
62.014347 13840 
62.036564 13840 
62.080959 13840 
62.103013 13946 
62.125170 13946 
62.147331 13946 
62.191543 13946 
62.235862 13946 
62.257956 13696 
62.302068 13696 
62.345294 13696 
62.366395 13898 
62.387566 13898 
62.409748 13898 
62.453968 13898 
62.498195 13648 
62.520355 13898 
62.564575 13648 
62.607796 13648 
62.651007 13398 
62.672168 13648 
62.714387 13398 
62.735684 13648 
62.756782 13826 
62.777961 13826 
62.799144 13826 
62.842378 13826 
62.885607 13576 
62.907788 13826 
62.950999 13576 
62.994226 13576 
63.037456 13326 
63.058636 13576 
63.100854 13326 
63.122045 13576 
63.164392 13826 
63.185506 13326 
63.206674 13576 
63.249011 13576 
63.270087 13730 
63.291245 13730 
63.312399 13730 
63.354612 13730 
63.375766 13730 
63.396932 13730 
63.418113 13980 
63.460339 13730 
63.503566 13730 
63.545801 13480 
63.566983 13730 
63.609212 13480 
63.651536 13730 
63.672645 13480 
63.693811 13730 
63.736030 13480 
63.778390 13730 
63.799509 13480 
63.820674 13480 
63.862889 13480 
63.905270 13730 
63.926391 13480 
63.947586 13480 
63.989838 13480 
64.032224 13730 
64.053343 13480 
64.074551 13480 
64.117029 13480 
64.138002 13562 
64.180119 13812 
64.201269 13562 
64.222443 13562 
64.264663 13562 
64.307024 13812 
64.328177 13312 
64.349386 13562 
64.391797 13562 
64.412841 13764 
64.434010 13764 
64.455170 13764 
64.497381 13764 
64.539600 13514 
64.581828 13514 
64.624047 13514 
64.666382 13514 
64.687496 13264 
64.708663 13514 
64.729828 13514 
64.772053 13514 
64.814431 13764 
64.835574 13264 
64.856762 13514 
64.899156 13514 
64.920187 13668 
64.941349 13668 
64.983563 13668 
65.025791 13418 
65.068125 13668 
65.089253 13418 
65.131410 13418 
65.173697 13418 
65.194783 13620 
65.215943 13620 
65.258160 13370 
65.300378 13370 
65.342588 13370 
65.384803 13120 
65.427017 13120 
65.469235 12870 
65.511450 12870 
65.553669 12870 
65.596045 13120 
65.617138 12620 
65.638302 12870 
65.680661 12870 
65.701724 13024 
65.743800 12774 
65.785876 12774 
65.827979 12524 
65.849161 12774 
65.891383 12524 
65.932593 12524 
65.973812 12524 
65.993994 12524 
66.034221 12524 
66.074543 12524 
66.094646 12524 
66.114825 12524 
66.155050 12274 
66.195405 12524 
66.215478 12428 
66.235657 12678 
66.275868 12428 
66.316095 12428 
66.356323 12428 
66.376504 12428 
66.416724 12428 
66.457034 12428 
66.477124 12428 
66.497289 12428 
66.537507 12428 
66.577847 12428 
66.597926 12606 
66.618115 12606 
66.658345 12606 
66.698566 12356 
66.738783 12356 
66.758965 12356 
66.799175 12356 
66.839394 12356 
66.879606 12106 
66.899757 12356 
66.939967 12106 
66.980292 12356 
67.000387 12106 
67.020563 12356 
67.060790 12106 
67.101117 12356 
67.121211 12106 
67.141391 12356 
67.181618 12106 
67.221993 12356 
67.242081 12236 
67.262250 12486 
67.302468 12236 
67.342695 12236 
67.382923 12236 
67.423139 11986 
67.463365 11986 
67.503719 12236 
67.523849 11986 
67.544033 11986 
67.584255 11986 
67.624604 12236 
67.644751 11986 
67.664931 11986 
67.705173 11986 
67.745581 12236 
67.765695 11986 
67.785871 11986 
67.826108 11986 
67.866497 12236 
67.886604 11986 
67.906795 11986 
67.947023 11986 
67.987446 12236 
68.007597 12342 
68.027761 12342 
68.047952 12342 
68.088184 12342 
68.128401 12342 
68.168608 12092 
68.188762 12342 
68.228986 12092 
68.269208 12092 
68.309426 12092 
68.349652 11842 
68.390012 12092 
68.410109 11842 
68.430278 12092 
68.470501 11842 
68.510849 12092 
68.530973 11842 
68.551135 12092 
68.591347 11842 
68.631708 12092 
68.651798 11972 
68.691905 11972 
68.732003 11972 
68.772110 11722 
68.812207 11722 
68.852314 11722 
68.892518 11722 
68.912625 11722 
68.952741 11472 
68.992867 11472 
69.033122 11722 
69.053236 11472 
69.073409 11472 
69.113620 11472 
69.153005 11722 
69.172115 11472 
69.192290 11472 
69.232503 11472 
69.271902 11722 
69.291088 11852 
69.311233 11602 
69.331429 11852 
69.371656 11602 
69.411982 11852 
69.432076 11602 
69.472225 11602 
69.492386 11602 
69.512547 11852 
69.532786 12102 
69.552930 11852 
69.593093 11852 
69.613281 11852 
69.653653 12102 
69.673744 12030 
69.713841 12030 
69.734029 12030 
69.774255 12030 
69.814510 12280 
69.834670 12030 
69.854836 12030 
69.895053 12030 
69.915293 12280 
69.935408 12232 
69.975541 12232 
69.995721 12232 
70.035946 12232 
70.076169 12232 
70.096333 12232 
70.136556 12232 
70.176779 11982 
70.196956 12232 
70.237182 11982 
70.257363 12232 
70.297659 12232 
70.317788 12410 
70.357906 12160 
70.378086 12410 
70.418315 12160 
70.438495 12410 
70.478706 12160 
70.498871 12410 
70.539084 12160 
70.579304 12160 
70.599481 12160 
70.619659 12410 
70.659891 12160 
70.700124 12160 
70.720316 12160 
70.760549 12160 
70.800779 12160 
70.821010 12410 
70.841148 12160 
70.881296 12160 
70.921461 12160 
70.941703 12410 
70.961847 12290 
70.982029 12540 
71.002206 12540 
71.022371 12540 
71.062581 12540 
71.102793 12540 
71.122967 12540 
71.143132 12540 
71.183346 12540 
71.223625 12790 
71.243779 12540 
71.263942 12540 
71.304162 12540 
71.324387 12790 
71.344512 12968 
71.364674 12968 
71.385853 12968 
71.407018 12968 
71.449238 12968 
71.491460 12968 
71.512641 12968 
71.554867 12968 
71.597098 12718 
71.639328 12718 
71.681557 12468 
71.722827 12718 
71.742987 12468 
71.783133 12468 
71.823273 12468 
71.843527 12718 
71.863654 12468 
71.883803 12718 
71.903960 12718 
71.944180 12718 
71.985509 12968 
72.006623 12468 
72.027792 12718 
72.069208 12718 
72.089211 12824 
72.130361 13074 
72.151498 12824 
72.172680 12824 
72.214907 12824 
72.257259 13074 
72.278406 12574 
72.299591 12824 
72.341980 12824 
72.363042 13026 
72.405125 12776 
72.447195 12776 
72.489268 12526 
72.530329 12526 
72.571416 12526 
72.612616 12526 
72.632748 12526 
72.652904 12526 
72.693129 12526 
72.733473 12526 
72.753564 12704 
72.773719 12704 
72.813938 12704 
72.854163 12454 
72.894378 12454 
72.934602 12454 
72.974828 12204 
73.015152 12454 
73.035259 12204 
73.055418 12204 
73.095656 12204 
73.136008 12454 
73.156107 12204 
73.176288 12204 
73.196455 12454 
73.236823 12454 
73.256874 12608 
73.277057 12608 
73.317293 12608 
73.357523 12358 
73.397841 12608 
73.417966 12358 
73.438124 12608 
73.478344 12358 
73.518669 12608 
73.538771 12358 
73.558930 12608 
73.599144 12358 
73.639496 12608 
73.659548 12536 
73.679715 12786 
73.719936 12536 
73.760149 12536 
73.800373 12536 
73.840577 12286 
73.880789 12286 
73.921134 12536 
73.941248 12286 
73.961399 12286 
74.001622 12286 
74.041983 12536 
74.062096 12286 
74.082276 12286 
74.122499 12286 
74.162865 12536 
74.182989 12286 
74.223096 12286 
74.263358 12286 
74.283399 12416 
74.303615 12666 
74.323785 12416 
74.363972 12416 
74.404167 12416 
74.444388 12166 
74.464562 12416 
74.504758 12166 
74.545033 12416 
74.565135 12166 
74.585300 12166 
74.625514 12166 
74.665875 12416 
74.685954 12344 
74.706113 12344 
74.746325 12344 
74.786540 12344 
74.826788 12594 
74.846955 12344 
74.867121 12344 
74.907338 12344 
74.947665 12594 
74.967833 12344 
74.988027 12344 
75.028262 12344 
75.068597 12594 
75.088759 12344 
75.108967 12344 
75.129150 12344 
75.149324 12594 
75.189703 12844 
75.209820 12594 
75.230021 12594 
75.270262 12594 
75.310605 12844 
75.330752 12594 
75.370885 12344 
75.411202 12594 
75.431327 12700 
75.451455 12950 
75.492583 12700 
75.533702 12700 
75.574816 12700 
75.616007 12450 
75.656161 12450 
75.696288 12200 
75.736422 12200 
75.776569 12200 
75.816836 12200 
75.836919 12378 
75.857097 12378 
75.897335 12378 
75.937559 12128 
75.977784 12128 
76.018008 12128 
76.058233 11878 
76.098475 11878 
76.138697 11878 
76.158881 11878 
76.199113 11878 
76.239431 11628 
76.259655 11878 
76.279861 11878 
76.300040 11878 
76.320210 12128 
76.340470 12378 
76.360579 12128 
76.380756 12378 
76.400914 12378 
76.421077 12378 
76.441236 12628 
76.461564 12878 
76.481627 12758 
76.501795 13008 
76.522978 13008 
76.544156 13008 
76.565342 13008 
76.586500 13258 
76.607679 13258 
76.628854 13258 
76.650025 13508 
76.671211 13508 
76.692374 13508 
76.713565 13758 
76.734866 14008 
76.755954 13758 
76.778121 13758 
76.800278 14008 
76.821453 14008 
76.843767 14258 
76.865816 14186 
76.887992 14436 
76.910161 14436 
76.932335 14436 
76.954511 14686 
76.976711 14686 
76.998886 14686 
77.021056 14686 
77.043212 14936 
77.065390 14936 
77.088565 14936 
77.111837 15186 
77.134930 15186 
77.158093 15186 
77.181267 15186 
77.204440 15186 
77.227751 15436 
77.250823 15614 
77.273999 15614 
77.297177 15614 
77.320358 15614 
77.343540 15864 
77.366716 15864 
77.390891 15864 
77.415060 15864 
77.439218 15864 
77.463395 16114 
77.487570 16114 
77.511746 16114 
77.535915 16114 
77.560075 16114 
77.584256 16364 
77.608460 16364 
77.632723 16614 
77.656865 16364 
77.681047 16364 
77.705225 16364 
77.729395 16614 
77.753660 16864 
77.777756 16614 
77.802910 16614 
77.828072 16614 
77.853247 16864 
77.878548 17114 
77.903638 16864 
77.928798 16864 
77.953962 16864 
77.979281 17114 
78.004332 17220 
78.029596 17470 
78.054698 17220 
78.080875 17220 
78.106052 17220 
78.131349 17470 
78.156449 17446 
78.182623 17696 
78.208788 17696 
78.234942 17696 
78.261113 17696 
78.287287 17696 
78.313462 17696 
78.339635 17696 
78.365809 17696 
78.391996 17946 
78.418169 17946 
78.444344 17946 
78.470517 17946 
78.496692 17946 
78.522976 18196 
78.549080 17946 
78.576254 17946 
78.603462 18196 
78.629657 18196 
78.656971 18446 
78.684131 18196 
78.711312 18196 
78.765646 18196 
78.792732 18076 
78.819889 18076 
78.847044 18076 
78.874199 18326 
78.928416 18076 
78.955576 18076 
79.009810 17826 
79.063106 17576 
79.089298 17576 
79.141518 17576 
79.193777 17326 
79.219984 17326 
79.272369 17326 
79.298424 17230 
79.324587 17480 
79.376806 17230 
79.429021 16980 
79.480240 16730 
79.531459 16730 
79.582708 16480 
79.607876 16480 
79.658246 16480 
79.683295 16658 
79.708458 16658 
79.733620 16658 
79.758789 16658 
79.783971 16658 
79.809151 16658 
79.834320 16908 
79.859503 16908 
79.884683 16908 
79.909852 16908 
79.935140 17158 
79.960256 16908 
79.985424 16908 
80.010608 17158 
80.035777 17158 
80.061090 17408 
80.086190 17158 
80.111371 17158 
80.136551 17158 
80.161730 17408 
80.187023 17658 
80.213126 17408 
80.239297 17408 
80.265466 17408 
80.291781 17658 
80.317833 17538 
80.344000 17788 
80.370182 17788 
80.396363 17788 
80.422543 17788 
80.448825 18038 
80.474942 17788 
80.501121 17788 
80.527299 17788 
80.553479 18038 
80.579769 18288 
80.605895 18038 
80.633079 18038 
80.660254 18038 
80.687595 18288 
80.714699 18216 
80.741903 18216 
80.769091 18216 
80.796264 18216 
80.823446 18466 
80.850613 18466 
80.877773 18466 
80.904939 18466 
80.932117 18466 
80.959438 18716 
80.986551 18466 
81.013729 18466 
81.040908 18466 
81.068230 18716 
81.095289 18644 
81.122470 18894 
81.149649 18894 
81.177828 18894 
81.206007 18894 
81.234187 18894 
81.262365 18894 
81.290543 18894 
81.318721 18894 
81.346990 19144 
81.375100 18894 
81.403266 18894 
81.459613 18894 
81.487713 18822 
81.515891 18822 
81.544070 19072 
81.572249 19072 
81.600431 19072 
81.628611 19072 
81.656792 19072 
81.684971 19072 
81.713152 19072 
81.741339 19072 
81.769524 19072 
81.797703 19072 
81.825883 19072 
81.854106 19322 
81.882256 19072 
81.910434 19072 
81.938611 19072 
81.966924 19322 
81.995028 19226 
82.051135 19226 
82.079309 19226 
82.107476 19226 
82.135657 19226 
82.191890 18976 
82.248237 18976 
82.276396 18726 
82.304579 18726 
82.332762 18726 
82.361075 18976 
82.389143 18904 
82.417304 18904 
82.445472 18904 
82.473654 19154 
82.501828 19154 
82.530010 19154 
82.558185 19154 
82.586363 19154 
82.614541 19154 
82.642756 19154 
82.670942 19154 
82.699129 19154 
82.727310 19154 
82.755604 19404 
82.783687 19332 
82.812854 19332 
82.842028 19332 
82.871208 19332 
82.900381 19332 
82.929554 19332 
82.958742 19332 
82.987913 19332 
83.017072 19332 
83.046239 19332 
83.075445 19332 
83.133672 19332 
83.162855 19332 
83.192031 19332 
83.221208 19332 
83.250385 19332 
83.279681 19582 
83.308786 19332 
83.337965 19332 
83.367143 19332 
83.396449 19582 
83.425567 19462 
83.454748 19462 
83.483930 19462 
83.513100 19462 
83.542269 19462 
83.571430 19462 
83.600591 19462 
83.629770 19462 
83.659077 19712 
83.688193 19462 
83.717373 19462 
83.746551 19462 
83.775862 19712 
83.804951 19640 
83.834131 19640 
83.863308 19640 
83.892489 19640 
83.921666 19640 
83.950844 19640 
83.980025 19640 
84.009203 19640 
84.038498 19890 
84.067613 19640 
84.096792 19640 
84.125969 19640 
84.155278 19890 
84.184366 20068 
84.213550 20068 
84.243730 20068 
84.273907 20068 
84.304079 20068 
84.334243 20068 
84.364401 20068 
84.394560 20068 
84.424719 20068 
84.454880 20068 
84.485033 19818 
84.515200 19818 
84.545466 20068 
84.575581 19996 
84.605762 19996 
84.635939 19996 
84.666132 19996 
84.696320 19996 
84.726478 19996 
84.756666 19996 
84.786855 19996 
84.817016 19996 
84.847178 19996 
84.877337 19996 
84.907495 19996 
84.937859 20246 
84.967950 20174 
84.998124 20174 
85.058346 19924 
85.088515 19924 
85.148738 19674 
85.207966 19424 
85.267191 19174 
85.326430 18924 
85.384667 18924 
85.442905 18674 
85.501200 18424 
85.529383 18424 
85.584663 18424 
85.611778 18174 
85.665905 17924 
85.720063 17674 
85.747237 17674 
85.800455 17674 
85.853735 17424 
85.879928 17424 
85.932332 17424 
85.958460 17482 
85.984537 17732 
86.036636 17482 
86.088737 17232 
86.140862 16982 
86.191962 16982 
86.243086 16732 
86.294218 16482 
86.345442 16482 
86.370548 16660 
86.395738 16660 
86.445965 16410 
86.496203 16160 
86.545423 16160 
86.594662 15910 
86.643870 15910 
86.693083 15660 
86.742319 15410 
86.790555 15410 
86.838791 15160 
86.887066 14910 
86.910245 15160 
86.956458 14910 
87.002713 14910 
87.025896 14910 
87.072102 14660 
87.118459 14910 
87.141561 14660 
87.164747 14660 
87.209973 14660 
87.255249 14410 
87.277448 14410 
87.321676 14410 
87.366097 14660 
87.388209 14468 
87.410382 14468 
87.454586 14468 
87.498919 14468 
87.520996 14444 
87.565093 14444 
87.609191 14194 
87.653285 14194 
87.697388 13944 
87.741487 13944 
87.785616 13694 
87.807783 13944 
87.829945 13944 
87.874166 13944 
87.918416 13694 
87.940589 13694 
87.983804 13694 
88.027064 13444 
88.048275 13694 
88.090517 13444 
88.132894 13694 
88.153940 13574 
88.175109 13574 
88.217346 13574 
88.259563 13574 
88.301799 13324 
88.322960 13574 
88.365182 13324 
88.407528 13574 
88.428652 13324 
88.449821 13324 
88.492048 13324 
88.534401 13574 
88.555500 13324 
88.597620 13074 
88.639907 13324 
88.661042 13478 
88.682146 13478 
88.703299 13478 
88.745517 13228 
88.787866 13478 
88.808965 13228 
88.851080 13228 
88.893195 13228 
88.935343 12978 
88.956518 12978 
88.998739 12978 
89.041093 13228 
89.062218 12978 
89.104340 12978 
89.146703 12978 
89.167799 13132 
89.188921 13382 
89.231066 13132 
89.273201 13132 
89.315330 12882 
89.357452 12882 
89.399583 12882 
89.441732 12632 
89.483879 12632 
89.526031 12382 
89.567188 12382 
89.608317 12382 
89.649443 12132 
89.690615 12132 
89.710794 12132 
89.750998 12132 
89.791207 12132 
89.831459 11882 
89.851649 12132 
89.891872 11882 
89.932227 12132 
89.952282 11988 
89.992357 11988 
90.032480 11988 
90.072704 11988 
90.092811 11988 
90.112969 11988 
90.133118 11988 
90.173326 11988 
90.213553 11988 
90.233725 11988 
90.273908 11988 
90.314240 11988 
90.334327 12166 
90.354500 12166 
90.394719 12166 
90.434946 11916 
90.475170 11916 
90.515390 11666 
90.555618 11666 
90.595875 11666 
90.616066 11666 
90.656299 11666 
90.696665 11666 
90.716744 11844 
90.756842 11594 
90.796941 11594 
90.837057 11594 
90.877153 11344 
90.916253 11344 
90.955362 11344 
90.994465 11344 
91.033575 11094 
91.072676 11094 
91.111801 11094 
91.130962 11094 
91.169164 11094 
91.207523 11094 
91.226576 11248 
91.264637 11248 
91.302705 10998 
91.340783 10998 
91.378847 10998 
91.416907 10748 
91.454977 10748 
91.493070 10748 
91.512185 10748 
91.550402 10748 
91.588613 10748 
91.626851 10498 
91.646015 10748 
91.684239 10748 
91.722605 10748 
91.741679 10902 
91.779776 10652 
91.817872 10652 
91.855967 10652 
91.894072 10652 
91.932172 10402 
91.970268 10402 
92.008399 10402 
92.027572 10402 
92.065799 10402 
92.104028 10402 
92.142268 10152 
92.161420 10402 
92.199640 10152 
92.238006 10402 
92.257085 10306 
92.295184 10306 
92.333298 10306 
92.371402 10306 
92.409498 10056 
92.446592 10056 
92.483685 10056 
92.520795 10056 
92.538952 10056 
92.575117 10056 
92.611338 10056 
92.647597 9806 
92.665792 10056 
92.702023 10056 
92.738380 10056 
92.756449 10210 
92.792543 10210 
92.828653 9960 
92.864749 9960 
92.900848 9960 
92.936944 9960 
92.973041 9960 
93.009273 9960 
93.027369 10162 
93.063480 10162 
93.099591 9912 
93.135696 9912 
93.171808 9912 
93.207919 9912 
93.244029 9912 
93.280137 9662 
93.316259 9662 
93.352360 9662 
93.388465 9662 
93.424579 9662 
93.442728 9662 
93.478934 9662 
93.515273 9662 
93.533331 9816 
93.569402 9816 
93.605481 9566 
93.641571 9566 
93.677660 9566 
93.713738 9566 
93.749808 9566 
93.785888 9316 
93.821984 9316 
93.858077 9316 
93.894180 9316 
93.930292 9316 
93.948445 9316 
93.984668 9316 
94.020889 9316 
94.057134 9066 
94.075314 9316 
94.111531 9316 
94.147911 9316 
94.165963 9446 
94.202027 9446 
94.238081 9196 
94.274156 9196 
94.310236 9196 
94.328389 9196 
94.364592 9196 
94.400822 9196 
94.437079 9196 
94.455264 9196 
94.491477 9196 
94.527680 9196 
94.563935 9196 
94.582132 9196 
94.618355 9196 
94.654573 9196 
94.690836 8946 
94.709041 9196 
94.745260 8946 
94.781654 9196 
94.799678 9326 
94.835730 9076 
94.853894 9326 
94.890096 9326 
94.926457 9326 
94.944507 9552 
94.980587 9552 
95.016653 9302 
95.052732 9302 
95.088807 9302 
95.124862 9302 
95.160941 9302 
95.197110 9302 
95.215230 9302 
95.233411 9302 
95.269635 9302 
95.305883 9302 
95.342130 9302 
95.360292 9302 
95.396474 9302 
95.432666 9302 
95.468913 9052 
95.487078 9302 
95.523295 9302 
95.559705 9302 
95.577710 9432 
95.613851 9682 
95.632023 9432 
95.668188 9432 
95.704334 9432 
95.740611 9682 
95.758769 9432 
95.776973 9432 
95.813211 9432 
95.849550 9682 
95.867702 9432 
95.903853 9432 
95.939988 9432 
95.976239 9682 
95.994352 9432 
96.030478 9432 
96.066772 9432 
96.084828 9586 
96.121006 9836 
96.139124 9586 
96.175239 9586 
96.211353 9586 
96.247611 9836 
96.265745 9586 
96.301869 9586 
96.338145 9586 
96.356211 9788 
96.392285 9788 
96.428353 9538 
96.464426 9538 
96.500503 9538 
96.536583 9538 
96.572661 9538 
96.608802 9538 
96.626933 9740 
96.645096 9740 
96.681306 9740 
96.717523 9740 
96.753742 9740 
96.789958 9490 
96.826175 9490 
96.862385 9490 
96.898602 9490 
96.934819 9490 
96.971037 9240 
97.007356 9490 
97.025479 9240 
97.061620 9240 
97.097766 9240 
97.134025 9490 
97.152166 9240 
97.188320 9240 
97.224454 9240 
97.260700 9490 
97.278870 9240 
97.315036 9240 
97.351185 9240 
97.387436 9490 
97.405605 9240 
97.441756 9240 
97.478085 9240 
97.496111 9322 
97.532285 9572 
97.550462 9322 
97.586614 9322 
97.622748 9322 
97.659010 9572 
97.677163 9322 
97.713319 9322 
97.749609 9322 
97.767677 9524 
97.785834 9524 
97.822054 9524 
97.858269 9524 
97.894490 9524 
97.930728 9274 
97.966944 9274 
98.003183 9274 
98.039550 9524 
98.057659 9274 
98.093781 9274 
98.129902 9274 
98.166128 9524 
98.184270 9274 
98.202452 9274 
98.238677 9274 
98.275001 9524 
98.293106 9428 
98.329239 9428 
98.365369 9428 
98.401501 9428 
98.437641 9178 
98.473795 9178 
98.509925 9178 
98.546192 9428 
98.564336 9178 
98.582518 9428 
98.618752 9178 
98.655130 9428 
98.673198 9606 
98.709288 9356 
98.745374 9356 
98.781474 9356 
98.817591 9356 
98.853687 9356 
98.889779 9106 
98.925978 9356 
98.944078 9356 
98.980172 9106 
99.016277 9106 
99.052468 9356 
99.070589 9106 
99.106701 9106 
99.142815 9106 
99.179058 9356 
99.197167 9106 
99.233285 9106 
99.269390 9106 
99.305625 9356 
99.323734 9106 
99.359868 9106 
99.396190 9106 
99.414200 9212 
99.450342 9462 
99.468460 9212 
99.486639 9212 
99.522866 9212 
99.559179 9462 
99.577287 9212 
99.613412 9212 
99.649543 9212 
99.685788 9462 
99.703933 9212 
99.740072 9212 
99.776208 9212 
99.812448 9462 
99.830565 9390 
99.866686 9390 
99.902799 9390 
99.939089 9390 
99.957183 9616 
99.993282 9616 
100.029380 9366 
100.065487 9366 
100.101582 9366 
100.137681 9366 
100.173780 9366 
100.209885 9116 
100.245988 9116 
100.282095 9116 
100.318185 9116 
100.354436 9366 
100.372549 9116 
100.408675 9116 
100.444804 9116 
100.481070 9366 
100.499215 9116 
100.535352 8866 
100.571581 9116 
100.589684 9246 
100.625808 8996 
100.661930 8996 
100.698058 8996 
100.734190 8996 
100.770316 8996 
100.806433 8746 
100.842653 8996 
100.860790 8996 
100.896924 8746 
100.933053 8746 
100.969295 8996 
100.987407 8746 
101.023519 8746 
101.059628 8746 
101.095841 8996 
101.113951 8746 
101.150084 8746 
101.186234 8746 
101.222518 8996 
101.240633 8746 
101.276767 8746 
101.312892 8746 
101.349204 8996 
101.367369 9102 
101.385533 9102 
101.421724 9102 
101.457901 9102 
101.494071 9102 
101.530243 8852 
101.566395 8852 
101.602546 8852 
101.638723 8852 
101.674874 8852 
101.711026 8602 
101.747177 8602 
101.782318 8602 
101.817462 8602 
101.852614 8602 
101.887882 8852 
101.905029 8602 
101.939199 8602 
101.973352 8602 
102.007637 8852 
102.024780 8602 
102.058945 8602 
102.093074 8602 
102.127307 8852 
102.144407 8602 
102.162576 8602 
102.197789 8602 
102.233179 8852 
102.250272 8934 
102.268404 8934 
102.286559 8934 
102.322780 8934 
102.359017 8934 
102.395368 9184 
102.413504 8934 
102.449651 8934 
102.485908 8934 
102.503974 9136 
102.540052 9136 
102.576127 8886 
102.612231 8886 
102.630408 9136 
102.666743 9386 
102.684872 9136 
102.721005 9136 
102.757275 9136 
102.775336 9338 
102.811419 9338 
102.847497 9088 
102.883579 9088 
102.919684 9088 
102.955781 9088 
102.991877 9088 
103.027958 8838 
103.064032 8838 
103.100112 8838 
103.136208 8838 
103.172431 9088 
103.190538 8838 
103.226667 8838 
103.262782 8838 
103.299027 9088 
103.317169 8838 
103.353289 8838 
103.389563 8838 
103.407609 8968 
103.443688 8968 
103.479771 8718 
103.515842 8718 
103.551928 8718 
103.588017 8718 
103.624084 8718 
103.660287 8718 
103.678387 8920 
103.714503 8920 
103.750628 8670 
103.786746 8670 
103.821874 8670 
103.857000 8670 
103.892121 8670 
103.927251 8420 
103.962360 8420 
103.997492 8420 
104.032618 8420 
104.067846 8670 
104.084951 8420 
104.119081 8420 
104.153189 8420 
104.187456 8670 
104.204562 8420 
104.238693 8420 
104.272826 8420 
104.307066 8670 
104.324188 8420 
104.358324 8420 
104.392474 8420 
104.426731 8670 
104.443803 8526 
104.477900 8526 
104.512007 8526 
104.546130 8526 
104.580363 8776 
104.597484 8526 
104.631624 8526 
104.665758 8526 
104.700012 8776 
104.717134 8526 
104.751306 8526 
104.785461 8526 
104.819730 8776 
104.836853 8526 
104.870974 8526 
104.905094 8526 
104.939346 8776 
104.956492 8680 
104.973688 8930 
105.008928 8680 
105.044183 8680 
105.078540 8930 
105.095637 8680 
105.130759 8680 
105.164880 8680 
105.199155 8930 
105.216236 8882 
105.251341 8882 
105.286450 8882 
105.321555 8882 
105.356666 8882 
105.391776 8882 
105.426885 8632 
105.462114 8882 
105.480216 8882 
105.516311 8632 
105.552406 8632 
105.587611 8882 
105.604722 8882 
105.639827 8632 
105.674921 8632 
105.709128 8882 
105.726267 8786 
105.761443 8786 
105.796620 8786 
105.831793 8786 
105.866958 8786 
105.902124 8786 
105.937291 8536 
105.971588 8786 
105.988738 8786 
106.023884 8786 
106.059036 8536 
106.093308 8786 
106.110411 8964 
106.145525 8714 
106.180641 8714 
106.215755 8714 
106.250870 8714 
106.284999 8714 
106.319132 8714 
106.353261 8714 
106.387368 8464 
106.421489 8464 
106.455604 8464 
106.489831 8714 
106.506960 8464 
106.541076 8464 
106.575192 8464 
106.609429 8714 
106.626561 8618 
106.643736 8868 
106.678974 8868 
106.714202 8868 
106.749419 8618 
106.784632 8618 
106.818855 8618 
106.853076 8618 
106.887433 8868 
106.904540 8618 
106.938653 8618 
106.972766 8618 
107.007011 8868 
107.024119 8618 
107.058225 8618 
107.092340 8618 
107.126602 8868 
107.143738 8618 
107.177876 8618 
107.211995 8618 
107.246255 8868 
107.263342 8748 
107.298455 8748 
107.333563 8748 
107.368685 8748 
107.403947 8998 
107.422067 8748 
107.458241 8748 
107.494390 8748 
107.530701 8998 
107.548834 8748 
107.584953 8498 
107.620245 8748 
107.637288 8926 
107.672352 8926 
107.707410 8676 
107.742501 8676 
107.777667 8926 
107.795797 8676 
107.831983 8676 
107.867167 8676 
107.902480 8926 
107.919594 8676 
107.954727 8676 
107.988852 8676 
108.023113 8926 
108.040213 8854 
108.075361 8854 
108.110509 8854 
108.145649 8854 
108.180782 8854 
108.215928 8604 
108.251080 8604 
108.285353 8854 
108.302485 8854 
108.337575 8604 
108.371658 8604 
108.405880 8854 
108.422959 9032 
108.458061 8782 
108.493167 8782 
108.528273 8782 
108.563385 8782 
108.598488 8782 
108.633600 8782 
108.668831 8782 
108.686955 8782 
108.723041 8782 
108.759138 8532 
108.794341 8782 
108.811456 8782 
108.846594 8532 
108.880735 8532 
108.914991 8782 
108.932094 8936 
108.967183 8686 
109.002274 8686 
109.036360 8686 
109.070446 8686 
109.104536 8686 
109.138627 8686 
109.172718 8686 
109.206922 8936 
109.224037 8686 
109.259162 8686 
109.293280 8686 
109.327527 8936 
109.344635 8686 
109.379753 8686 
109.413870 8686 
109.448116 8936 
109.465235 8686 
109.500375 8686 
109.534516 8686 
109.568806 8936 
109.585945 8686 
109.621076 8686 
109.655345 8686 
109.672388 8792 
109.707601 9042 
109.725737 8792 
109.761875 8792 
109.798000 8792 
109.834264 9042 
109.852414 8792 
109.888546 8792 
109.924668 8792 
109.960931 9042 
109.979082 8792 
110.015212 8542 
110.050498 8792 
110.067528 8970 
110.102577 8970 
110.137622 8720 
110.172659 8720 
110.207810 8970 
110.225905 8720 
110.262056 8720 
110.298234 8720 
110.334528 8970 
110.352658 8720 
110.388799 8720 
110.424926 8720 
110.461174 8970 
110.479321 8720 
110.515465 8720 
110.551590 8720 
110.587854 8970 
110.605992 8720 
110.642147 8720 
110.678476 8720 
110.696519 8850 
110.732706 9100 
110.750880 8850 
110.787040 8850 
110.823178 8850 
110.859438 9100 
110.877568 8850 
110.913714 8850 
110.949998 8850 
110.968048 9052 
111.004116 9052 
111.040190 8802 
111.076245 8802 
111.112422 9052 
111.130531 8802 
111.166644 8802 
111.202760 8802 
111.239026 9052 
111.257138 8802 
111.293266 8802 
111.329400 8802 
111.365654 9052 
111.383789 8802 
111.419920 8802 
111.456225 8802 
111.474258 8956 
111.510446 9206 
111.528543 8956 
111.564661 8956 
111.600780 8956 
111.637045 9206 
111.655164 8956 
111.691298 8956 
111.727563 8956 
111.745639 9158 
111.781737 9158 
111.817832 8908 
111.853934 8908 
111.890036 8908 
111.926138 8908 
111.962237 8908 
111.998461 8908 
112.016552 9110 
112.052655 9110 
112.088757 8860 
112.124852 8860 
112.160959 8860 
112.197077 8860 
112.233182 8860 
112.269285 8610 
112.305387 8610 
112.340483 8610 
112.375593 8610 
112.410824 8860 
112.427931 8610 
112.462058 8610 
112.496224 8610 
112.530470 8860 
112.547595 8610 
112.581731 8610 
112.615855 8610 
112.650124 8860 
112.667207 8610 
112.701310 8610 
112.735409 8610 
112.769667 8860 
112.786785 8716 
112.821903 8716 
112.857006 8716 
112.891098 8716 
112.925307 8966 
112.942459 8716 
112.977600 8716 
113.012733 8716 
113.047999 8966 
113.066125 8716 
113.102295 8716 
113.138614 8716 
113.156668 8894 
113.192740 8894 
113.228805 8644 
113.264866 8644 
113.300047 8894 
113.317155 8644 
113.351310 8644 
113.385477 8644 
113.419768 8894 
113.436863 8846 
113.471962 8846 
113.507070 8846 
113.542229 8846 
113.560424 8846 
113.596654 8846 
113.632893 8846 
113.669107 8846 
113.705434 9096 
113.723547 8846 
113.759684 8846 
113.795942 8846 
113.814038 9024 
113.850172 9024 
113.886301 8774 
113.922430 8774 
113.958554 8774 
113.994678 8774 
114.030809 8774 
114.066941 8524 
114.102072 8524 
114.137201 8524 
114.172340 8524 
114.207601 8774 
114.224751 8524 
114.258896 8524 
114.293043 8524 
114.327308 8774 
114.344397 8524 
114.378509 8524 
114.412619 8524 
114.446878 8774 
114.463962 8524 
114.498059 8524 
114.532184 8524 
114.566437 8774 
114.583497 8630 
114.617564 8630 
114.651641 8630 
114.685733 8630 
114.719986 8880 
114.737080 8630 
114.771229 8630 
114.805367 8630 
114.839654 8880 
114.856796 8630 
114.890941 8630 
114.925067 8630 
114.959305 8880 
114.976429 8630 
115.010549 8630 
115.044668 8630 
115.062005 8880 
115.079058 9034 
115.114258 9284 
115.132400 9034 
115.168543 9034 
115.204676 9034 
115.240949 9284 
115.259085 9034 
115.295217 8784 
115.331489 9034 
115.349549 9236 
115.385627 8986 
115.421699 8986 
115.457768 8986 
115.493953 9236 
115.512054 8986 
115.548151 8986 
115.584269 8986 
115.620566 9236 
115.638707 8986 
115.656877 8986 
115.693099 8986 
115.711261 9236 
115.747615 9486 
115.765702 9236 
115.783865 9236 
115.802020 9302 
