0.000041 250 
0.090316 500 
0.113561 750 
0.130794 1000 
0.146024 1250 
0.160284 1500 
0.174511 1750 
0.188761 2000 
0.203000 2250 
0.217238 2500 
0.231513 2750 
0.245761 3000 
0.259949 3250 
0.274142 3500 
0.288393 3750 
0.303595 4000 
0.318826 4250 
0.333992 4500 
0.349243 4750 
0.364422 5000 
0.379644 5250 
0.394848 5500 
0.410092 5750 
0.426258 6000 
0.442515 6250 
0.458730 6500 
0.474983 6750 
0.491207 7000 
0.507442 7250 
0.523676 7500 
0.539932 7750 
0.557199 8000 
0.574437 8250 
0.591684 8500 
0.608837 8750 
0.626062 9000 
0.643307 9250 
0.661551 9500 
0.679772 9750 
0.697998 10000 
0.716275 10250 
0.734518 10500 
0.752777 10750 
0.772037 11000 
0.791286 11250 
0.810503 11500 
0.829748 11750 
0.848908 12000 
0.869145 12250 
0.889388 12500 
0.909604 12750 
0.929845 13000 
0.950054 13250 
0.971274 13500 
0.992472 13750 
1.013684 14000 
1.034897 14250 
1.056111 14500 
1.078338 14750 
1.100552 15000 
1.122752 15250 
1.144973 15500 
1.168192 15750 
1.191409 16000 
1.214561 16250 
1.238791 16500 
1.262990 16750 
1.287187 17000 
1.312425 17250 
1.337638 17500 
1.362828 17750 
1.388043 18000 
1.414264 18250 
1.440476 18500 
1.467727 18750 
1.494952 19000 
1.522175 19250 
1.550388 19500 
1.578597 19750 
1.606752 20000 
1.635971 20250 
1.665134 20500 
1.695381 20750 
1.725657 21000 
1.756881 21250 
1.788038 21500 
1.820206 21500 
1.852370 21500 
1.885531 21500 
1.918698 21250 
1.951860 21250 
1.985027 21250 
2.017182 21250 
2.049347 21250 
2.081502 21250 
2.113661 21250 
2.145820 21250 
2.177978 21250 
2.242196 21000 
2.274352 21000 
2.306513 21000 
2.338684 20750 
2.370873 20750 
2.403048 20750 
2.434222 20750 
2.465405 20750 
2.496580 20750 
2.527761 20750 
2.558943 20750 
2.590127 20750 
2.621309 20750 
2.652491 20750 
2.683673 20750 
2.714842 20750 
2.746022 20750 
2.777204 20750 
2.808384 20750 
2.839550 20750 
2.870732 20750 
2.901915 20750 
2.933099 20750 
2.964279 20750 
2.995455 20750 
3.026634 20750 
3.057799 20500 
3.088979 20500 
3.120159 20500 
3.151340 20500 
3.182521 20500 
3.213700 20500 
3.244867 20500 
3.276048 20500 
3.307228 20500 
3.338408 20500 
3.369596 20500 
3.400762 20500 
3.431929 20500 
3.463102 20500 
3.494285 20500 
3.525450 20500 
3.556622 20500 
3.587810 20500 
3.618977 20500 
3.650135 20500 
3.681301 20500 
3.712526 20500 
3.743725 20500 
3.774913 20500 
3.806071 20500 
3.837251 20250 
3.868423 20250 
3.899588 20250 
3.929746 20250 
3.959895 20250 
3.990057 20250 
4.020228 20250 
4.050386 20250 
4.080544 20250 
4.110697 20250 
4.140870 20250 
4.171028 20250 
4.201193 20250 
4.231351 20250 
4.261516 20250 
4.291673 20250 
4.321831 20250 
4.351988 20250 
4.382154 20250 
4.412303 20250 
4.442461 20250 
4.472621 20250 
4.502772 20250 
4.532959 20250 
4.563152 20250 
4.593330 20250 
4.623504 20250 
4.653676 20250 
4.683855 20250 
4.714027 20250 
4.744207 20250 
4.774387 20250 
4.804566 20250 
4.834744 20250 
4.864926 20250 
4.895075 20250 
4.925255 20250 
4.955435 20250 
4.985742 20500 
5.015801 20376 
5.046976 20376 
5.078162 20376 
5.109348 20376 
5.140520 20376 
5.171672 20376 
5.202825 20376 
5.234002 20376 
5.265166 20376 
5.296326 20376 
5.327490 20376 
5.358653 20376 
5.389816 20376 
5.420969 20376 
5.452136 20376 
5.483306 20376 
5.514487 20376 
5.545659 20376 
5.576823 20376 
5.608179 20376 
5.639223 20256 
5.670407 20256 
5.700589 20256 
5.730767 20256 
5.760931 20256 
5.791112 20256 
5.821292 20256 
5.851474 20256 
5.881793 20506 
5.911911 20458 
5.943058 20458 
5.974236 20458 
6.005407 20458 
6.036592 20458 
6.067776 20458 
6.098959 20458 
6.130141 20458 
6.161324 20458 
6.192499 20458 
6.223674 20458 
6.254839 20458 
6.286024 20458 
6.317204 20458 
6.348385 20458 
6.379560 20458 
6.410737 20458 
6.441912 20458 
6.473076 20458 
6.504251 20458 
6.535436 20458 
6.566604 20458 
6.597771 20208 
6.629081 20458 
6.659109 20314 
6.690286 20314 
6.720441 20314 
6.750606 20314 
6.780879 20564 
6.810977 20540 
6.842144 20540 
6.873312 20540 
6.904480 20540 
6.935651 20540 
6.966815 20540 
6.997993 20540 
7.029155 20540 
7.060338 20540 
7.091520 20540 
7.122703 20540 
7.153886 20540 
7.185047 20540 
7.216221 20540 
7.247396 20540 
7.278568 20540 
7.309745 20540 
7.340908 20540 
7.372082 20540 
7.403256 20540 
7.434433 20540 
7.465608 20540 
7.496784 20540 
7.528125 20540 
7.559163 20396 
7.590377 20396 
7.621562 20396 
7.652736 20396 
7.683909 20396 
7.715074 20396 
7.746229 20396 
7.777387 20396 
7.808700 20646 
7.839790 20396 
7.870955 20396 
7.902115 20396 
7.933401 20646 
7.964483 20574 
7.995659 20574 
8.026824 20574 
8.057987 20574 
8.089145 20574 
8.120298 20574 
8.151454 20574 
8.182633 20574 
8.213820 20574 
8.244991 20574 
8.276170 20574 
8.307510 20574 
8.338563 20502 
8.369736 20502 
8.400894 20502 
8.432073 20502 
8.463252 20502 
8.494432 20502 
8.525614 20502 
8.556794 20502 
8.587975 20502 
8.619158 20502 
8.650338 20502 
8.681524 20502 
8.712707 20502 
8.743866 20502 
8.775045 20502 
8.806225 20502 
8.837414 20502 
8.868586 20502 
8.899766 20502 
8.930942 20502 
8.962238 20752 
8.993311 20502 
9.024476 20502 
9.055638 20502 
9.086961 20752 
9.118074 20252 
9.149264 20252 
9.180670 20502 
9.210777 20584 
9.241834 20584 
9.272991 20584 
9.304153 20584 
9.335328 20584 
9.366506 20584 
9.397679 20584 
9.428844 20584 
9.460018 20584 
9.491254 20834 
9.522362 20584 
9.553548 20584 
9.584702 20584 
9.615977 20834 
9.647087 20584 
9.678252 20584 
9.709416 20584 
9.740693 20834 
9.771784 20584 
9.802944 20584 
9.834105 20584 
9.865339 20834 
9.896446 20584 
9.927619 20334 
9.958977 20584 
9.990111 20690 
10.021192 20690 
10.052366 20690 
10.083540 20690 
10.114718 20690 
10.145896 20690 
10.177071 20690 
10.208241 20690 
10.239410 20690 
10.270578 20690 
10.301755 20690 
10.332924 20690 
10.364096 20690 
10.395385 20940 
10.426512 20690 
10.457685 20690 
10.488856 20690 
10.520131 20940 
10.551273 20690 
10.582453 20690 
10.613629 20690 
10.644908 20940 
10.676054 20690 
10.707237 20440 
10.738552 20690 
10.769616 20546 
10.800790 20546 
10.831945 20546 
10.863104 20546 
10.894369 20796 
10.925474 20546 
10.956630 20546 
10.987799 20546 
11.019098 20796 
11.050205 20546 
11.081382 20546 
11.112537 20546 
11.143840 20796 
11.174933 20724 
11.206102 20724 
11.237263 20724 
11.268425 20724 
11.299612 20724 
11.330786 20724 
11.361961 20724 
11.393150 20724 
11.424379 20974 
11.455524 20724 
11.486690 20724 
11.517960 20724 
11.549042 20652 
11.580205 20652 
11.611380 20652 
11.642551 20652 
11.673730 20652 
11.704906 20652 
11.736081 20652 
11.767258 20652 
11.798435 20652 
11.829614 20652 
11.860790 20652 
11.891961 20652 
11.923237 20902 
11.954354 20652 
11.985529 20652 
12.016705 20652 
12.047976 20902 
12.079081 20652 
12.110257 20652 
12.141426 20652 
12.172715 20902 
12.203829 20652 
12.235002 20652 
12.266170 20652 
12.297407 20902 
12.328579 21008 
12.359701 20508 
12.391869 20508 
12.423147 20758 
12.454240 20734 
12.485400 20734 
12.516558 20734 
12.547741 20734 
12.578915 20734 
12.610092 20734 
12.641269 20734 
12.672439 20734 
12.703625 20734 
12.734795 20734 
12.765974 20734 
12.828304 20734 
12.859410 20484 
12.890574 20484 
12.921737 20484 
12.953013 20734 
12.984164 20484 
13.015349 20484 
13.046519 20484 
13.077802 20734 
13.108927 20234 
13.140137 20234 
13.171482 20484 
13.201626 20590 
13.232709 20340 
13.263868 20340 
13.295031 20340 
13.326329 20590 
13.356421 20566 
13.387596 20566 
13.418764 20566 
13.449940 20566 
13.481122 20566 
13.512292 20566 
13.543460 20566 
13.574637 20566 
13.605813 20566 
13.636988 20566 
13.668158 20566 
13.699335 20566 
13.730624 20816 
13.761723 20566 
13.792886 20566 
13.824051 20566 
13.855339 20816 
13.886434 20566 
13.917598 20316 
13.948865 20566 
13.979933 20446 
14.011089 20446 
14.042242 20446 
14.073396 20446 
14.104668 20696 
14.135771 20672 
14.166925 20672 
14.198096 20672 
14.229238 20672 
14.260409 20672 
14.291566 20672 
14.322726 20672 
14.353885 20672 
14.385041 20672 
14.416205 20672 
14.447363 20672 
14.478528 20672 
14.509806 20922 
14.540908 20672 
14.572068 20672 
14.603229 20672 
14.634509 20922 
14.665601 20672 
14.696764 20672 
14.728074 20672 
14.759126 20552 
14.790283 20552 
14.821444 20552 
14.852624 20552 
14.883905 20802 
14.915022 20552 
14.946178 20552 
14.977334 20552 
15.008625 20802 
15.039725 20552 
15.070905 20552 
15.102085 20552 
15.133390 20802 
15.164483 20730 
15.195652 20730 
15.226814 20730 
15.257974 20730 
15.320189 20480 
15.351355 20480 
15.382513 20480 
15.413798 20730 
15.444898 20480 
15.476078 20480 
15.507387 20480 
15.538453 20408 
15.569629 20408 
15.600809 20408 
15.631996 20408 
15.663179 20408 
15.694329 20408 
15.725489 20408 
15.756651 20408 
15.787801 20408 
15.818951 20408 
15.850101 20408 
15.881259 20408 
15.912531 20658 
15.943632 20408 
15.974811 20408 
16.005997 20408 
16.037300 20658 
16.068396 20408 
16.099554 20408 
16.130711 20408 
16.162020 20658 
16.193076 20408 
16.224233 20408 
16.255391 20408 
16.286688 20658 
16.317884 20764 
16.348980 20264 
16.380147 20264 
16.411432 20514 
16.441508 20490 
16.472666 20490 
16.503821 20490 
16.534980 20490 
16.566158 20490 
16.597323 20490 
16.628481 20490 
16.659639 20490 
16.690797 20490 
16.721955 20490 
16.753125 20490 
16.784283 20490 
16.815549 20740 
16.846664 20490 
16.877831 20490 
16.908994 20490 
16.940300 20740 
16.971409 20490 
17.002578 20490 
17.033741 20490 
17.065023 20740 
17.096151 20490 
17.127324 20240 
17.158666 20490 
17.189692 20346 
17.220852 20346 
17.252009 20346 
17.282170 20346 
17.312427 20596 
17.342520 20346 
17.373700 20346 
17.404881 20346 
17.436187 20596 
17.466267 20548 
17.497423 20548 
17.528581 20548 
17.559739 20548 
17.590901 20548 
17.622057 20548 
17.653215 20548 
17.684374 20548 
17.715534 20548 
17.746691 20548 
17.777850 20548 
17.809008 20548 
17.840298 20798 
17.871391 20548 
17.902551 20548 
17.933709 20548 
17.965001 20798 
17.996094 20548 
18.027270 20298 
18.058609 20548 
18.089629 20428 
18.120784 20428 
18.151936 20428 
18.183101 20428 
18.214392 20678 
18.245491 20428 
18.276670 20428 
18.307850 20428 
18.339164 20678 
18.370259 20428 
18.401430 20428 
18.432611 20428 
18.463918 20678 
18.495004 20606 
18.526166 20606 
18.557347 20606 
18.588530 20606 
18.619714 20606 
18.650897 20606 
18.682055 20606 
18.713206 20606 
18.744488 20856 
18.775582 20606 
18.806741 20606 
18.838045 20606 
18.869110 20534 
18.900270 20534 
18.931458 20534 
18.962639 20534 
18.993819 20534 
19.024998 20534 
19.056179 20534 
19.087360 20534 
19.118542 20534 
19.149728 20534 
19.180893 20534 
19.212064 20534 
19.243356 20784 
19.274459 20534 
19.305638 20534 
19.336817 20534 
19.368126 20784 
19.399210 20534 
19.430375 20534 
19.461535 20534 
19.492842 20784 
19.523907 20534 
19.555060 20534 
19.586217 20534 
19.617549 20784 
19.648738 20890 
19.679887 20640 
19.711060 20640 
19.742229 20640 
19.773392 20640 
19.804548 20640 
19.835725 20640 
19.866897 20640 
19.898059 20640 
19.929213 20640 
19.960363 20640 
19.991516 20640 
20.022669 20640 
20.053853 20640 
20.085026 20640 
20.116210 20640 
20.147485 20890 
20.178576 20640 
20.209757 20640 
20.240909 20640 
20.272196 20890 
20.303286 20640 
20.334447 20640 
20.365609 20640 
20.396923 20890 
20.428027 20390 
20.459202 20390 
20.490578 20640 
20.521658 20722 
20.552746 20472 
20.583902 20472 
20.615063 20472 
20.646407 20722 
20.677515 20698 
20.708700 20698 
20.739883 20698 
20.771064 20698 
20.802247 20698 
20.833427 20698 
20.864610 20698 
20.895779 20698 
20.926962 20698 
20.958121 20698 
20.989289 20698 
21.020448 20698 
21.051715 20948 
21.082798 20698 
21.113957 20698 
21.145128 20698 
21.176406 20948 
21.207492 20448 
21.238655 20448 
21.269971 20698 
21.300999 20578 
21.332151 20578 
21.363302 20578 
21.394468 20578 
21.425728 20828 
21.456835 20578 
21.488015 20578 
21.519197 20578 
21.550495 20828 
21.581606 20578 
21.612778 20578 
21.643942 20578 
21.675235 20828 
21.706369 20578 
21.737548 20578 
21.768718 20578 
21.800016 20828 
21.831082 20732 
21.862242 20732 
21.893397 20732 
21.924557 20732 
21.955824 20982 
21.986939 20482 
22.018102 20482 
22.049393 20732 
22.080457 20684 
22.111616 20684 
22.142797 20684 
22.173981 20684 
22.236201 20434 
22.267360 20434 
22.298519 20434 
22.329687 20434 
22.360846 20434 
22.392004 20434 
22.423172 20434 
22.454478 20684 
22.485571 20434 
22.516751 20434 
22.547949 20434 
22.579223 20684 
22.610327 20434 
22.641508 20434 
22.672702 20434 
22.703972 20684 
22.735028 20434 
22.766181 20434 
22.797513 20434 
22.828654 20540 
22.859750 20290 
22.890924 20290 
22.922086 20290 
22.952383 20540 
22.982466 20516 
23.013631 20516 
23.044812 20516 
23.075993 20516 
23.107176 20516 
23.138357 20516 
23.169538 20516 
23.200719 20516 
23.231901 20516 
23.263081 20516 
23.294262 20516 
23.325443 20516 
23.356737 20766 
23.387856 20516 
23.419024 20516 
23.450186 20516 
23.481480 20766 
23.512546 20516 
23.543698 20516 
23.574872 20516 
23.606179 20766 
23.637280 20266 
23.668453 20266 
23.699789 20516 
23.729916 20622 
23.760996 20622 
23.792151 20622 
23.823310 20622 
23.854477 20622 
23.885637 20622 
23.916796 20622 
23.947956 20622 
23.979108 20622 
24.010264 20622 
24.041436 20622 
24.072620 20622 
24.103818 20622 
24.134987 20622 
24.166181 20622 
24.197363 20622 
24.228537 20622 
24.259817 20872 
24.290895 20622 
24.322054 20622 
24.353221 20622 
24.384519 20872 
24.415604 20622 
24.446763 20622 
24.478074 20622 
24.509111 20478 
24.540270 20478 
24.571429 20478 
24.602588 20478 
24.633853 20728 
24.664964 20478 
24.696129 20478 
24.727309 20478 
24.758598 20728 
24.789687 20478 
24.820867 20478 
24.852047 20478 
24.883354 20728 
24.914447 20656 
24.945614 20656 
24.976781 20656 
25.007941 20656 
25.039101 20656 
25.070259 20656 
25.101419 20656 
25.132578 20656 
25.163840 20906 
25.194944 20656 
25.226126 20656 
25.257436 20656 
25.288522 20584 
25.319703 20584 
25.350884 20584 
25.382065 20584 
25.413247 20584 
25.444428 20584 
25.475609 20584 
25.506791 20584 
25.537971 20584 
25.600179 20334 
25.631373 20334 
25.662638 20584 
25.693734 20334 
25.724915 20334 
25.756077 20334 
25.787373 20584 
25.817439 20334 
25.848614 20334 
25.879765 20334 
25.910053 20584 
25.940124 20334 
25.971283 20334 
26.002443 20334 
26.032782 20584 
26.062878 20690 
26.094000 20440 
26.125181 20440 
26.156341 20440 
26.187634 20690 
26.218780 20190 
26.249969 20190 
26.311324 20440 
26.341463 19940 
26.371639 19940 
26.401949 20190 
26.432011 20118 
26.462177 20118 
26.492328 20118 
26.522481 20118 
26.552758 20368 
26.582873 20118 
26.613047 20118 
26.643229 20118 
26.673535 20368 
26.703630 20320 
26.733794 20320 
26.763975 20320 
26.794149 20320 
26.824331 20320 
26.854512 20320 
26.884695 20320 
26.914904 20320 
26.945094 20320 
26.975276 20320 
27.005448 20320 
27.035618 20320 
27.065894 20570 
27.096015 20320 
27.127195 20320 
27.158375 20320 
27.188711 20570 
27.218810 20474 
27.250029 20474 
27.281204 20474 
27.312364 20474 
27.343522 20474 
27.374683 20474 
27.405838 20474 
27.437007 20474 
27.468196 20474 
27.499365 20474 
27.530522 20474 
27.561689 20474 
27.592985 20724 
27.624098 20474 
27.655268 20474 
27.686433 20474 
27.717746 20724 
27.748865 20224 
27.780043 20224 
27.811364 20474 
27.841534 20604 
27.872638 20354 
27.903813 20354 
27.934972 20354 
27.966269 20604 
27.997362 20354 
28.028543 20354 
28.059723 20354 
28.091056 20604 
28.121147 20556 
28.152323 20556 
28.183496 20556 
28.214662 20556 
28.245824 20556 
28.276980 20556 
28.308151 20556 
28.339333 20556 
28.370617 20806 
28.401715 20556 
28.432898 20556 
28.464075 20556 
28.495390 20806 
28.526474 20556 
28.557642 20306 
28.588966 20556 
28.620013 20460 
28.651194 20460 
28.682374 20460 
28.713556 20460 
28.744822 20710 
28.775947 20460 
28.807103 20460 
28.838274 20460 
28.869564 20710 
28.900638 20460 
28.931789 20460 
28.962940 20460 
28.994233 20710 
29.025359 20638 
29.056534 20638 
29.087704 20638 
29.118878 20638 
29.150052 20638 
29.181205 20638 
29.212364 20638 
29.243523 20638 
29.274813 20888 
29.305919 20638 
29.337076 20388 
29.368367 20638 
29.399429 20566 
29.430587 20566 
29.461746 20566 
29.492905 20566 
29.524064 20566 
29.555221 20566 
29.586379 20566 
29.617538 20566 
29.648695 20566 
29.679853 20566 
29.711012 20566 
29.742171 20566 
29.773432 20816 
29.804542 20566 
29.835722 20566 
29.866904 20566 
29.898197 20816 
29.929301 20566 
29.960474 20566 
29.991640 20566 
30.022943 20816 
30.054004 20566 
30.085155 20566 
30.116342 20566 
30.147610 20816 
30.178782 20922 
30.209921 20672 
30.241089 20672 
30.272260 20672 
30.303430 20672 
30.334595 20672 
30.365755 20672 
30.396918 20672 
30.428088 20672 
30.459266 20672 
30.490436 20672 
30.521605 20672 
30.552783 20672 
30.583959 20672 
30.615129 20672 
30.646306 20672 
30.677588 20922 
30.708703 20672 
30.739888 20672 
30.771062 20672 
30.802354 20922 
30.833427 20672 
30.864581 20672 
30.895756 20672 
30.927050 20922 
30.958149 20422 
30.989330 20422 
31.020674 20672 
31.051697 20504 
31.082855 20504 
31.114015 20504 
31.145184 20504 
31.176460 20754 
31.207569 20504 
31.238743 20504 
31.269912 20504 
31.301215 20754 
31.332304 20504 
31.363479 20504 
31.394649 20504 
31.425966 20754 
31.457017 20682 
31.488194 20682 
31.519373 20682 
31.550562 20682 
31.581751 20682 
31.612931 20682 
31.644108 20682 
31.675273 20682 
31.706554 20932 
31.737662 20432 
31.768831 20432 
31.800145 20682 
31.831200 20610 
31.862362 20610 
31.893518 20610 
31.924680 20610 
31.955850 20610 
31.987028 20610 
32.018199 20610 
32.049377 20610 
32.080651 20860 
32.111759 20610 
32.142933 20610 
32.174112 20610 
32.205427 20860 
32.236517 20610 
32.267693 20610 
32.298863 20610 
32.330167 20860 
32.361253 20610 
32.392430 20610 
32.423600 20610 
32.454895 20860 
32.485996 20610 
32.517171 20360 
32.548491 20610 
32.579646 20716 
32.610746 20716 
32.641922 20716 
32.673091 20716 
32.704269 20716 
32.735446 20716 
32.766615 20716 
32.797786 20716 
32.828956 20716 
32.860134 20716 
32.891312 20716 
32.922483 20716 
32.984810 20716 
33.015914 20466 
33.047073 20466 
33.078227 20466 
33.109504 20716 
33.140603 20466 
33.171771 20466 
33.202931 20466 
33.234240 20716 
33.265308 20466 
33.296484 20466 
33.327808 20466 
33.358878 20322 
33.390053 20322 
33.421229 20322 
33.451399 20322 
33.481665 20572 
33.511777 20322 
33.542952 20322 
33.574130 20322 
33.604414 20572 
33.634508 20524 
33.665722 20524 
33.696896 20524 
33.728069 20524 
33.759236 20524 
33.790403 20524 
33.821567 20524 
33.852749 20524 
33.883929 20524 
33.915111 20524 
33.946278 20524 
33.977459 20524 
34.008758 20774 
34.039849 20524 
34.071008 20524 
34.102190 20524 
34.133498 20774 
34.164596 20524 
34.195767 20524 
34.227013 20524 
34.258121 20404 
34.289301 20404 
34.320481 20404 
34.351683 20404 
34.382845 20404 
34.413999 20404 
34.445160 20404 
34.476314 20404 
34.507584 20654 
34.538674 20404 
34.569846 20404 
34.600998 20404 
34.632302 20654 
34.663377 20582 
34.694545 20582 
34.725720 20582 
34.756887 20582 
34.788070 20582 
34.819252 20582 
34.850434 20582 
34.881612 20582 
34.912904 20832 
34.944002 20582 
34.975168 20582 
35.006328 20582 
35.037600 20832 
35.068691 20332 
35.099857 20332 
35.131161 20582 
35.162216 20486 
35.193370 20486 
35.224529 20486 
35.255696 20486 
35.286880 20486 
35.318064 20486 
35.349245 20486 
35.380427 20486 
35.411716 20736 
35.442813 20486 
35.473969 20486 
35.536299 20486 
35.567392 20236 
35.598558 20236 
35.628721 20236 
35.659031 20486 
35.689134 20236 
35.720305 20236 
35.750468 20236 
35.780787 20486 
35.810830 20366 
35.840983 20366 
35.871151 20366 
35.901334 20366 
35.931626 20616 
35.961733 20366 
35.992901 20366 
36.024068 20366 
36.055376 20616 
36.086456 20366 
36.117639 20116 
36.148911 20366 
36.178996 20294 
36.209178 20294 
36.239361 20294 
36.269537 20294 
36.299812 20544 
36.329916 20294 
36.361089 20294 
36.391270 20294 
36.421601 20544 
36.451657 20496 
36.482837 20496 
36.514009 20496 
36.545176 20496 
36.576335 20496 
36.607494 20496 
36.638652 20496 
36.669811 20496 
36.700984 20496 
36.732139 20496 
36.763292 20496 
36.825607 20496 
36.856695 20246 
36.887846 20246 
36.919002 20246 
36.949284 20496 
36.979358 20246 
37.010509 20246 
37.040676 20246 
37.070971 20496 
37.101048 20246 
37.132202 20246 
37.162366 20246 
37.192674 20496 
37.222839 20602 
37.253941 20352 
37.285106 20352 
37.316265 20352 
37.347542 20602 
37.377648 20102 
37.408817 20102 
37.439142 20352 
37.469195 20304 
37.499368 20304 
37.529536 20304 
37.559695 20304 
37.589852 20304 
37.620031 20304 
37.650194 20304 
37.680359 20304 
37.710649 20554 
37.740761 20304 
37.771937 20304 
37.802089 20304 
37.832324 20554 
37.862439 20482 
37.893599 20482 
37.924759 20482 
37.955908 20482 
37.987054 20482 
38.018202 20482 
38.049372 20482 
38.080537 20482 
38.111707 20482 
38.142873 20482 
38.174039 20482 
38.205207 20482 
38.236474 20732 
38.267557 20482 
38.298730 20482 
38.329911 20482 
38.361208 20732 
38.392295 20482 
38.423478 20482 
38.454664 20482 
38.485976 20732 
38.517073 20232 
38.548253 20232 
38.579563 20482 
38.609726 20588 
38.640828 20338 
38.671989 20338 
38.703152 20338 
38.734453 20588 
38.764576 20564 
38.795752 20564 
38.826931 20564 
38.858101 20564 
38.889281 20564 
38.920459 20564 
38.951629 20564 
38.982800 20564 
39.013981 20564 
39.076209 20314 
39.107390 20314 
39.138699 20564 
39.169828 20314 
39.200998 20314 
39.232168 20314 
39.262451 20564 
39.292549 20314 
39.323719 20314 
39.354913 20314 
39.416258 20564 
39.446415 20064 
39.477767 20064 
39.507840 20170 
39.537995 20170 
39.568194 20170 
39.598356 20170 
39.628517 20170 
39.658702 20170 
39.688920 20170 
39.749148 19920 
39.779330 19920 
39.809511 19920 
39.839692 19920 
39.869874 19920 
39.900055 19920 
39.930216 19920 
39.960397 19920 
39.990577 19920 
40.020856 20170 
40.050978 20074 
40.081152 20074 
40.111333 20074 
40.141512 20074 
40.171693 20074 
40.201874 20074 
40.232052 20074 
40.262234 20074 
40.292416 20074 
40.322597 20074 
40.352778 20074 
40.382959 20074 
40.413119 20074 
40.443293 20074 
40.473474 20074 
40.503656 20074 
40.533944 20324 
40.564050 20074 
40.594209 20074 
40.624368 20074 
40.654680 20324 
40.684739 20204 
40.714897 20204 
40.745056 20204 
40.775215 20204 
40.805374 20204 
40.835532 20204 
40.865690 20204 
40.895849 20204 
40.926090 20454 
40.956170 20204 
40.986330 20204 
41.016490 20204 
41.046776 20454 
41.076846 20382 
41.106997 20382 
41.137155 20382 
41.167313 20382 
41.198475 20382 
41.229635 20382 
41.260815 20382 
41.323054 20132 
41.354242 20132 
41.384433 20132 
41.414607 20132 
41.444880 20382 
41.474997 20132 
41.505185 20132 
41.535366 20132 
41.565665 20382 
41.595744 20132 
41.625924 20132 
41.656110 20132 
41.686431 20382 
41.716499 20262 
41.746680 20262 
41.776861 20262 
41.807042 20262 
41.837325 20512 
41.867427 20262 
41.898579 20262 
41.928739 20262 
41.959012 20512 
41.989102 20262 
42.020257 20262 
42.050432 20262 
42.080717 20512 
42.110819 20262 
42.141999 20262 
42.172194 20262 
42.202486 20512 
42.232554 20416 
42.263720 20416 
42.294897 20416 
42.326081 20416 
42.357331 20666 
42.388455 20166 
42.419638 20166 
42.449925 20416 
42.479993 20368 
42.510144 20368 
42.540306 20368 
42.570466 20368 
42.600623 20368 
42.630786 20368 
42.660947 20368 
42.691108 20368 
42.721269 20368 
42.751429 20368 
42.781589 20368 
42.811749 20368 
42.842047 20618 
42.872142 20546 
42.903323 20546 
42.934499 20546 
42.965697 20546 
42.996881 20546 
43.028040 20546 
43.059218 20546 
43.090387 20546 
43.121549 20546 
43.152753 20546 
43.184016 20546 
43.215259 20546 
43.246486 20796 
43.277645 20546 
43.308817 20546 
43.340004 20546 
43.371293 20796 
43.402400 20546 
43.433568 20546 
43.464751 20546 
43.496055 20796 
43.527139 20296 
43.558322 20296 
43.589681 20546 
43.620790 20652 
43.651906 20402 
43.683066 20402 
43.714225 20402 
43.745487 20652 
43.776594 20628 
43.807761 20628 
43.838943 20628 
43.870125 20628 
43.901306 20628 
43.932488 20628 
43.963669 20628 
43.994851 20628 
44.026033 20628 
44.057215 20628 
44.088396 20628 
44.119582 20628 
44.150872 20878 
44.181978 20628 
44.244106 20378 
44.275404 20628 
44.306487 20378 
44.337646 20128 
44.368980 20378 
44.399001 20258 
44.429159 20258 
44.459323 20258 
44.489489 20258 
44.519755 20508 
44.549837 20484 
44.581013 20484 
44.612164 20484 
44.643322 20484 
44.674489 20484 
44.705645 20484 
44.736806 20484 
44.767958 20484 
44.799112 20484 
44.830265 20484 
44.861417 20484 
44.892569 20484 
44.923836 20734 
44.954929 20484 
44.986094 20484 
45.017261 20484 
45.048543 20734 
45.079642 20484 
45.110812 20484 
45.141974 20484 
45.204329 20734 
45.235466 20234 
45.266654 20234 
45.297937 20484 
45.328037 19984 
45.359213 19984 
45.389531 20234 
45.419725 20316 
45.449832 20066 
45.479994 20066 
45.510154 20066 
45.540483 20316 
45.570546 20292 
45.600704 20292 
45.630862 20292 
45.661023 20292 
45.691182 20292 
45.721351 20292 
45.751509 20292 
45.781663 20292 
45.811835 20292 
45.842022 20292 
45.872201 20292 
45.902374 20292 
45.932680 20542 
45.962778 20470 
45.993977 20470 
46.056210 20220 
46.087403 20220 
46.117602 20220 
46.147765 20220 
46.207978 19970 
46.238160 19970 
46.268342 19970 
46.298523 19970 
46.328810 20220 
46.358934 19970 
46.389110 19970 
46.419277 19970 
46.449569 20220 
46.479697 19970 
46.509880 19970 
46.540049 19970 
46.570342 20220 
46.600464 20100 
46.630643 20100 
46.660812 20100 
46.690976 20100 
46.721136 20100 
46.751289 20100 
46.781447 20100 
46.811628 20100 
46.841921 20350 
46.872047 20100 
46.902222 20100 
46.932405 20100 
46.962723 20350 
46.992809 20100 
47.023000 20100 
47.053182 20100 
47.083511 20350 
47.113579 20254 
47.143761 20254 
47.173944 20254 
47.204115 20254 
47.234298 20254 
47.264480 20254 
47.294662 20254 
47.324845 20254 
47.355130 20504 
47.385239 20254 
47.416406 20254 
47.446581 20254 
47.476887 20504 
47.506999 20254 
47.538182 20254 
47.568342 20254 
47.598661 20504 
47.628736 20408 
47.659917 20408 
47.691095 20408 
47.722262 20408 
47.753485 20658 
47.784598 20408 
47.815760 20408 
47.846983 20408 
47.878083 20360 
47.909236 20360 
47.940403 20360 
47.971564 20360 
48.001724 20360 
48.031884 20360 
48.062039 20360 
48.092187 20360 
48.122331 20360 
48.152475 20360 
48.182619 20360 
48.212765 20360 
48.243008 20610 
48.273093 20538 
48.304244 20538 
48.335390 20538 
48.366552 20538 
48.397704 20538 
48.428846 20538 
48.459989 20538 
48.491132 20538 
48.522276 20538 
48.553411 20538 
48.584548 20538 
48.615683 20538 
48.646905 20788 
48.678001 20538 
48.709135 20538 
48.740271 20538 
48.771501 20788 
48.802580 20538 
48.833729 20538 
48.864856 20538 
48.896113 20788 
48.927171 20288 
48.958312 20288 
48.989624 20538 
49.020701 20644 
49.051785 20394 
49.082947 20394 
49.114103 20394 
49.145417 20644 
49.176524 20620 
49.207706 20620 
49.238887 20620 
49.270072 20620 
49.301232 20620 
49.332389 20620 
49.363549 20620 
49.394710 20620 
49.425866 20620 
49.457020 20620 
49.488172 20620 
49.519341 20620 
49.550610 20870 
49.581726 20620 
49.612885 20620 
49.644023 20620 
49.675300 20870 
49.706388 20620 
49.737546 20370 
49.768863 20620 
49.799921 20500 
49.831085 20500 
49.862252 20500 
49.893419 20500 
49.924684 20750 
49.955797 20500 
49.986961 20500 
50.018130 20500 
50.049410 20750 
50.080513 20500 
50.111679 20500 
50.142846 20500 
50.174118 20750 
50.205235 20678 
50.236423 20678 
50.267605 20678 
50.298782 20678 
50.329956 20678 
50.361126 20678 
50.392287 20678 
50.423447 20678 
50.454706 20928 
50.485805 20678 
50.516974 20428 
50.548259 20678 
50.579346 20606 
50.610502 20606 
50.641654 20606 
50.672809 20606 
50.703971 20606 
50.735124 20606 
50.766285 20606 
50.797450 20606 
50.828605 20606 
50.859756 20606 
50.890910 20606 
50.922077 20606 
50.953358 20856 
50.984456 20606 
51.015630 20606 
51.046784 20606 
51.078084 20856 
51.109183 20606 
51.140342 20606 
51.171502 20606 
51.202791 20856 
51.233858 20606 
51.265018 20606 
51.296177 20606 
51.327461 20856 
51.358565 20356 
51.389741 20356 
51.421122 20606 
51.452258 20688 
51.483341 20688 
51.514506 20688 
51.545664 20688 
51.576848 20688 
51.608016 20688 
51.639181 20688 
51.670355 20688 
51.701529 20688 
51.763753 20438 
51.794920 20438 
51.826095 20438 
51.888378 20188 
51.919591 20188 
51.949778 20188 
51.980059 20438 
52.010157 20188 
52.040322 20188 
52.070481 20188 
52.100761 20438 
52.130827 20188 
52.161011 20188 
52.191206 20188 
52.221518 20438 
52.251610 20294 
52.281785 20294 
52.311954 20294 
52.342116 20294 
52.372389 20544 
52.402517 20294 
52.433696 20294 
52.463864 20294 
52.494140 20544 
52.524284 20294 
52.555464 20294 
52.585640 20294 
52.615928 20544 
52.646023 20294 
52.677210 20044 
52.707495 20294 
52.737555 20198 
52.767713 20198 
52.797869 20198 
52.828030 20198 
52.858327 20448 
52.888416 20424 
52.918585 20424 
52.949752 20424 
52.980907 20424 
53.012056 20424 
53.043225 20424 
53.074409 20424 
53.105577 20424 
53.136737 20424 
53.167921 20424 
53.199106 20424 
53.230290 20424 
53.261547 20674 
53.292658 20424 
53.323811 20424 
53.354972 20424 
53.386264 20674 
53.417358 20424 
53.448546 20424 
53.479721 20424 
53.511036 20674 
53.542122 20424 
53.573304 20424 
53.604472 20424 
53.635784 20674 
53.666864 20424 
53.698030 20174 
53.729371 20424 
53.759481 20506 
53.790574 20506 
53.821733 20506 
53.852894 20506 
53.884055 20506 
53.915224 20506 
53.946384 20506 
53.977567 20506 
54.008751 20506 
54.039933 20506 
54.071103 20506 
54.102266 20506 
54.133434 20506 
54.164633 20506 
54.195801 20506 
54.226964 20506 
54.258124 20506 
54.289408 20756 
54.320511 20506 
54.351675 20506 
54.382842 20506 
54.414125 20756 
54.445224 20506 
54.476381 20506 
54.507682 20506 
54.538759 20362 
54.569915 20362 
54.601071 20362 
54.632224 20362 
54.663493 20612 
54.694599 20362 
54.725759 20362 
54.756920 20362 
54.788198 20612 
54.819295 20564 
54.850462 20564 
54.881629 20564 
54.912797 20564 
54.943965 20564 
54.975126 20564 
55.006309 20564 
55.037477 20564 
55.068645 20564 
55.099827 20564 
55.130994 20564 
55.162155 20564 
55.193422 20814 
55.224523 20564 
55.255689 20564 
55.286848 20564 
55.318129 20814 
55.349249 20314 
55.380423 20314 
55.411756 20564 
55.442788 20444 
55.473948 20444 
55.505111 20444 
55.536271 20444 
55.567452 20444 
55.598619 20444 
55.629786 20444 
55.660947 20444 
55.692216 20694 
55.723339 20444 
55.754508 20444 
55.785676 20444 
55.816964 20694 
55.848038 20444 
55.879193 20444 
55.910355 20444 
55.941655 20694 
55.972714 20444 
56.003905 20444 
56.035094 20444 
56.066352 20694 
56.097503 20824 
56.128641 20324 
56.159829 20324 
56.191058 20574 
56.222163 20550 
56.253324 20550 
56.284479 20550 
56.315633 20550 
56.346786 20550 
56.377953 20550 
56.409135 20550 
56.440308 20550 
56.471471 20550 
56.502632 20550 
56.533793 20550 
56.564961 20550 
56.596236 20800 
56.627365 20550 
56.658542 20550 
56.689709 20550 
56.720986 20800 
56.752073 20550 
56.783230 20550 
56.814390 20550 
56.845680 20800 
56.876781 20550 
56.907960 20300 
56.939334 20550 
56.970440 20656 
57.001519 20656 
57.032673 20656 
57.063832 20656 
57.094993 20656 
57.126188 20656 
57.157370 20656 
57.188554 20656 
57.219751 20656 
57.250937 20656 
57.282112 20656 
57.313282 20656 
57.344444 20656 
57.375702 20906 
57.406820 20656 
57.438008 20656 
57.469208 20656 
57.500468 20906 
57.531567 20656 
57.562730 20656 
57.593895 20656 
57.625185 20906 
57.656297 20656 
57.687460 20406 
57.718732 20656 
57.749910 20762 
57.780993 20762 
57.812150 20762 
57.843310 20762 
57.874478 20762 
57.905640 20762 
57.936800 20762 
57.967961 20762 
57.999121 20762 
58.030282 20762 
58.061444 20762 
58.092604 20762 
58.123765 20762 
58.155037 21012 
58.186167 20762 
58.218327 20762 
58.249509 20762 
58.280781 21012 
58.311887 20762 
58.344053 20762 
58.375222 20762 
58.406502 21012 
58.437650 20512 
58.469844 20512 
58.501167 20762 
58.532235 20618 
58.563393 20618 
58.594551 20618 
58.625712 20618 
58.657011 20868 
58.688125 20618 
58.719293 20618 
58.750443 20618 
58.781718 20868 
58.812813 20618 
58.843988 20618 
58.875164 20618 
58.906473 20868 
58.937555 20618 
58.968717 20618 
58.999900 20618 
59.031229 20868 
59.062293 20772 
59.093461 20772 
59.124633 20772 
59.155803 20772 
59.187064 21022 
59.218175 20522 
59.250341 20522 
59.281626 20772 
59.312697 20724 
59.343858 20724 
59.375042 20724 
59.406220 20724 
59.437387 20724 
59.468572 20724 
59.499756 20724 
59.530922 20724 
59.562181 20974 
59.593313 20724 
59.624481 20724 
59.655641 20724 
59.686926 20974 
59.718033 20724 
59.749214 20724 
59.781642 20724 
59.812935 20974 
59.844027 20724 
59.875192 20724 
59.906351 20724 
59.937629 20974 
59.968724 20474 
59.999888 20474 
60.031205 20724 
60.062315 20830 
60.093425 20580 
60.124583 20580 
60.155744 20580 
60.187012 20830 
60.218116 20580 
60.249285 20580 
60.280467 20580 
60.311795 20830 
60.342874 20782 
60.374034 20782 
60.405196 20782 
60.436362 20782 
60.467531 20782 
60.498699 20782 
60.529868 20782 
60.561051 20782 
60.592322 21032 
60.623432 20782 
60.655596 20782 
60.686754 20782 
60.718041 21032 
60.749160 20532 
60.781330 20532 
60.812661 20782 
60.843696 20686 
60.874853 20686 
60.906010 20686 
60.937179 20686 
60.968347 20686 
60.999515 20686 
61.030686 20686 
61.061870 20686 
61.093161 20936 
61.124282 20686 
61.155456 20686 
61.186623 20686 
61.217909 20936 
61.248981 20686 
61.280143 20686 
61.311305 20686 
61.342606 20936 
61.373692 20686 
61.404879 20686 
61.436033 20686 
61.467339 20936 
61.498438 20566 
61.529604 20566 
61.560771 20566 
61.592080 20816 
61.623158 20792 
61.654315 20792 
61.685471 20792 
61.716640 20792 
61.747800 20792 
61.778964 20792 
61.810134 20792 
61.841303 20792 
61.872471 20792 
61.903652 20792 
61.934836 20792 
61.966018 20792 
61.997295 21042 
62.028439 20792 
62.060642 20792 
62.091817 20792 
62.123100 21042 
62.154239 20792 
62.186418 20792 
62.217751 20792 
62.248778 20672 
62.279938 20672 
62.311095 20672 
62.342256 20672 
62.373418 20672 
62.404579 20672 
62.435747 20672 
62.466907 20672 
62.498154 20922 
62.529273 20672 
62.560454 20672 
62.591642 20672 
62.622939 20922 
62.654045 20672 
62.685237 20672 
62.716412 20672 
62.747669 20922 
62.778790 20826 
62.809943 20826 
62.841102 20826 
62.872266 20826 
62.903577 21076 
62.934720 20826 
62.966913 20576 
62.999201 20826 
63.030287 20778 
63.061445 20778 
63.092599 20778 
63.123758 20778 
63.154920 20778 
63.186075 20778 
63.217236 20778 
63.248398 20778 
63.279558 20778 
63.310727 20778 
63.341910 20778 
63.373077 20778 
63.404353 21028 
63.435476 20778 
63.467644 20778 
63.498804 20778 
63.530086 21028 
63.561182 20778 
63.593365 20778 
63.624532 20778 
63.655816 21028 
63.686922 20528 
63.719087 20528 
63.750417 20778 
63.781561 20884 
63.812660 20634 
63.843836 20634 
63.874987 20634 
63.906293 20884 
63.937378 20860 
63.968537 20860 
63.999698 20860 
64.030858 20860 
64.062020 20860 
64.093180 20860 
64.124366 20860 
64.155549 20860 
64.186717 20860 
64.217886 20860 
64.249067 20860 
64.280249 20860 
64.311547 21110 
64.342646 20860 
64.374810 20860 
64.406999 20860 
64.439127 20764 
64.471286 20764 
64.502450 20764 
64.533610 20764 
64.564763 20764 
64.595934 20764 
64.627102 20764 
64.658285 20764 
64.689576 21014 
64.720697 20764 
64.752857 20764 
64.784040 20764 
64.815352 21014 
64.846471 20764 
64.878645 20764 
64.909823 20764 
64.941111 21014 
64.972264 20764 
65.004462 20764 
65.035631 20764 
65.066929 21014 
65.098027 20514 
65.130199 20514 
65.161548 20764 
65.192675 20870 
65.223779 20620 
65.254937 20620 
65.286095 20620 
65.317388 20870 
65.348499 20620 
65.379659 20620 
65.410820 20620 
65.442121 20870 
65.473191 20822 
65.504353 20822 
65.535512 20822 
65.566673 20822 
65.597835 20822 
65.628995 20822 
65.660164 20822 
65.691325 20822 
65.722489 20822 
65.753665 20822 
65.784835 20822 
65.815995 20822 
65.847267 21072 
65.878373 20572 
65.910539 20572 
65.941865 20822 
65.972891 20726 
66.004047 20726 
66.035208 20726 
66.066370 20726 
66.097530 20726 
66.128699 20726 
66.159861 20726 
66.191026 20726 
66.222323 20976 
66.253441 20726 
66.284602 20726 
66.315773 20726 
66.347062 20976 
66.378148 20726 
66.409309 20726 
66.440470 20726 
66.471770 20976 
66.502854 20726 
66.534021 20726 
66.565197 20726 
66.596510 20976 
66.627602 20606 
66.658783 20606 
66.689955 20606 
66.721254 20856 
66.752341 20832 
66.783517 20832 
66.814683 20832 
66.845855 20832 
66.877038 20832 
66.908221 20832 
66.939406 20832 
66.970588 20832 
67.001776 20832 
67.032944 20832 
67.064108 20832 
67.095276 20832 
67.126567 21082 
67.157673 20832 
67.189840 20832 
67.222008 20832 
67.253295 21082 
67.284408 20832 
67.316583 20832 
67.348873 20832 
67.379951 20712 
67.411113 20712 
67.442283 20712 
67.473446 20712 
67.504714 20962 
67.535827 20712 
67.566987 20712 
67.598152 20712 
67.629454 20962 
67.660563 20712 
67.691728 20712 
67.722911 20712 
67.754227 20962 
67.785346 20890 
67.816539 20890 
67.847714 20890 
67.879877 20890 
67.912035 20890 
67.944190 20890 
67.976371 20890 
68.008671 20890 
68.040749 20842 
68.072915 20842 
68.104084 20842 
68.135252 20842 
68.166420 20842 
68.197602 20842 
68.228786 20842 
68.259970 20842 
68.291153 20842 
68.322321 20842 
68.353505 20842 
68.384688 20842 
68.415875 20842 
68.447052 20842 
68.478220 20842 
68.509397 20842 
68.540666 21092 
68.571769 20842 
68.603945 20842 
68.636114 20842 
68.667414 21092 
68.698548 20592 
68.730747 20592 
68.762084 20842 
68.793245 20948 
68.824349 20698 
68.855517 20698 
68.886694 20698 
68.917986 20948 
68.949077 20698 
68.980243 20698 
69.011430 20698 
69.042747 20948 
69.073847 20900 
69.105022 20900 
69.136208 20900 
69.168391 20900 
69.200574 20900 
69.232759 20900 
69.264929 20900 
69.297217 20900 
69.329339 20852 
69.361513 20852 
69.393698 20852 
69.424882 20852 
69.456068 20852 
69.487244 20852 
69.518407 20852 
69.549584 20852 
69.580760 20852 
69.611944 20852 
69.643126 20852 
69.674309 20852 
69.705493 20852 
69.736677 20852 
69.767861 20852 
69.799046 20852 
69.830225 20852 
69.861406 20852 
69.892589 20852 
69.923772 20852 
69.954982 20852 
69.986166 20852 
70.017341 20602 
70.048701 20852 
70.079717 20708 
70.110873 20708 
70.142043 20708 
70.173226 20708 
70.204520 20958 
70.235630 20708 
70.266799 20708 
70.297967 20708 
70.360234 20458 
70.391410 20458 
70.422594 20458 
70.453879 20708 
70.484978 20458 
70.516147 20458 
70.547329 20458 
70.578632 20708 
70.609708 20612 
70.640890 20612 
70.672058 20612 
70.703242 20612 
70.734429 20612 
70.765597 20612 
70.796771 20612 
70.828037 20612 
70.859136 20564 
70.890330 20564 
70.921516 20564 
70.952679 20564 
70.983856 20564 
71.015037 20564 
71.046202 20564 
71.077387 20564 
71.108571 20564 
71.139755 20564 
71.170937 20564 
71.202182 20564 
71.233374 20564 
71.264558 20564 
71.295735 20564 
71.326903 20564 
71.358198 20814 
71.389336 20564 
71.420519 20564 
71.451689 20564 
71.482985 20814 
71.514065 20564 
71.545223 20564 
71.576381 20564 
71.607683 20814 
71.638776 20314 
71.669949 20314 
71.732348 20564 
71.763483 20146 
71.794667 20146 
71.824842 20146 
71.855091 20396 
71.885199 20372 
71.915352 20372 
71.945506 20372 
71.975689 20372 
72.005862 20372 
72.036034 20372 
72.066211 20372 
72.096377 20372 
72.127622 20622 
72.158742 20372 
72.189926 20372 
72.221115 20372 
72.252345 20622 
72.283448 20372 
72.314608 20372 
72.345770 20372 
72.377030 20622 
72.408115 20372 
72.439283 20372 
72.470450 20372 
72.501731 20622 
72.532806 20502 
72.563977 20502 
72.595160 20502 
72.626329 20502 
72.657499 20252 
72.688663 20252 
72.719847 20252 
72.750195 20502 
72.780261 20454 
72.811436 20454 
72.842611 20454 
72.873785 20454 
72.904957 20454 
72.936141 20454 
72.967324 20454 
72.998506 20454 
73.029694 20454 
73.060875 20454 
73.092057 20454 
73.123240 20454 
73.154414 20454 
73.185589 20454 
73.216746 20454 
73.247905 20454 
73.279195 20704 
73.310282 20454 
73.341449 20454 
73.372615 20454 
73.403896 20704 
73.434971 20454 
73.466143 20454 
73.497496 20454 
73.528638 20560 
73.559734 20560 
73.621866 20310 
73.653047 20310 
73.684200 20310 
73.714354 20310 
73.744515 20310 
73.774676 20310 
73.804840 20310 
73.835016 20310 
73.865187 20310 
73.895368 20310 
73.925552 20310 
73.955729 20310 
73.985897 20310 
74.016081 20310 
74.046351 20560 
74.076461 20310 
74.107643 20310 
74.138820 20310 
74.169101 20560 
74.199233 20440 
74.230417 20440 
74.261593 20440 
74.292764 20440 
74.323938 20440 
74.355122 20440 
74.386298 20440 
74.448525 20190 
74.479691 20190 
74.509855 20190 
74.540033 20190 
74.570233 20190 
74.600391 20190 
74.630566 20190 
74.660749 20190 
74.691059 20440 
74.721158 20190 
74.751333 20190 
74.811695 20190 
74.841771 20070 
74.871936 20070 
74.902119 20070 
74.962367 19820 
74.992543 19820 
75.022729 19820 
75.052897 19820 
75.083086 19820 
75.113261 19820 
75.142444 19820 
75.171612 19820 
75.200900 20070 
75.230003 19820 
75.260165 19820 
75.290325 19820 
75.320638 20070 
75.350736 19974 
75.380920 19974 
75.411091 19974 
75.441263 19974 
75.471426 19974 
75.501583 19974 
75.531743 19974 
75.561910 19974 
75.592098 19974 
75.622273 19974 
75.652442 19974 
75.682607 19974 
75.712913 20224 
75.743032 19974 
75.773205 19974 
75.803372 19974 
75.833658 20224 
75.863782 20128 
75.893969 20128 
75.924150 20128 
75.954304 20128 
75.984466 20128 
76.014628 20128 
76.044795 20128 
76.074970 20128 
76.105148 20128 
76.135328 20128 
76.165488 20128 
76.195647 20128 
76.225943 20378 
76.256041 20128 
76.286203 20128 
76.316379 20128 
76.346710 20378 
76.376802 20282 
76.407000 20032 
76.467276 20032 
76.497373 20008 
76.527533 20008 
76.557687 20008 
76.587855 20008 
76.618024 20008 
76.648195 20008 
76.678369 20008 
76.708545 20008 
76.738837 20258 
76.768947 20210 
76.799115 20210 
76.829298 20210 
76.859481 20210 
76.889668 20210 
76.919868 20210 
76.950080 20210 
76.980247 20210 
77.040480 19960 
77.100701 19710 
77.160920 19460 
77.220138 19210 
77.279385 18960 
77.308547 18960 
77.365780 18960 
77.393973 18960 
77.422153 18960 
77.450336 18960 
77.506707 18960 
77.534769 18816 
77.562950 18816 
77.619186 18566 
77.675409 18316 
77.703582 18316 
77.730763 18316 
77.785036 18316 
77.812220 18316 
77.866419 18066 
77.920656 17816 
77.947810 17816 
77.974979 17816 
78.028222 17566 
78.054403 17816 
78.106620 17566 
78.158902 17316 
78.185096 17316 
78.237428 17316 
78.263525 17422 
78.289697 17422 
78.315849 17422 
78.342022 17422 
78.394388 17422 
78.420450 17398 
78.446617 17648 
78.498836 17398 
78.551057 17148 
78.603276 16898 
78.654495 16898 
78.705718 16648 
78.730875 16648 
78.781259 16648 
78.806328 16826 
78.831511 16826 
78.881751 16576 
78.931972 16326 
78.982188 16326 
79.031402 16076 
79.080736 16326 
79.104847 16076 
79.129019 16076 
79.177347 16076 
79.201442 16004 
79.225600 16254 
79.273843 16004 
79.322082 15754 
79.370308 15754 
79.418547 15504 
79.466775 15504 
79.514010 15254 
79.561345 15254 
79.584447 15432 
79.607619 15432 
79.653832 15182 
79.700048 15182 
79.746258 14932 
79.769409 14932 
79.815625 14932 
79.861871 14682 
79.885033 14932 
79.931257 14682 
79.977598 14932 
80.000717 14682 
80.023900 14682 
80.069245 14682 
80.091320 14836 
80.113475 14836 
80.158692 14586 
80.202911 14586 
80.247137 14336 
80.291361 14336 
80.335592 14336 
80.379809 14086 
80.424028 14086 
80.468359 14086 
80.490504 13836 
80.534612 13836 
80.578845 13836 
80.600910 13990 
80.623065 13990 
80.667276 13740 
80.711513 13740 
80.755751 13740 
80.798985 13490 
80.842223 13490 
80.863415 13490 
80.905654 13490 
80.947867 13240 
80.990237 13490 
81.011350 13240 
81.032533 13240 
81.074748 13240 
81.117095 13490 
81.138222 13240 
81.159413 13240 
81.201641 13240 
81.244006 13490 
81.265173 13240 
81.286384 13240 
81.328808 13240 
81.349854 13346 
81.392046 13596 
81.413184 13346 
81.434362 13346 
81.476593 13346 
81.518957 13596 
81.540111 13096 
81.582237 13096 
81.624505 13346 
81.645654 13096 
81.687802 12846 
81.730088 13096 
81.751213 13274 
81.772342 13274 
81.793554 13274 
81.835775 13274 
81.878105 13274 
81.899204 13024 
81.920378 13274 
81.962596 13024 
82.004929 13274 
82.026015 13226 
82.047198 13226 
82.089434 13226 
82.131648 13226 
82.173861 12976 
82.216096 12976 
82.258424 12976 
82.279527 13178 
82.300709 13178 
82.342929 13178 
82.385141 12928 
82.427354 12928 
82.469567 12678 
82.511779 12678 
82.554026 12678 
82.596259 12428 
82.637478 12428 
82.678691 12178 
82.719911 12178 
82.761130 12178 
82.802470 12428 
82.822577 12178 
82.862696 11928 
82.902929 12178 
82.923032 11928 
82.963152 11928 
83.003285 11928 
83.023589 12178 
83.043665 12034 
83.083757 12034 
83.123850 12034 
83.164044 12034 
83.184159 12034 
83.204322 12034 
83.244559 12034 
83.284903 12034 
83.305016 12236 
83.325174 12236 
83.365392 12236 
83.405611 11986 
83.445825 11986 
83.486042 11986 
83.526275 11736 
83.566486 11736 
83.606705 11736 
83.646927 11486 
83.687253 11736 
83.707369 11486 
83.747487 11486 
83.787753 11486 
83.807819 11640 
83.847928 11390 
83.887018 11390 
83.926107 11390 
83.945285 11390 
83.983517 11390 
84.021742 11390 
84.059985 11140 
84.098216 11140 
84.136443 11140 
84.174672 11140 
84.213022 11390 
84.232138 11140 
84.270263 10890 
84.308529 11140 
84.327675 11044 
84.365804 11044 
84.403910 11044 
84.442000 11044 
84.480088 10794 
84.518179 10794 
84.556275 10794 
84.594503 11044 
84.613611 10794 
84.651742 10794 
84.690001 10794 
84.709066 10972 
84.747146 10722 
84.785235 10722 
84.823336 10722 
84.861432 10722 
84.899522 10472 
84.937614 10472 
84.975704 10472 
85.013801 10472 
85.051909 10222 
85.090104 10472 
85.109215 10222 
85.147374 10222 
85.185522 10222 
85.223799 10472 
85.242930 10222 
85.281063 10222 
85.319363 10222 
85.338397 10352 
85.376453 10352 
85.414500 10102 
85.452549 10102 
85.489728 10352 
85.507846 10102 
85.543957 10102 
85.580075 10102 
85.616320 10352 
85.634411 10102 
85.670521 10102 
85.706629 10102 
85.742886 10352 
85.761014 10102 
85.797165 9852 
85.833441 10102 
85.851530 10256 
85.887640 10006 
85.923742 10006 
85.941894 10256 
85.978209 10256 
85.996315 10482 
86.015494 10482 
86.034673 10732 
86.072902 10482 
86.111126 10482 
86.149361 10482 
86.187599 10232 
86.225837 10232 
86.264074 10232 
86.302298 10232 
86.340518 9982 
86.377756 9982 
86.414969 9982 
86.452184 9982 
86.489523 9982 
86.507619 10136 
86.525778 10136 
86.561999 10136 
86.598224 10136 
86.616381 10136 
86.652595 10136 
86.688812 10136 
86.725039 10136 
86.761253 9886 
86.797467 9886 
86.833691 9886 
86.869937 9886 
86.906273 10136 
86.924412 9886 
86.942583 9886 
86.978802 9886 
87.015139 10136 
87.033232 9886 
87.051386 10136 
87.087606 9886 
87.123962 10136 
87.142046 10266 
87.160216 10266 
87.197436 10266 
87.234674 10266 
87.271888 10016 
87.308150 10016 
87.344362 10016 
87.380575 10016 
87.416904 10266 
87.435058 10016 
87.471190 10016 
87.507437 10016 
87.525514 10194 
87.561600 10194 
87.597692 9944 
87.633780 9944 
87.669872 9944 
87.705968 9944 
87.742068 9944 
87.778159 9694 
87.814238 9694 
87.850329 9694 
87.886421 9694 
87.922631 9944 
87.940774 9694 
87.976915 9694 
88.013044 9694 
88.049310 9944 
88.067441 9694 
88.103565 9694 
88.139835 9694 
88.157890 9824 
88.193969 9824 
88.230043 9574 
88.266144 9574 
88.302327 9824 
88.320442 9574 
88.338621 9824 
88.374856 9824 
88.411221 9824 
88.429313 10026 
88.447480 10026 
88.483700 10026 
88.519930 10026 
88.556154 10026 
88.592372 9776 
88.628591 9776 
88.664810 9776 
88.701039 9776 
88.737265 9526 
88.773485 9526 
88.809834 9776 
88.827924 9526 
88.846102 9776 
88.882312 9776 
88.918695 9776 
88.936765 9930 
88.972852 9930 
89.008929 9680 
89.045009 9680 
89.081098 9680 
89.117201 9680 
89.153305 9680 
89.189522 9680 
89.207621 9882 
89.243721 9882 
89.279833 9632 
89.315946 9632 
89.352054 9632 
89.388164 9632 
89.424276 9632 
89.460358 9382 
89.496445 9382 
89.532543 9382 
89.568656 9382 
89.604769 9382 
89.640873 9132 
89.676963 9132 
89.713173 9382 
89.731297 9132 
89.767425 9132 
89.803547 9132 
89.839794 9382 
89.857875 9132 
89.894002 9132 
89.912162 9132 
89.948515 9382 
89.966558 9488 
89.984710 9488 
90.020935 9488 
90.057171 9238 
90.093516 9488 
90.111623 9488 
90.129808 9488 
90.166058 9488 
90.202294 9488 
90.238680 9738 
90.256776 9488 
90.292888 9488 
90.329165 9488 
90.347208 9666 
90.383276 9666 
90.419346 9416 
90.455422 9416 
90.491489 9416 
90.527557 9416 
90.563626 9416 
90.599806 9416 
90.617916 9416 
90.636082 9416 
90.672304 9416 
90.708529 9416 
90.744884 9666 
90.763027 9416 
90.781204 9416 
90.817445 9416 
90.853834 9666 
90.871910 9570 
90.890063 9820 
90.926273 9820 
90.962484 9570 
90.998708 9570 
91.034939 9570 
91.071173 9570 
91.107512 9570 
91.125604 9772 
91.143786 9772 
91.180021 9772 
91.216238 9772 
91.252474 9772 
91.288703 9522 
91.324922 9522 
91.361160 9522 
91.397397 9522 
91.433634 9522 
91.469868 9272 
91.506105 9272 
91.542338 9272 
91.578575 9272 
91.614813 9272 
91.651172 9522 
91.669274 9272 
91.687441 9272 
91.723659 9272 
91.760011 9522 
91.778086 9272 
91.796239 9522 
91.832444 9272 
91.868816 9522 
91.886882 9628 
91.905052 9628 
91.941264 9628 
91.977490 9378 
92.013817 9628 
92.031935 9628 
92.068099 9378 
92.104267 9378 
92.140546 9628 
92.158664 9378 
92.194770 9378 
92.230879 9378 
92.267102 9628 
92.285196 9378 
92.321302 9378 
92.357395 9378 
92.393648 9628 
92.411718 9378 
92.447825 9378 
92.483929 9378 
92.520187 9628 
92.538407 9758 
92.556533 9758 
92.574704 10008 
92.610933 9758 
92.647156 9758 
92.683375 9758 
92.719585 9758 
92.755790 9758 
92.792012 9508 
92.828245 9508 
92.864480 9508 
92.900717 9508 
92.936946 9258 
92.973158 9258 
93.009394 9258 
93.045754 9508 
93.063854 9258 
93.099973 9258 
93.136085 9258 
93.172329 9508 
93.190422 9258 
93.226539 9258 
93.262651 9258 
93.298906 9508 
93.316999 9258 
93.353101 9258 
93.389409 9258 
93.407414 9340 
93.443578 9590 
93.461705 9340 
93.497827 9340 
93.533935 9340 
93.570186 9590 
93.588295 9340 
93.624399 9340 
93.660682 9340 
93.678703 9542 
93.714742 9542 
93.750775 9292 
93.786812 9292 
93.822969 9542 
93.841075 9292 
93.877190 9292 
93.913300 9292 
93.949563 9542 
93.967699 9292 
94.003835 9292 
94.039952 9292 
94.076228 9542 
94.094347 9292 
94.130464 9292 
94.166568 9292 
94.202826 9542 
94.220914 9292 
94.239086 9292 
94.275321 9292 
94.311729 9542 
94.329902 9672 
94.348000 9422 
94.384140 9422 
94.420276 9422 
94.456578 9672 
94.474678 9422 
94.510764 9422 
94.546844 9422 
94.583059 9672 
94.601119 9422 
94.619282 9422 
94.655496 9422 
94.691913 9672 
94.710029 9850 
94.728162 10100 
94.746342 10100 
94.782564 10100 
94.818794 10100 
94.855018 10100 
94.891237 9850 
94.927472 9850 
94.963709 9850 
94.999945 9850 
95.036172 9850 
95.072396 9600 
95.108630 9600 
95.126809 9850 
95.163031 9600 
95.199269 9600 
95.235633 9850 
95.253760 9600 
95.289891 9600 
95.326031 9600 
95.362320 9850 
95.380461 9600 
95.416595 9600 
95.452695 9600 
95.488963 9850 
95.507095 9600 
95.543191 9600 
95.579499 9600 
95.597514 9682 
95.633685 9932 
95.651775 9682 
95.687893 9682 
95.724017 9682 
95.760269 9932 
95.778399 9682 
95.796604 9682 
95.832851 9682 
95.869228 9932 
95.887309 9884 
95.923404 9884 
95.959495 9884 
95.995581 9884 
96.031796 10134 
96.049916 9884 
96.068080 9884 
96.104300 9884 
96.140652 10134 
96.158734 9884 
96.194836 9884 
96.230943 9884 
96.267186 10134 
96.285273 9884 
96.321416 9884 
96.357727 9884 
96.375756 10038 
96.411818 10038 
96.447876 9788 
96.483951 9788 
96.520123 10038 
96.538245 9788 
96.556431 10038 
96.592651 10038 
96.629033 10038 
96.647080 10240 
96.665274 10240 
96.701495 10240 
96.738723 10240 
96.775959 10240 
96.813197 9990 
96.849434 9990 
96.885671 9990 
96.921909 9990 
96.958137 9740 
96.994358 9740 
97.030699 9990 
97.048813 9740 
97.084935 9740 
97.121061 9740 
97.157325 9990 
97.175457 9740 
97.211583 9740 
97.247702 9740 
97.283958 9990 
97.302022 9740 
97.338116 9740 
97.374218 9740 
97.410457 9990 
97.428553 9740 
97.464643 9740 
97.500920 9740 
97.518904 9822 
97.555072 10072 
97.573165 9822 
97.609281 9822 
97.645403 9822 
97.681662 10072 
97.699782 9822 
97.735957 9822 
97.772300 9822 
97.790330 10024 
97.826384 10024 
97.862443 9774 
97.898508 9774 
97.934683 10024 
97.952811 9774 
97.970989 10024 
98.007214 9774 
98.043561 10024 
98.061659 10226 
98.097755 9976 
98.133852 9976 
98.169951 9976 
98.206070 9976 
98.242179 9976 
98.278282 9726 
98.314372 9726 
98.350469 9726 
98.386566 9726 
98.422664 9726 
98.458886 9976 
98.476990 9726 
98.513113 9726 
98.549326 9726 
98.567402 9880 
98.603508 9880 
98.639631 9630 
98.675747 9630 
98.711853 9630 
98.747966 9630 
98.784086 9630 
98.820311 9630 
98.838440 9630 
98.856610 9630 
98.892826 9630 
98.929053 9630 
98.965398 9880 
98.983535 9630 
99.019673 9630 
99.055794 9630 
99.092073 9880 
99.110201 9630 
99.128389 9630 
99.164622 9630 
99.200994 9880 
99.219063 9760 
99.255141 9760 
99.291216 9760 
99.327418 9760 
99.345505 9986 
99.363687 9986 
99.399923 9986 
99.436157 9986 
99.472386 9986 
99.508607 9736 
99.544845 9736 
99.581082 9736 
99.617305 9736 
99.653534 9736 
99.689755 9486 
99.725995 9486 
99.762227 9486 
99.798453 9486 
99.834660 9486 
99.871023 9736 
99.889141 9486 
99.925271 9486 
99.961533 9486 
99.979598 9616 
100.015683 9616 
100.051765 9366 
100.087860 9366 
100.123974 9366 
100.160081 9366 
100.196190 9366 
100.232383 9366 
100.250488 9366 
100.268667 9366 
100.304903 9366 
100.341140 9366 
100.377515 9616 
100.395609 9366 
100.431718 9366 
100.467965 9366 
100.486021 9520 
100.522101 9520 
100.540274 9520 
100.576491 9520 
100.612718 9520 
100.648956 9270 
100.685193 9270 
100.721424 9270 
100.757782 9520 
100.775898 9270 
100.812043 9270 
100.848200 9270 
100.884495 9520 
100.902630 9270 
100.938771 9270 
100.974892 9270 
101.011156 9520 
101.029257 9270 
101.065366 9270 
101.101648 9270 
101.119689 9400 
101.155766 9400 
101.191839 9150 
101.227910 9150 
101.264090 9400 
101.282188 9150 
101.300367 9400 
101.336596 9400 
101.372975 9400 
101.391055 9602 
101.427133 9352 
101.463227 9352 
101.499317 9352 
101.535418 9352 
101.571521 9352 
101.607623 9102 
101.643813 9352 
101.661935 9352 
101.698062 9102 
101.734185 9102 
101.770433 9352 
101.788539 9102 
101.824671 9102 
101.860787 9102 
101.897048 9352 
101.915173 9102 
101.951290 9102 
101.987390 9102 
102.023633 9352 
102.041691 9232 
102.077771 9232 
102.113848 9232 
102.150048 9232 
102.168156 9458 
102.204272 9458 
102.240387 9208 
102.276503 9208 
102.312614 9208 
102.348715 9208 
102.384831 9208 
102.420934 8958 
102.457050 8958 
102.493159 8958 
102.529251 8958 
102.565475 9208 
102.583610 8958 
102.619749 8958 
102.655880 8958 
102.692139 9208 
102.710258 8958 
102.728430 8958 
102.764667 8958 
102.801018 9208 
102.819148 8958 
102.855278 8958 
102.891391 8958 
102.927657 9208 
102.945784 8958 
102.981900 8958 
103.018157 8958 
103.036208 9040 
103.072420 9290 
103.090516 9040 
103.126633 9040 
103.162746 9040 
103.199004 9290 
103.217114 9040 
103.235283 9040 
103.271505 9040 
103.307866 9290 
103.325950 9040 
103.362064 9040 
103.398168 9040 
103.434420 9290 
103.452509 9218 
103.488608 9218 
103.524704 9218 
103.560904 9218 
103.578989 9444 
103.615105 9444 
103.651239 9194 
103.687366 9194 
103.723477 9194 
103.759589 9194 
103.795709 9194 
103.831843 8944 
103.867977 8944 
103.904102 8944 
103.940211 8944 
103.976326 8944 
104.012436 8694 
104.048549 8694 
104.084756 8944 
104.102872 8694 
104.121053 8944 
104.157291 8694 
104.193682 8944 
104.211748 9074 
104.247844 8824 
104.283940 8824 
104.320033 8824 
104.356128 8824 
104.392229 8824 
104.428331 8574 
104.463560 8824 
104.480687 8824 
104.515782 8824 
104.550893 8574 
104.585137 8824 
104.602210 9002 
104.637300 8752 
104.672400 8752 
104.707502 8752 
104.742602 8752 
104.777701 8752 
104.812819 8752 
104.847945 8502 
104.882061 8502 
104.916163 8502 
104.950264 8502 
104.984487 8752 
105.001599 8502 
105.035712 8502 
105.069828 8502 
105.104072 8752 
105.121165 8502 
105.155277 8502 
105.189391 8502 
105.223660 8752 
105.240731 8632 
105.274818 8632 
105.308912 8632 
105.343016 8632 
105.377121 8632 
105.411219 8632 
105.445335 8632 
105.479573 8632 
105.496681 8834 
105.531799 8834 
105.566932 8584 
105.601058 8584 
105.635175 8584 
105.669286 8584 
105.703388 8584 
105.737497 8584 
105.771617 8584 
105.805744 8584 
105.839865 8334 
105.874106 8584 
105.891222 8584 
105.925362 8584 
105.959513 8334 
105.993772 8584 
106.010860 8738 
106.044955 8738 
106.079057 8488 
106.113162 8488 
106.147287 8488 
106.181414 8488 
106.215520 8488 
106.249617 8488 
106.283716 8488 
106.317831 8238 
106.351944 8238 
106.386156 8488 
106.403264 8488 
106.437389 8238 
106.471526 8238 
106.505788 8488 
106.522872 8642 
106.557024 8392 
106.591163 8392 
106.625304 8392 
106.659442 8392 
106.693589 8392 
106.727744 8392 
106.761899 8392 
106.796041 8392 
106.830172 8142 
106.864316 8142 
106.898573 8392 
106.915685 8392 
106.949821 8142 
106.983956 8142 
107.018230 8392 
107.035323 8546 
107.069414 8296 
107.103497 8296 
107.137589 8296 
107.171689 8296 
107.205780 8296 
107.239880 8296 
107.273981 8296 
107.308204 8546 
107.325319 8296 
107.359489 8296 
107.393646 8296 
107.427942 8546 
107.445076 8296 
107.479202 8296 
107.513320 8296 
107.547579 8546 
107.564710 8296 
107.598852 8296 
107.632969 8296 
107.667228 8546 
107.684342 8296 
107.718457 8296 
107.752557 8296 
107.786814 8546 
107.804010 8652 
107.821169 8402 
107.855334 8402 
107.889489 8402 
107.923774 8652 
107.940863 8402 
107.974975 8402 
108.009091 8402 
108.043361 8652 
108.060441 8604 
108.094523 8604 
108.128609 8604 
108.162699 8604 
108.196773 8604 
108.230850 8604 
108.264947 8604 
108.299158 8604 
108.316262 8806 
108.350351 8806 
108.385445 8806 
108.420550 8556 
108.454670 8556 
108.488775 8556 
108.522879 8556 
108.556983 8556 
108.591078 8556 
108.625171 8556 
108.659265 8306 
108.693474 8556 
108.710594 8556 
108.744721 8556 
108.778839 8306 
108.813084 8556 
108.830184 8710 
108.847361 8710 
108.881587 8710 
108.915822 8710 
108.950048 8710 
108.984275 8710 
109.018500 8460 
109.052737 8460 
109.086967 8460 
109.121195 8460 
109.155423 8460 
109.189649 8460 
109.224001 8710 
109.241119 8460 
109.275249 8460 
109.309376 8460 
109.343651 8710 
109.360802 8460 
109.394938 8460 
109.429056 8460 
109.463326 8710 
109.480456 8460 
109.514587 8460 
109.548701 8460 
109.582960 8710 
109.600069 8566 
109.634168 8566 
109.668257 8566 
109.702335 8566 
109.736525 8816 
109.753677 8566 
109.787827 8566 
109.821959 8566 
109.856260 8816 
109.873366 8566 
109.907510 8566 
109.941624 8566 
109.975902 8816 
109.993022 8566 
110.027134 8566 
110.061232 8566 
110.095496 8816 
110.112715 8970 
110.129856 8720 
110.164994 8720 
110.200133 8720 
110.235365 8970 
110.253462 8720 
110.289578 8720 
110.325698 8720 
110.361989 8970 
110.380084 8720 
110.416196 8720 
110.452303 8720 
110.488572 8970 
110.506710 8720 
110.542832 8720 
110.579123 8720 
110.597155 8874 
110.633316 9124 
110.651472 8874 
110.687632 8874 
110.723768 8874 
110.760040 9124 
110.778185 8874 
110.814337 8874 
110.850603 8874 
110.868696 9076 
110.904813 9076 
110.940916 8826 
110.977012 8826 
111.013232 9076 
111.031375 8826 
111.067514 8826 
111.103670 8826 
111.139935 9076 
111.158025 8826 
111.194130 8826 
111.230237 8826 
111.266478 9076 
111.284597 8826 
111.320736 8826 
111.357017 8826 
111.375039 8980 
111.411095 8980 
111.447150 8730 
111.483201 8730 
111.519382 8980 
111.537491 8730 
111.573606 8730 
111.609734 8730 
111.646024 8980 
111.664122 8730 
111.700248 8730 
111.736374 8730 
111.772680 8980 
111.790776 8730 
111.826894 8730 
111.863007 8730 
111.899289 8980 
111.917420 8730 
111.953552 8730 
111.989903 8730 
112.007865 8860 
112.043999 9110 
112.062154 8860 
112.098316 8860 
112.134456 8860 
112.170716 9110 
112.188856 8860 
112.224988 8860 
112.261286 8860 
112.279332 9062 
112.315494 9312 
112.333654 9312 
112.369813 9312 
112.405969 9312 
112.442113 9062 
112.478249 9062 
112.514377 9062 
112.550510 9062 
112.586655 9062 
112.622837 8812 
112.659001 8812 
112.695149 8812 
112.731310 8812 
112.767469 8562 
112.802730 8812 
112.819837 8812 
112.854953 8812 
112.890072 8562 
112.924261 8812 
112.941380 8942 
112.976498 8942 
113.011617 8692 
113.046738 8692 
113.081827 8692 
113.115947 8692 
113.150062 8692 
113.184188 8692 
113.218331 8442 
113.252449 8442 
113.286591 8442 
113.320820 8692 
113.337921 8442 
113.372062 8442 
113.406211 8442 
113.440455 8692 
113.457547 8442 
113.491670 8442 
113.525794 8442 
113.560080 8692 
113.577147 8572 
113.611223 8572 
113.645298 8572 
113.679359 8572 
113.713435 8572 
113.747497 8572 
113.781587 8572 
113.815637 8572 
113.849818 8822 
113.866918 8572 
113.901071 8572 
113.935224 8572 
113.969515 8822 
113.986637 8572 
114.020757 8572 
114.054870 8572 
114.089142 8822 
114.106267 8572 
114.140401 8572 
114.174511 8572 
114.208788 8822 
114.225981 8952 
114.243132 8952 
114.278277 8952 
114.313411 8952 
114.348535 8952 
114.383656 8952 
114.418785 8702 
114.453902 8702 
114.489026 8702 
114.524156 8702 
114.558294 8702 
114.592437 8702 
114.626578 8702 
114.660703 8452 
114.694819 8452 
114.729093 8702 
114.746232 8702 
114.780379 8452 
114.814518 8452 
114.848773 8702 
114.865920 8832 
114.900090 8582 
114.934231 8582 
114.968366 8582 
115.002498 8582 
115.036623 8582 
115.070750 8582 
115.104877 8582 
115.139125 8832 
115.156238 8582 
115.190370 8582 
115.224496 8582 
115.258769 8832 
115.275873 8582 
115.309988 8582 
115.344101 8582 
115.378350 8832 
115.395477 8582 
115.429592 8582 
115.463691 8582 
115.497935 8832 
115.515058 8582 
115.549208 8582 
115.583343 8582 
115.617634 8832 
115.634805 8938 
115.651958 8938 
115.687093 8938 
115.722224 8938 
115.757347 8938 
115.792465 8938 
115.827578 8688 
115.862705 8688 
115.897847 8688 
115.931972 8504 
