0.000039 250 
0.090349 500 
0.172584 750 
0.248817 1000 
0.319052 1250 
0.385282 1500 
0.447535 1750 
0.505777 2000 
0.561014 2250 
0.613216 2500 
0.662480 2750 
0.709683 3000 
0.754927 3250 
0.798151 3500 
0.839373 3750 
0.878628 4000 
0.916901 4250 
0.953131 4500 
0.988356 4750 
1.022576 5000 
1.055796 5250 
1.088057 5500 
1.119305 5750 
1.149531 6000 
1.178740 6250 
1.206999 6500 
1.234260 6750 
1.260518 7000 
1.286686 7250 
1.311926 7500 
1.336166 7750 
1.360409 8000 
1.383610 8250 
1.406800 8500 
1.429033 8750 
1.451260 9000 
1.472475 9250 
1.493714 9500 
1.513950 9750 
1.534105 10000 
1.553318 10250 
1.572518 10500 
1.591737 10750 
1.609980 11000 
1.628196 11250 
1.646413 11500 
1.663644 11750 
1.680790 12000 
1.698013 12250 
1.714286 12500 
1.730507 12750 
1.746739 13000 
1.762964 13250 
1.778117 13500 
1.793365 13750 
1.808485 13750 
1.823656 13750 
1.837820 14000 
1.851980 14250 
1.866141 14250 
1.880302 14500 
1.894456 14500 
1.907607 14750 
1.920760 14750 
1.933909 15000 
1.947057 15000 
1.960213 15250 
1.972361 15500 
1.984502 15500 
1.996657 15750 
2.008806 15750 
2.020954 16000 
2.033108 16250 
2.045274 16250 
2.056430 16500 
2.067595 16500 
2.078740 16750 
2.089922 17000 
2.101099 17000 
2.112276 17250 
2.123455 17250 
2.133627 17500 
2.143799 17750 
2.153978 17750 
2.164147 18000 
2.174301 18250 
2.184448 18250 
2.194633 18500 
2.204803 18750 
2.214980 18750 
2.224157 19000 
2.233334 19250 
2.242508 19500 
2.251669 19500 
2.260839 19750 
2.269993 20000 
2.279161 20000 
2.288333 20250 
2.297480 20500 
2.306648 20500 
2.315825 20750 
2.325003 21000 
2.334184 21000 
2.343354 21250 
2.352526 21500 
2.362680 21750 
2.372852 21750 
2.382993 22000 
2.393149 22250 
2.403298 22250 
2.413445 22500 
2.423594 22500 
2.433772 22750 
2.443937 23000 
2.455093 23000 
2.466268 23250 
2.477438 23500 
2.488586 23500 
2.499733 23750 
2.510905 24000 
2.522084 24000 
2.534250 24250 
2.546410 24250 
2.558587 24500 
2.570768 24750 
2.582946 24750 
2.595118 25000 
2.607291 25000 
2.620437 25250 
2.633616 25250 
2.646795 25500 
2.659975 25750 
2.673155 25750 
2.687327 26000 
2.701481 26000 
2.715653 26250 
2.729820 26250 
2.744002 26500 
2.759180 26500 
2.774361 26750 
2.789520 26750 
2.804702 27000 
2.820880 27000 
2.837050 27250 
2.853227 27250 
2.869398 27500 
2.886550 27500 
2.903727 27500 
2.920902 27750 
2.939080 27750 
2.957252 28000 
2.975406 28000 
2.994586 28000 
3.013763 28250 
3.032942 28250 
3.053114 28500 
3.073264 28500 
3.094413 28500 
3.115563 28500 
3.137727 28750 
3.159902 28750 
3.183080 28750 
3.206260 28750 
3.230432 29000 
3.254598 29000 
3.279773 29000 
3.305922 29000 
3.332071 29000 
3.359222 29000 
3.387381 29000 
3.416559 29000 
3.446740 29000 
3.477920 29000 
3.510100 29000 
3.543278 29000 
3.577457 29000 
3.612630 29000 
3.648780 29000 
3.686959 28750 
3.726140 28750 
3.767327 28750 
3.810488 28500 
3.855668 28500 
3.902853 28250 
3.952015 28250 
4.004171 28000 
4.059326 27750 
4.117483 27500 
4.179638 27250 
4.245794 27000 
4.315947 26500 
4.392109 26250 
4.474290 25750 
4.564459 25250 
4.662606 24750 
4.771786 24000 
4.894953 23250 
5.035123 22250 
5.198302 21250 
5.393503 19750 
5.636751 18000 
5.831946 16750 
5.995288 16000 
6.135440 15184 
6.258497 14410 
6.367678 13660 
6.465852 13160 
6.556095 13160 
6.638400 12410 
6.714427 11814 
6.784585 11564 
6.850753 11314 
6.912939 11064 
6.971108 10814 
7.026445 10814 
7.078499 10492 
7.127663 10492 
7.174847 10242 
7.220016 10242 
7.263195 9992 
7.304381 9992 
7.343549 9742 
7.381723 9742 
7.418012 9992 
7.453075 9920 
7.487255 9920 
7.520420 9920 
7.552596 9920 
7.583766 9670 
7.613949 9670 
7.643130 9920 
7.671310 9920 
7.698497 9920 
7.724665 9920 
7.750837 9920 
7.776016 9920 
7.800313 10170 
7.824384 10098 
7.847541 10348 
7.870692 10348 
7.892859 10348 
7.915039 10348 
7.936197 10598 
7.957353 10598 
7.977509 10598 
7.997666 10848 
8.016823 10848 
8.035986 10848 
8.055158 11098 
8.073321 11098 
8.091500 11348 
8.109679 11348 
8.126858 11348 
8.144030 11598 
8.161185 11598 
8.177363 11848 
8.193526 11848 
8.209680 12098 
8.225835 12098 
8.240992 12348 
8.256148 12348 
8.271311 12598 
8.286487 12598 
8.300663 12848 
8.314941 13098 
8.329015 13252 
8.343171 13252 
8.357320 13502 
8.370472 13502 
8.383618 13752 
8.396774 13752 
8.409929 14002 
8.423093 14252 
8.435280 14252 
8.447435 14502 
8.459599 14502 
8.471735 14752 
8.483893 14752 
8.496055 15002 
8.508203 15252 
8.519369 15252 
8.530545 15502 
8.541723 15752 
8.552878 15752 
8.564055 16002 
8.575328 16252 
8.586435 16454 
8.596571 16704 
8.606729 16704 
8.616891 16954 
8.627029 17204 
8.637186 17204 
8.647340 17454 
8.657485 17704 
8.667629 17704 
8.677806 17954 
8.686967 18204 
8.696121 18204 
8.705283 18454 
8.714420 18704 
8.723572 18704 
8.732730 18954 
8.741905 19204 
8.751050 19454 
8.760215 19454 
8.769391 19704 
8.778544 19954 
8.787690 19954 
8.795852 20204 
8.803988 20454 
8.812145 20704 
8.821332 20704 
8.830507 20954 
8.839668 21204 
8.848823 21204 
8.857977 21454 
8.867112 21704 
8.876261 21704 
8.885420 21954 
8.894571 22204 
8.903736 22204 
8.912895 22454 
8.922053 22704 
8.932191 22954 
8.942344 22954 
8.952518 23204 
8.962677 23454 
8.972822 23454 
8.983003 23704 
8.993151 23954 
9.003315 23954 
9.013471 24204 
9.024623 24204 
9.035786 24454 
9.046922 24704 
9.058081 24704 
9.069236 24954 
9.080414 25204 
9.091577 25204 
9.103743 25454 
9.115912 25454 
9.128093 25704 
9.140230 25954 
9.152387 25954 
9.164542 26204 
9.176681 26204 
9.189841 26454 
9.203004 26704 
9.216165 26704 
9.229331 26954 
9.242477 26954 
9.256638 27204 
9.270809 27204 
9.284973 27454 
9.299132 27454 
9.313274 27704 
9.328607 27954 
9.343663 28060 
9.358823 28060 
9.374000 28310 
9.390185 28310 
9.406351 28560 
9.422498 28560 
9.438661 28810 
9.455808 28810 
9.472971 29060 
9.490254 29310 
9.508364 29060 
9.526514 29310 
9.544689 29310 
9.563845 29310 
9.583002 29560 
9.602267 29810 
9.622362 30012 
9.642517 30012 
9.663673 30012 
9.684830 30012 
9.706992 30262 
9.729143 30262 
9.752308 30262 
9.775463 30262 
9.799627 30512 
9.823777 30512 
9.848941 30512 
9.875097 30512 
9.901254 30512 
9.928418 30512 
9.956583 30512 
9.985853 30762 
10.015953 30690 
10.047120 30690 
10.079283 30690 
10.112461 30690 
10.146627 30690 
10.181784 30690 
10.217942 30690 
10.256106 30440 
10.295258 30440 
10.336497 30440 
10.379722 30190 
10.424884 30190 
10.472044 29940 
10.521313 30190 
10.573428 29690 
10.628708 29690 
10.686797 29320 
10.748959 29070 
10.815142 28820 
10.885424 28570 
10.961518 28272 
11.043677 27772 
11.133859 27272 
11.232043 26772 
11.341204 26022 
11.464475 26022 
11.604578 24522 
11.767748 23522 
11.963032 22772 
12.206186 21022 
12.527362 18772 
13.000546 15022 
13.321706 12522 
13.564869 10772 
13.760028 9522 
13.923192 8272 
14.063344 7272 
14.186499 6522 
14.295780 6772 
14.393896 5522 
14.484063 5022 
14.566227 4772 
14.642386 4272 
14.712545 4022 
14.778812 4272 
14.840928 3522 
14.899206 3772 
14.954356 3022 
15.006536 2772 
15.055712 2522 
15.102874 2522 
15.148139 2772 
15.191274 2272 
15.232443 2272 
15.271737 2522 
15.309873 2022 
15.346040 2022 
15.381329 2272 
15.415459 1772 
15.448633 1772 
15.480969 2022 
15.512020 1908 
15.542178 1908 
15.571339 1908 
15.599498 1908 
15.626783 2158 
15.652894 2158 
15.679073 2158 
15.704253 2158 
15.728427 2158 
15.752691 2408 
15.775782 2360 
15.798961 2610 
15.821134 2610 
15.843289 2610 
15.864469 2610 
15.885649 2860 
15.905830 2860 
15.926010 2860 
15.945190 3110 
15.964370 3110 
15.983528 3110 
16.001680 3360 
16.019838 3360 
16.037994 3610 
16.055152 3610 
16.072317 3860 
16.089497 3860 
16.105669 3860 
16.121843 4110 
16.138148 4360 
16.154245 4538 
16.169399 4538 
16.184573 4788 
16.199728 4788 
16.214900 5038 
16.229056 5038 
16.243219 5288 
16.257375 5288 
16.271524 5538 
16.285681 5538 
16.298839 5788 
16.311996 6038 
16.325153 6038 
16.338314 6288 
16.351491 6288 
16.363656 6538 
16.375834 6538 
16.388013 6788 
16.400192 7038 
16.412358 7038 
16.424536 7288 
16.436733 7288 
16.447911 7538 
16.459090 7788 
16.470268 7788 
16.481423 8038 
16.492581 8288 
16.503740 8288 
16.514905 8538 
16.525079 8538 
16.535258 8788 
16.545445 9038 
16.555619 9038 
16.565799 9288 
16.575967 9538 
16.586124 9538 
16.596295 9788 
16.606475 10038 
16.615646 10038 
16.624824 10288 
16.633980 10538 
16.643159 10788 
16.652398 11038 
16.661483 11038 
16.670645 11288 
16.679797 11288 
16.688952 11538 
16.698130 11788 
16.707310 11788 
16.716492 12038 
16.724661 12288 
16.732833 12538 
16.741004 12538 
16.749183 12788 
16.757361 13038 
16.765646 13288 
16.773737 13418 
16.781892 13668 
16.790041 13918 
16.798202 13918 
16.806355 14168 
16.814510 14418 
16.822658 14668 
16.829814 14668 
16.836968 14918 
16.844138 15168 
16.851293 15418 
16.858463 15418 
16.865631 15668 
16.872802 15918 
16.879972 16168 
16.887137 16168 
16.894297 16418 
16.901464 16668 
16.908644 16918 
16.915816 16918 
16.922969 17168 
16.930124 17418 
16.937306 17668 
16.944483 17668 
16.951654 17918 
16.957808 18168 
16.963973 18418 
16.970137 18668 
16.976298 18668 
16.982462 18918 
16.988633 19168 
16.994797 19418 
17.000967 19668 
17.007125 19668 
17.013290 19918 
17.019460 20168 
17.025623 20418 
17.031788 20668 
17.038035 20918 
17.044132 20918 
17.050304 21168 
17.056465 21418 
17.062634 21668 
17.068792 21668 
17.074953 21918 
17.081117 22168 
17.087295 22418 
17.093461 22418 
17.100643 22668 
17.107820 22918 
17.114984 23168 
17.122147 23418 
17.129327 23418 
17.136479 23668 
17.143658 23918 
17.150836 24168 
17.158095 24418 
17.165181 24596 
17.172343 24846 
17.179515 25096 
17.186694 25096 
17.193863 25346 
17.201027 25596 
17.208198 25846 
17.215378 25846 
17.222548 26096 
17.230702 26346 
17.238880 26596 
17.247061 26596 
17.255239 26846 
17.263417 27096 
17.271595 27346 
17.279769 27346 
17.287946 27596 
17.296116 27846 
17.304274 27846 
17.312446 28096 
17.320609 28346 
17.328781 28596 
17.337959 28596 
17.347124 28846 
17.356301 29096 
17.365466 29096 
17.374637 29346 
17.383799 29596 
17.392970 29846 
17.402153 29846 
17.411312 30096 
17.420489 30346 
17.429662 30346 
17.438827 30596 
17.449006 30846 
17.459186 30846 
17.469365 31096 
17.479543 31346 
17.489710 31346 
17.499876 31596 
17.510056 31846 
17.520236 31846 
17.530414 32096 
17.541591 32346 
17.552851 32596 
17.563977 32596 
17.575155 32596 
17.586327 32846 
17.597512 33096 
17.608691 33096 
17.620856 33346 
17.633036 33596 
17.645215 33596 
17.657383 33846 
17.669695 34096 
17.681767 34250 
17.693946 34250 
17.707125 34500 
17.720313 34750 
17.733492 34750 
17.746671 35000 
17.759851 35000 
17.774029 35250 
17.788193 35250 
17.802368 35500 
17.816546 35500 
17.830717 35750 
17.845882 35750 
17.861054 36000 
17.876218 36000 
17.891390 36250 
17.907554 36250 
17.923727 36500 
17.939891 36500 
17.956070 36750 
17.973249 36750 
17.990425 37000 
18.007602 37000 
18.025788 37000 
18.043961 37250 
18.062233 37500 
18.081358 37500 
18.100539 37500 
18.119712 37500 
18.139891 37750 
18.160071 37750 
18.181384 38000 
18.202479 38154 
18.224646 38154 
18.246834 38154 
18.270013 38154 
18.293193 38404 
18.317367 38404 
18.341557 38404 
18.366737 38404 
18.392919 38404 
18.419100 38404 
18.446363 38654 
18.474465 38404 
18.503646 38404 
18.533825 38404 
18.565126 38654 
18.597205 38582 
18.630385 38582 
18.664565 38582 
18.699746 38582 
18.735927 38582 
18.774105 38332 
18.813283 38332 
18.854464 38332 
18.897646 38082 
18.942828 38082 
18.990124 38332 
19.039241 37832 
19.091509 37832 
19.146613 37332 
19.204912 37332 
19.266975 36962 
19.333134 36712 
19.403294 36212 
19.479590 36212 
19.561689 35462 
19.651963 35712 
19.750087 34712 
19.859264 33962 
19.982533 33462 
20.122750 32712 
20.285990 31962 
20.481207 31212 
20.724361 28712 
21.045549 26462 
21.518742 22712 
22.418919 16212 
22.832163 12962 
23.732341 5712 
24.205647 2212 
24.526748 250 
24.769910 250 
24.965093 250 
25.128276 250 
25.268457 250 
25.391640 250 
25.500820 250 
25.599002 250 
25.689184 250 
25.771367 250 
25.847548 250 
25.917729 250 
25.983908 250 
26.046089 250 
26.104270 250 
26.159450 250 
26.211630 250 
26.260811 250 
26.307992 250 
26.353166 250 
26.396322 250 
26.437503 250 
26.476682 250 
26.514861 250 
26.551042 250 
26.586223 250 
26.620403 250 
26.653583 250 
26.685748 250 
26.716920 250 
26.747072 250 
26.776222 250 
26.804387 250 
26.831554 250 
26.857734 250 
26.883900 250 
26.909081 250 
26.933262 500 
26.957442 500 
26.980621 500 
27.003801 500 
27.025967 500 
27.048147 750 
27.069320 750 
27.090493 750 
27.110665 1000 
27.130832 1000 
27.150004 1000 
27.169180 1250 
27.188350 1250 
27.206529 1250 
27.224707 1500 
27.242886 1500 
27.260077 1750 
27.277232 1750 
27.294402 1750 
27.310564 2000 
27.326744 2000 
27.342923 2250 
27.359102 2250 
27.374276 2500 
27.389440 2500 
27.404619 2750 
27.419791 2750 
27.433969 3000 
27.448148 3000 
27.462322 3250 
27.476489 3250 
27.490670 3500 
27.503837 3500 
27.516992 3750 
27.530161 4000 
27.543318 4000 
27.556530 4250 
27.568710 4250 
27.580888 4500 
27.593066 4750 
27.605246 4750 
27.617424 5000 
27.629598 5000 
27.641761 5250 
27.652939 5500 
27.664118 5500 
27.675297 5750 
27.686451 5750 
27.697605 6000 
27.708770 6250 
27.719928 6250 
27.730094 6500 
27.740273 6750 
27.750453 6750 
27.760638 7000 
27.770815 7250 
27.781023 7250 
27.791179 7500 
27.801325 7750 
27.811459 7750 
27.820618 8000 
27.829770 8250 
27.838914 8250 
27.848092 8500 
27.857269 8750 
27.866447 8750 
27.875614 9000 
27.884775 9250 
27.903015 9250 
27.912187 9500 
27.921365 9750 
27.930529 9750 
27.938690 10000 
27.946843 10250 
27.955019 10250 
27.963176 10500 
27.971337 10750 
27.979475 11000 
27.987615 11000 
27.995764 11250 
28.003924 11500 
28.012100 11750 
28.020277 11750 
28.028434 12000 
28.036594 12250 
28.043773 12250 
28.050949 12500 
28.058120 12750 
28.065294 13000 
28.072440 13250 
28.079594 13250 
28.086733 13500 
28.093891 13750 
28.108093 13750 
28.115248 14000 
28.122409 14250 
28.129560 14500 
28.143764 14500 
28.150918 14750 
28.158080 15000 
28.172295 15000 
28.179444 15250 
28.186603 15500 
28.192748 15750 
28.198894 15750 
28.205031 16000 
28.211188 16250 
28.217346 16500 
28.223522 16500 
28.229681 16750 
28.235834 17000 
28.248053 17250 
28.254201 17250 
28.260346 17500 
28.266492 17750 
28.272621 18000 
28.278770 18250 
28.284921 18250 
28.291066 18500 
28.297200 18750 
28.303334 19000 
28.309496 19250 
28.315676 19250 
28.321837 19500 
28.327991 19750 
28.334125 20000 
28.340275 20250 
28.346436 20250 
28.352594 20500 
28.358746 20750 
28.364889 21000 
28.371052 21250 
28.377229 21250 
28.383389 21500 
28.389565 21750 
28.401778 22000 
28.413991 22000 
28.420144 22250 
28.432346 22500 
28.438510 22500 
28.444654 22750 
28.450807 23000 
28.456939 23250 
28.463089 23500 
28.469268 23500 
28.475422 23750 
28.481575 24000 
28.487729 24250 
28.493891 24250 
28.500069 24500 
28.506177 24750 
28.513315 25000 
28.520478 25250 
28.534683 25250 
28.541842 25500 
28.556059 25500 
28.563217 25750 
28.570382 26000 
28.577539 26250 
28.584698 26250 
28.591845 26500 
28.598991 26750 
28.606115 27000 
28.613274 27250 
28.620448 27250 
28.627586 27500 
28.634724 27750 
28.641880 28000 
28.649044 28000 
28.657191 28250 
28.665321 28500 
28.673487 28500 
28.681645 28750 
28.689786 29000 
28.697927 29250 
28.706075 29250 
28.714235 29500 
28.722360 29750 
28.730500 30000 
28.738650 30000 
28.746824 30250 
28.755002 30500 
28.764158 30500 
28.773317 30750 
28.782493 31000 
28.791659 31250 
28.800825 31250 
28.809978 31500 
28.819110 31750 
28.828267 31750 
28.837419 32000 
28.846587 32250 
28.855751 32250 
28.864913 32500 
28.875089 32750 
28.885238 32750 
28.895399 33000 
28.905553 33250 
28.915710 33250 
28.925873 33500 
28.936051 33750 
28.946190 33750 
28.956351 34000 
28.967531 34250 
28.978694 34250 
28.989841 34500 
29.000981 34750 
29.012126 34750 
29.023302 35000 
29.034455 35000 
29.046613 35250 
29.058756 35500 
29.070915 35500 
29.083070 35750 
29.095218 35750 
29.107377 36000 
29.119553 36250 
29.132718 36250 
29.145898 36500 
29.159068 36500 
29.172222 36750 
29.185377 36750 
29.199528 37000 
29.213708 37000 
29.227886 37250 
29.242055 37500 
29.256220 37500 
29.271374 37750 
29.286553 37750 
29.301716 38000 
29.316882 38000 
29.333037 38250 
29.349190 38250 
29.365342 38250 
29.381521 38500 
29.398701 38500 
29.415879 38750 
29.433061 38750 
29.451223 39000 
29.469381 39000 
29.487545 39000 
29.506707 39250 
29.525862 39250 
29.545044 39250 
29.565222 39500 
29.585402 39500 
29.606584 39500 
29.627762 39750 
29.649942 39750 
29.672122 39750 
29.695301 39750 
29.718479 40000 
29.742637 40000 
29.766792 40000 
29.791949 40000 
29.818107 40000 
29.844269 40000 
29.871448 40000 
29.899629 40000 
29.928814 40000 
29.958983 40000 
29.990168 40000 
30.054405 39500 
30.087575 39500 
30.121756 39500 
30.157068 39750 
30.193154 39638 
30.231312 39638 
30.270477 39388 
30.311634 39388 
30.354793 39138 
30.399956 39138 
30.447117 38888 
30.496293 38888 
30.548465 38638 
30.603642 38388 
30.661941 38388 
30.724007 38042 
30.790172 37792 
30.932450 37542 
31.008646 37292 
31.090817 36792 
31.180979 36292 
31.279160 35792 
31.388366 35042 
31.511544 34292 
31.651731 33292 
31.814896 32292 
32.010063 30792 
32.253233 29042 
32.574401 26542 
33.047584 23792 
33.947769 16542 
34.361006 13292 
35.261193 6792 
35.734391 3042 
36.055564 542 
36.298736 250 
36.493905 250 
36.657073 250 
36.797245 250 
36.920406 250 
37.029565 250 
37.127730 250 
37.217895 250 
37.300062 250 
37.376227 250 
37.446395 250 
37.512553 250 
37.574713 250 
37.632881 250 
37.688046 250 
37.740211 250 
37.789377 250 
37.836542 250 
37.881708 250 
37.924872 250 
37.966047 250 
38.005220 250 
38.043399 250 
38.079582 250 
38.114764 250 
38.148947 250 
38.182116 250 
38.214263 250 
38.245433 250 
38.275592 250 
38.304746 250 
38.332905 500 
38.360074 500 
38.386241 500 
38.412407 500 
38.437573 500 
38.461739 500 
38.485916 500 
38.509094 750 
38.532276 750 
38.554459 750 
38.576637 750 
38.597800 1000 
38.619001 1000 
38.639175 1000 
38.659338 1250 
38.678492 1250 
38.697696 1250 
38.716861 1500 
38.735019 1500 
38.753181 1750 
38.771343 1750 
38.788495 1750 
38.805650 2000 
38.822808 2000 
38.838973 2250 
38.855136 2250 
38.871302 2500 
38.887465 2500 
38.902626 2750 
38.917781 2750 
38.932943 3000 
38.948116 3000 
38.962276 3250 
38.976431 3250 
38.990587 3500 
39.004737 3500 
39.018921 3750 
39.032087 3750 
39.045240 4000 
39.058399 4000 
39.071563 4250 
39.084728 4250 
39.096892 4500 
39.109069 4750 
39.121242 4750 
39.133398 5000 
39.145579 5000 
39.157757 5250 
39.169935 5500 
39.181115 5500 
39.192290 5750 
39.203455 5750 
39.214633 6000 
39.225806 6250 
39.236987 6250 
39.248166 6500 
39.258335 6750 
39.268514 6750 
39.278668 7000 
39.288825 7250 
39.298982 7250 
39.309130 7500 
39.319285 7750 
39.329439 7750 
39.339588 8000 
39.348745 8250 
39.357903 8250 
39.367056 8500 
39.376214 8750 
39.385369 8750 
39.394532 9000 
39.403681 9250 
39.412837 9500 
39.421994 9500 
39.431142 9750 
39.440298 10000 
39.449464 10000 
39.457636 10250 
39.465786 10500 
39.473954 10500 
39.482119 10750 
39.490298 11000 
39.498455 11250 
39.506622 11250 
39.514778 11500 
39.522935 11750 
39.539152 11750 
39.547315 12000 
39.555495 12250 
39.563668 12250 
39.570846 12500 
39.578025 12750 
39.585191 13000 
39.592344 13250 
39.599525 13250 
39.606700 13500 
39.613878 13750 
39.628094 13750 
39.635266 14000 
39.642442 14250 
39.649588 14500 
39.656750 14500 
39.663920 14750 
39.671077 15000 
39.685294 15000 
39.692457 15250 
39.699614 15500 
39.706778 15750 
39.720005 15750 
39.726190 16000 
39.738403 16250 
39.744579 16250 
39.750757 16500 
39.756936 16750 
39.769154 17000 
39.781401 17000 
39.787570 17250 
39.793726 17500 
39.805944 17500 
39.812121 17750 
39.818297 18000 
39.824458 18250 
39.836676 18250 
39.842852 18500 
39.849007 18750 
39.855186 19000 
39.867412 19000 
39.873566 19250 
39.879745 19500 
39.885923 19750 
39.898130 19750 
39.904301 20000 
39.909461 20250 
39.914642 20500 
39.920812 20750 
39.926961 20750 
39.933116 21000 
39.945331 21250 
39.957541 21250 
39.963702 21500 
39.969881 21750 
39.976038 22000 
39.982192 22250 
39.988375 22250 
39.994545 22500 
40.000724 22750 
40.006894 23000 
40.019112 23000 
40.025266 23250 
40.031422 23500 
40.043640 23500 
40.049811 23750 
40.055973 24000 
40.068187 24250 
40.080396 24250 
40.086549 24500 
40.092706 24750 
40.104921 24750 
40.112092 25000 
40.119254 25250 
40.126414 25500 
40.133582 25500 
40.140734 25750 
40.147887 26000 
40.162101 26250 
40.169273 26250 
40.176457 26500 
40.183636 26750 
40.197860 26750 
40.205024 27000 
40.212203 27250 
40.219382 27500 
40.233597 27500 
40.240774 27750 
40.247952 28000 
40.263161 28000 
40.271326 28250 
40.279505 28500 
40.287670 28500 
40.295850 28750 
40.304005 29000 
40.312169 29250 
40.328393 29250 
40.336558 29500 
40.344731 29500 
40.352877 29750 
40.361030 30000 
40.369193 30250 
40.377372 30250 
40.386528 30500 
40.395691 30750 
40.404863 30750 
40.414024 31000 
40.423182 31250 
40.432345 31500 
40.441526 31500 
40.450703 31750 
40.459880 32000 
40.469039 32000 
40.478187 32250 
40.487343 32500 
40.497502 32500 
40.507651 32750 
40.517806 33000 
40.527974 33000 
40.538124 33250 
40.548281 33500 
40.558435 33500 
40.568585 33750 
40.578740 34000 
40.589907 34000 
40.601079 34250 
40.612243 34500 
40.623417 34500 
40.634575 34750 
40.645735 34750 
40.656882 35000 
40.669036 35250 
40.681204 35250 
40.693384 35500 
40.705542 35500 
40.717686 35750 
40.729844 36000 
40.742002 36000 
40.755167 36250 
40.768347 36250 
40.781522 36500 
40.794679 36500 
40.807862 36750 
40.822034 37000 
40.836209 37000 
40.850364 37250 
40.864528 37250 
40.878699 37500 
40.893866 37500 
40.909046 37750 
40.924227 37750 
40.939407 38000 
40.955565 38000 
40.971721 38250 
40.987889 38250 
41.004068 38250 
41.021214 38500 
41.038367 38500 
41.055524 38750 
41.073690 38750 
41.091869 39000 
41.110036 39000 
41.129216 39000 
41.148374 39250 
41.167531 39250 
41.187810 39500 
41.207881 39540 
41.229038 39540 
41.250196 39540 
41.272355 39790 
41.294505 39790 
41.317663 39790 
41.340823 39790 
41.364982 39790 
41.389134 40000 
41.414291 40000 
41.440447 40000 
41.466605 40000 
41.493763 40000 
41.521922 40000 
41.551080 40000 
41.581330 40000 
41.612447 39750 
41.644627 39750 
41.677809 39750 
41.711998 39750 
41.747154 39750 
41.783319 39500 
41.821652 39750 
41.860708 39630 
41.901880 39630 
41.945054 39380 
41.990234 39380 
42.037415 39130 
42.086743 39130 
42.138825 39082 
42.194006 38832 
42.252189 38582 
42.314365 38332 
42.380545 38082 
42.450716 37582 
42.526999 37832 
42.609185 37082 
42.699310 36332 
42.797596 36582 
42.906698 35332 
43.029990 35082 
43.170196 34332 
43.333320 32832 
43.528490 31332 
43.771686 29582 
44.092872 28082 
44.566043 24332 
45.466232 17082 
45.879607 14582 
46.779730 6832 
47.252926 3832 
47.574095 1332 
47.817269 250 
48.012454 250 
48.175641 250 
48.315826 250 
48.439008 250 
48.548192 250 
48.646374 250 
48.736553 250 
48.818730 250 
48.894910 250 
48.965091 250 
49.031272 250 
49.093453 250 
49.151634 250 
49.206800 250 
49.258982 250 
49.308162 250 
49.355342 250 
49.400524 250 
49.443706 250 
49.484882 250 
49.524040 250 
49.562221 250 
49.598403 250 
49.633560 250 
49.667727 250 
49.700905 250 
49.733087 250 
49.764243 250 
49.794401 250 
49.823561 250 
49.851728 500 
49.878884 500 
49.905066 500 
49.931246 500 
49.956427 500 
49.980606 500 
50.004773 500 
50.027940 750 
50.051121 750 
50.073302 750 
50.095487 750 
50.116674 1000 
50.137857 1000 
50.158031 1000 
50.178195 1250 
50.197379 1250 
50.216552 1250 
50.235719 1500 
50.253888 1500 
50.290104 1500 
50.325325 1500 
50.342505 1500 
50.359684 1750 
50.376864 1750 
50.393043 2000 
50.409215 2000 
50.425387 2000 
50.441551 2250 
50.472769 2250 
50.487932 2250 
50.503096 2500 
50.532312 2500 
50.546473 2500 
50.560653 2750 
50.574831 2750 
50.588986 3000 
50.616203 3000 
50.629365 3250 
50.655582 3250 
50.668759 3250 
50.681939 3500 
50.695121 3500 
50.707292 3750 
50.719458 4000 
50.731639 4000 
50.743817 4250 
50.768026 4250 
50.780189 4500 
50.803405 4500 
50.814570 4500 
50.825716 4750 
50.836873 5000 
50.859091 5000 
50.870252 5250 
50.881387 5250 
50.892537 5500 
50.902702 5750 
50.912882 5750 
50.933098 6000 
50.953308 6000 
50.963470 6000 
50.973650 6250 
50.993881 6250 
51.014098 6500 
51.033309 6500 
51.042481 6750 
51.060689 6750 
51.069856 7000 
51.079008 7250 
51.097224 7250 
51.115437 7250 
51.133645 7500 
51.151860 7500 
51.170072 7750 
51.188303 7750 
51.197467 8000 
51.214683 8000 
51.231896 8250 
51.249112 8250 
51.266324 8250 
51.283536 8500 
51.300752 8500 
51.317959 8750 
51.335172 8750 
51.352384 9000 
51.369598 9000 
51.386812 9000 
51.404017 9250 
51.421224 9250 
51.429386 9500 
51.444601 9500 
51.459812 9750 
51.475042 9750 
51.490250 10000 
51.497405 10250 
51.511621 10250 
51.525834 10500 
51.533011 10750 
51.547219 10750 
51.554379 11000 
51.561541 11250 
51.575757 11250 
51.589966 11500 
51.604173 11500 
51.618381 11750 
51.625534 11750 
51.639750 12000 
51.652966 12250 
51.666199 12250 
51.679426 12500 
51.692652 12500 
51.698823 12750 
51.711050 13000 
51.723259 13000 
51.735474 13250 
51.747691 13250 
51.753868 13500 
51.766084 13750 
51.778299 13750 
51.784452 14000 
51.796675 14250 
51.808894 14250 
51.815048 14500 
51.827256 14750 
51.839474 14750 
51.845637 15000 
51.857858 15250 
51.870068 15250 
51.882289 15500 
51.888451 15750 
51.900659 15750 
51.912867 16000 
51.924089 16000 
51.929254 16250 
51.939458 16500 
51.949680 16750 
51.959885 16750 
51.970107 17000 
51.980321 17250 
51.990537 17250 
51.995716 17500 
52.005939 17750 
52.016148 17750 
52.021304 18000 
52.031527 18250 
52.041750 18500 
52.051995 18500 
52.062200 18750 
52.072446 19000 
52.082682 19000 
52.087857 19250 
52.098091 19500 
52.108331 19500 
52.113502 19750 
52.118695 20000 
52.128903 20250 
52.139140 20250 
52.144318 20500 
52.154541 20750 
52.164766 20750 
52.169944 21000 
52.180175 21250 
52.190407 21500 
52.195581 21500 
52.205822 21750 
52.211005 22000 
52.221226 22250 
52.231439 22250 
52.241649 22500 
52.251869 22750 
52.262081 22750 
52.272294 23000 
52.282527 23250 
52.292767 23250 
52.297947 23500 
52.308180 23750 
52.318398 23750 
52.323575 24000 
52.333809 24250 
52.338988 24500 
52.345162 24500 
52.351332 24750 
52.357504 25000 
52.363666 25250 
52.375900 25250 
52.382074 25500 
52.394306 25750 
52.400480 26000 
52.412691 26000 
52.418863 26250 
52.425041 26500 
52.437260 26500 
52.443434 26750 
52.455663 27000 
52.467890 27000 
52.474064 27250 
52.486290 27500 
52.492461 27750 
52.504687 27750 
52.510855 28000 
52.523063 28250 
52.535290 28250 
52.541444 28500 
52.554654 28500 
52.561830 28750 
52.576056 29000 
52.590273 29000 
52.597446 29250 
52.611673 29500 
52.618849 29500 
52.633069 29750 
52.647280 29750 
52.654453 30000 
52.668682 30250 
52.682915 30250 
52.697131 30500 
52.711349 30500 
52.725565 30750 
52.739784 30750 
52.753996 31000 
52.761155 31250 
52.776400 31250 
52.784555 31500 
52.792713 31750 
52.808940 31750 
52.817108 32000 
52.833317 32000 
52.849536 32250 
52.865762 32250 
52.881981 32500 
52.890300 32750 
52.898378 32758 
52.906551 33008 
52.914727 33008 
52.922900 33258 
52.940120 33508 
52.949295 33508 
52.967512 33758 
52.976680 33758 
52.994902 34008 
53.013137 34008 
53.022308 34258 
53.031481 34508 
53.040649 34508 
53.049823 34758 
53.068049 34758 
53.077224 35008 
53.096453 35008 
53.106620 35258 
53.126846 35258 
53.137018 35508 
53.157245 35508 
53.167411 35758 
53.187638 35758 
53.197812 36008 
53.219033 36008 
53.230232 36258 
53.252450 36258 
53.263614 36508 
53.285882 36508 
53.297102 36758 
53.308313 36758 
53.330594 37008 
53.353835 37008 
53.366018 37008 
53.378191 37258 
53.402552 37508 
53.414622 37662 
53.426785 37662 
53.438943 37912 
53.452100 38162 
53.478304 38162 
53.491461 38162 
53.504628 38412 
53.531864 38412 
53.546035 38412 
53.560193 38662 
53.574353 38662 
53.588509 38912 
53.617744 38912 
53.632939 39162 
53.663179 39162 
53.693414 38912 
53.708586 39162 
53.724767 39162 
53.756996 39162 
53.773154 39412 
53.806398 39412 
53.823563 39412 
53.840737 39662 
53.875950 39412 
53.894119 39662 
53.912429 39912 
53.930513 40000 
53.949690 40000 
53.968866 40000 
53.988044 40000 
54.027280 39750 
54.047457 40000 
54.068645 40000 
54.089813 40000 
54.111983 40000 
54.157210 39750 
54.180393 39750 
54.203559 39750 
54.227735 40000 
54.251908 40000 
54.277073 40000 
54.303390 40000 
54.329483 39928 
54.356660 39928 
54.384838 39928 
54.414007 39928 
54.444174 39928 
54.475350 39928 
54.507520 39928 
54.540690 39928 
54.574862 39928 
54.610031 39928 
54.646193 39928 
54.684502 39928 
54.723587 39856 
54.764764 39856 
54.807935 39606 
54.853107 39606 
54.900282 39356 
54.949444 39356 
55.001607 39106 
55.111838 38356 
55.170008 38106 
55.232191 37856 
55.298360 37606 
55.368554 37356 
55.444868 37106 
55.526908 36462 
55.617097 35962 
55.715401 35712 
55.824504 34914 
55.947682 34164 
56.087851 33414 
56.251058 32164 
56.446243 30914 
56.689429 30164 
57.010596 27664 
58.231819 17664 
59.132111 11414 
59.605246 7164 
59.927398 4914 
60.170578 3164 
60.365766 1664 
60.528940 664 
60.669109 250 
60.792272 250 
60.901442 250 
60.999629 250 
61.089809 250 
61.171988 250 
61.248166 250 
61.390390 250 
61.532615 250 
61.666839 250 
61.725025 250 
61.780205 250 
61.832386 250 
61.881557 250 
61.928729 250 
61.973909 250 
62.060125 250 
62.101305 250 
62.140481 250 
62.178658 250 
62.251887 250 
62.287063 250 
62.355300 250 
62.388470 250 
62.420643 250 
62.482873 250 
62.513043 250 
62.542207 250 
62.570369 250 
62.597545 250 
62.623718 250 
62.649887 250 
62.700127 250 
62.724299 250 
62.748472 500 
62.795711 250 
62.818882 250 
62.841041 500 
62.884278 250 
62.927500 250 
62.948671 250 
62.968836 250 
62.989013 500 
63.028255 250 
63.067492 250 
63.086661 250 
63.104829 500 
63.141065 500 
63.159235 500 
63.194473 500 
63.211651 500 
63.228819 750 
63.262043 750 
63.278210 750 
63.294365 750 
63.310536 1000 
63.325701 1000 
63.355919 1000 
63.386137 1000 
63.415362 1000 
63.444581 1000 
63.458749 1250 
63.486968 1250 
63.515185 1250 
63.542407 1250 
63.569640 1250 
63.582821 1500 
63.609043 1500 
63.635259 1500 
63.660476 1500 
63.672672 1750 
63.684842 1750 
63.697023 2000 
63.721241 2000 
63.745459 2000 
63.769678 2250 
63.792915 2250 
63.816134 2250 
63.827304 2500 
63.849515 2500 
63.871734 2500 
63.893956 2500 
63.916168 2750 
63.927331 2750 
63.937494 3000 
63.957727 3000 
63.977936 3250 
63.988099 3250 
64.008291 3500 
64.018450 3500 
64.038664 3750 
64.058884 3750 
64.078098 3750 
64.097316 4000 
64.106476 4000 
64.124684 4250 
64.142910 4250 
64.161114 4500 
64.179335 4500 
64.188507 4750 
64.206718 4750 
64.224928 4750 
64.234106 5000 
64.252308 5250 
64.269518 5250 
64.286727 5250 
64.303952 5500 
64.321170 5500 
64.329348 5750 
64.345558 5750 
64.361782 6000 
64.378004 6000 
64.394231 6250 
64.410441 6250 
64.426651 6500 
64.442874 6500 
64.451036 6750 
64.466264 6750 
64.473422 7000 
64.487651 7250 
64.501877 7250 
64.509038 7500 
64.523261 7750 
64.537484 7750 
64.551709 8000 
64.565935 8000 
64.573114 8250 
64.587337 8250 
64.601549 8500 
64.615774 8500 
64.629993 8750 
64.644205 8750 
64.651364 9000 
64.665585 9250 
64.679811 9250 
64.693031 9500 
64.706269 9500 
64.712441 9750 
64.724661 10000 
64.736897 10000 
64.749129 10250 
64.761354 10500 
64.773571 10500 
64.785795 10750 
64.798014 10750 
64.804168 11000 
64.816398 11250 
64.828614 11250 
64.834782 11500 
64.846999 11750 
64.859200 11750 
64.871414 12000 
64.883639 12000 
64.895861 12250 
64.908093 12500 
64.920295 12500 
64.926451 12750 
64.938683 13000 
64.950893 13000 
64.962110 13250 
64.973337 13250 
64.984544 13500 
64.995752 13750 
65.006976 13750 
65.018201 14000 
65.029417 14250 
65.040627 14250 
65.045777 14500 
65.055984 14750 
65.066201 14750 
65.076419 15000 
65.086627 15250 
65.096836 15250 
65.107053 15500 
65.117261 15750 
65.127469 15750 
65.137671 16000 
65.147878 16250 
65.158104 16250 
65.168313 16500 
65.178521 16750 
65.188739 16750 
65.198965 17000 
65.209172 17250 
65.219381 17250 
65.229599 17500 
65.239808 17750 
65.250040 17750 
65.260251 18000 
65.270458 18250 
65.280684 18250 
65.290901 18500 
65.300109 18750 
65.309341 18750 
65.318569 19000 
65.327790 19250 
65.337023 19250 
65.346245 19500 
65.355450 19750 
65.364684 19750 
65.373913 20000 
65.383121 20250 
65.392329 20500 
65.401547 20500 
65.410774 20750 
65.420006 21000 
65.429238 21000 
65.438461 21250 
65.447687 21500 
65.456921 21500 
65.467144 21750 
65.477369 22000 
65.487594 22000 
65.497819 22250 
65.508030 22500 
65.518208 22500 
65.523375 22750 
65.533559 23000 
65.543759 23000 
65.553950 23250 
65.564135 23500 
65.574328 23500 
65.579496 23750 
65.589715 24000 
65.599916 24250 
65.610132 24250 
65.620353 24500 
65.630564 24750 
65.640781 24750 
65.651005 25000 
65.661224 25250 
65.671449 25250 
65.681673 25500 
65.691891 25750 
65.702116 25750 
65.712333 26000 
65.722552 26250 
65.732761 26250 
65.742985 26500 
65.753195 26750 
65.763419 26750 
65.773637 27000 
65.783848 27000 
65.789029 27250 
65.800254 27500 
65.811464 27750 
65.822674 27750 
65.833890 28000 
65.845123 28000 
65.856346 28250 
65.867563 28500 
65.878789 28500 
65.890046 28750 
65.901258 29000 
65.912475 29000 
65.923681 29250 
65.934898 29250 
65.946108 29500 
65.957324 29750 
65.968550 29750 
65.979755 30000 
65.990979 30250 
66.002229 30250 
66.013450 30500 
66.024767 30750 
66.030868 30912 
66.037041 31162 
66.050256 31412 
66.063471 31412 
66.076678 31662 
66.089903 31662 
66.103135 31912 
66.116360 31912 
66.129567 32162 
66.142785 32412 
66.156019 32412 
66.169243 32662 
66.182474 32662 
66.189653 32912 
66.203888 32912 
66.218108 33162 
66.232328 33412 
66.246561 33412 
66.260786 33662 
66.275022 33662 
66.290253 33912 
66.305476 33912 
66.313651 34162 
66.329882 34162 
66.338042 34412 
66.354267 34412 
66.362439 34662 
66.378646 34912 
66.394874 34912 
66.411109 35162 
66.427347 35162 
66.435530 35412 
66.451752 35412 
66.468987 35662 
66.486186 35662 
66.503395 35662 
66.520616 35912 
66.537947 36162 
66.547050 36316 
66.556226 36566 
66.574447 36566 
66.583604 36816 
66.601832 36816 
66.620051 37066 
66.638269 37066 
66.647436 37316 
66.666661 37316 
66.676820 37566 
66.697045 37566 
66.707203 37816 
66.727427 37816 
66.737590 38066 
66.757806 38066 
66.767967 38316 
66.789181 38316 
66.810393 38316 
66.821555 38566 
66.843767 38566 
66.865994 38566 
66.888217 38816 
66.910435 38816 
66.933654 38816 
66.945818 39066 
66.969990 39066 
66.982186 39316 
67.006410 39316 
67.018590 39316 
67.042812 39566 
67.068058 39566 
67.081224 39566 
67.094391 39816 
67.107550 39816 
67.120720 40000 
67.147953 40000 
67.175310 40000 
67.189392 40000 
67.203569 40000 
67.217738 40000 
67.246945 40000 
67.276149 40000 
67.291309 40000 
67.321531 40000 
67.336711 40000 
67.367931 40000 
67.384092 40000 
67.416314 40000 
67.432484 40000 
67.465733 39750 
67.482894 40000 
67.518120 40000 
67.553373 40000 
67.571486 40000 
67.589671 40000 
67.626903 40000 
67.664137 40000 
67.702356 40000 
67.722518 40000 
67.742698 40000 
67.763872 40000 
67.807087 40000 
67.850308 40000 
67.872484 40000 
67.917707 39750 
67.940875 40000 
67.988121 39750 
68.012294 39750 
68.037471 39750 
68.088725 39750 
68.114894 39750 
68.142072 39750 
68.198448 39750 
68.227528 39630 
68.257697 39630 
68.319901 39380 
68.352064 39380 
68.385223 39380 
68.453572 39130 
68.488659 39082 
68.524838 39082 
68.600080 38832 
68.639260 38582 
68.680432 38582 
68.764654 38082 
68.809827 38082 
68.904039 37332 
68.953212 37332 
69.005397 37082 
69.060570 36832 
69.118759 36582 
69.180929 36332 
69.247118 36082 
69.317294 35832 
69.393496 35332 
69.475902 35332 
69.566046 35390 
69.664159 34390 
69.773380 33890 
69.896513 32890 
70.036727 32140 
70.199894 30890 
70.395127 30390 
70.638319 28640 
70.959503 26140 
71.432689 22390 
72.332882 15890 
72.750129 12640 
73.650333 5390 
74.123526 1640 
74.444719 250 
74.687904 250 
74.883086 250 
75.046260 250 
75.332480 250 
75.604731 250 
75.713926 250 
75.812105 250 
75.992324 250 
76.166553 250 
76.334783 250 
76.404960 250 
76.537182 250 
76.665411 250 
76.723582 250 
76.778755 250 
76.882989 250 
76.932165 250 
76.979345 250 
77.024522 250 
77.110763 250 
77.151932 250 
77.231156 250 
77.269331 250 
77.342558 250 
77.414782 250 
77.486006 250 
77.519184 250 
77.583409 250 
77.646632 250 
77.708856 250 
77.738022 250 
77.794242 250 
77.849465 250 
77.904690 250 
77.930869 500 
77.981093 250 
78.031324 250 
78.080564 250 
78.129802 250 
78.178027 250 
78.226244 250 
78.273467 250 
78.320692 250 
78.341865 250 
78.383083 250 
78.423337 250 
78.463558 250 
78.482726 250 
78.519963 250 
78.557185 250 
78.594417 250 
78.630630 250 
78.666867 250 
78.703106 250 
78.738322 250 
78.754487 250 
78.770667 500 
78.802908 500 
78.834148 250 
78.865395 250 
78.896651 250 
78.927897 250 
78.958119 250 
78.972299 500 
79.000518 500 
79.028753 500 
79.056967 500 
79.084183 500 
79.111397 500 
79.138635 500 
79.165860 500 
79.193083 750 
79.219308 750 
79.245530 750 
79.271751 750 
79.297966 750 
79.324178 750 
79.350403 750 
79.376623 750 
79.401867 1000 
79.427091 1000 
79.452337 1000 
79.463502 1000 
79.485718 1250 
79.496897 1250 
79.519123 1500 
79.540340 1500 
79.561567 1500 
79.582793 1750 
79.604013 1750 
79.614181 1750 
79.634406 2000 
79.654612 2000 
79.674848 2000 
79.695067 2250 
79.714285 2250 
79.723448 2500 
79.741667 2500 
79.759885 2750 
79.778111 2750 
79.796329 2750 
79.814544 3000 
79.832764 3000 
79.850982 3250 
79.869199 3250 
79.887414 3250 
79.905624 3500 
79.922843 3500 
79.940067 3750 
79.957291 3750 
79.974503 3750 
79.982671 4000 
79.998895 4250 
80.015119 4250 
80.031337 4500 
80.047552 4500 
80.063785 4500 
80.079990 4750 
80.096215 4750 
80.112431 5000 
80.127664 5000 
80.142888 5250 
80.158106 5250 
80.173322 5500 
80.188547 5500 
80.203763 5750 
80.218981 5750 
80.234223 6000 
80.249450 6000 
80.264667 6250 
80.279883 6250 
80.295099 6500 
80.310300 6500 
80.317461 6750 
80.331673 7000 
80.345891 7000 
80.360103 7250 
80.374314 7250 
80.387527 7500 
80.400746 7500 
80.413955 7750 
80.427187 7750 
80.440400 8000 
80.453627 8000 
80.466844 8250 
80.480053 8500 
80.493279 8500 
80.506493 8750 
80.519705 8750 
80.532909 9000 
80.546125 9000 
80.559337 9250 
80.572557 9500 
80.585780 9500 
80.599002 9750 
80.612222 9750 
80.625446 10000 
80.638665 10000 
80.651898 10250 
80.665116 10250 
80.678331 10500 
80.691553 10750 
80.703780 10750 
80.715999 11000 
80.728219 11000 
80.740439 11250 
80.752665 11500 
80.764877 11500 
80.777102 11750 
80.789291 11750 
80.801508 12000 
80.813733 12000 
80.825949 12250 
80.838182 12500 
80.850392 12500 
80.862598 12750 
80.874817 12750 
80.887043 13000 
80.899263 13250 
80.911483 13250 
80.923692 13500 
80.935919 13500 
80.948145 13750 
80.960355 14000 
80.972576 14000 
80.984793 14250 
80.997005 14250 
81.009232 14500 
81.021464 14750 
81.033691 14750 
81.045900 15000 
81.058120 15000 
81.070336 15250 
81.082553 15500 
81.094780 15500 
81.105999 15750 
81.117218 15750 
81.128452 16000 
81.139686 16250 
81.150921 16250 
81.162155 16500 
81.173393 16500 
81.184629 16750 
81.195862 17000 
81.207097 17000 
81.218321 17250 
81.229525 17500 
81.240746 17500 
81.251989 17750 
81.263209 18000 
81.274426 18000 
81.285632 18250 
81.296860 18250 
81.308080 18500 
81.319322 18750 
81.330555 18750 
81.341782 19000 
81.353000 19250 
81.364211 19250 
81.375437 19500 
81.386662 19500 
81.397873 19750 
81.409101 20000 
81.420326 20000 
81.431526 20250 
81.442736 20500 
81.453956 20500 
81.465182 20750 
81.476403 20750 
81.487620 21000 
81.498832 21250 
81.510046 21250 
81.521256 21500 
81.532470 21750 
81.543688 21750 
81.554893 22000 
81.566104 22000 
81.577293 22250 
81.588516 22500 
81.599730 22500 
81.610938 22750 
81.622165 23000 
81.633389 23000 
81.644597 23250 
81.655934 23500 
81.660026 23590 
81.668124 23840 
81.676234 24090 
81.684337 24090 
81.692449 24340 
81.700552 24590 
81.708657 24840 
81.717766 24840 
81.726866 25090 
81.735977 25340 
81.745083 25340 
81.754225 25590 
81.763357 25840 
81.772470 26090 
81.781600 26090 
81.790730 26340 
81.799851 26590 
81.808957 26590 
81.818085 26840 
81.827204 27090 
81.836322 27090 
81.845437 27340 
81.854564 27590 
81.863694 27590 
81.872815 27840 
81.881943 28090 
81.891064 28340 
81.900169 28340 
81.909283 28590 
81.918403 28840 
81.927507 28840 
81.936627 29090 
81.945749 29340 
81.954872 29340 
81.963987 29590 
81.973109 29840 
81.982184 30090 
81.991292 30090 
82.000407 30340 
82.009530 30590 
82.019659 30590 
82.029782 30840 
82.039908 31090 
82.050043 31090 
82.056210 31340 
82.068434 31590 
82.080662 31590 
82.092878 31840 
82.105088 31840 
82.117295 32090 
82.129522 32340 
82.141749 32340 
82.153972 32590 
82.166312 32840 
82.172399 32994 
82.184517 33244 
82.196638 33244 
82.208757 33494 
82.220879 33744 
82.233000 33744 
82.245114 33994 
82.257235 33994 
82.269348 34244 
82.281469 34494 
82.294589 34494 
82.307709 34744 
82.320833 34744 
82.333961 34994 
82.347083 34994 
82.360191 35244 
82.373325 35244 
82.386453 35494 
82.399566 35744 
82.412681 35744 
82.425808 35994 
82.438930 35994 
82.452058 36244 
82.465190 36244 
82.478313 36494 
82.491430 36744 
82.504550 36744 
82.517664 36994 
82.531793 36994 
82.545908 37244 
82.560053 37244 
82.568222 37494 
82.584441 37494 
82.600666 37744 
82.616982 37744 
82.633205 37994 
82.649426 37994 
82.665640 38244 
82.681969 38494 
82.690061 38648 
82.698200 38898 
82.715417 38898 
82.724573 39148 
82.742771 39148 
82.760988 39398 
82.779221 39398 
82.788392 39648 
82.806617 39648 
82.824834 39648 
82.843059 39898 
82.861293 39898 
82.879517 40000 
82.897730 40000 
82.916942 40000 
82.936169 40000 
82.955391 40000 
82.974625 40000 
82.993834 40000 
83.013062 40000 
83.032283 40000 
83.051493 40000 
83.070735 40000 
83.080914 40000 
83.102127 40000 
83.113296 40000 
83.135532 40000 
83.157763 40000 
83.179983 40000 
83.202224 40000 
83.213394 40000 
83.236624 40000 
83.259848 40000 
83.283064 40000 
83.306468 40000 
83.318504 40000 
83.330672 40000 
83.355889 40000 
83.381130 40000 
83.406363 40000 
83.431601 40000 
83.456979 40000 
83.470076 40000 
83.484252 40000 
83.512472 40000 
83.540710 40000 
83.568935 40000 
83.598161 40000 
83.627405 40000 
83.656630 40000 
83.685869 40000 
83.716094 40000 
83.746333 40000 
83.776554 40000 
83.806779 40000 
83.838002 40000 
83.869308 40000 
83.886442 39750 
83.903623 39750 
83.938846 39750 
83.974195 40000 
83.992280 40000 
84.011438 40000 
84.049649 40000 
84.089002 40000 
84.109092 40000 
84.129271 40000 
84.170493 40000 
84.212718 39750 
84.254946 39750 
84.277124 39750 
84.322344 39750 
84.345519 39750 
84.392863 40000 
84.417000 39500 
84.442182 39750 
84.493516 39750 
84.519673 39500 
84.572813 39250 
84.628063 39500 
84.657231 39000 
84.717516 39000 
84.748576 38880 
84.780746 38880 
84.846967 38630 
84.914339 38880 
84.949448 38380 
84.985767 38380 
85.023824 38332 
85.062989 38332 
85.104151 38082 
85.190356 37832 
85.235515 37582 
85.329854 37832 
85.378969 37082 
85.431143 37082 
85.541381 36332 
85.655608 35582 
85.769941 35082 
85.836062 34582 
85.972364 34582 
86.048494 33582 
86.130653 33082 
86.310975 32332 
86.409085 31332 
86.518252 30582 
86.641437 29832 
86.927680 28582 
87.090823 27332 
87.285978 26082 
87.529166 24332 
87.850330 21832 
88.323517 18082 
89.223715 11582 
89.696890 7832 
90.018064 5582 
90.534292 1332 
90.729481 250 
91.064700 250 
91.382929 250 
91.506112 250 
91.727358 250 
91.940597 250 
92.145836 250 
92.345073 250 
92.538310 250 
92.727547 250 
92.912776 250 
93.094028 250 
93.272265 250 
93.447497 250 
93.619724 250 
93.789963 250 
93.958198 250 
94.124432 250 
94.288662 250 
94.450892 250 
94.612121 250 
94.771348 250 
94.929584 250 
95.086820 250 
95.243046 250 
95.398283 250 
95.552519 250 
95.705754 250 
95.857983 250 
96.009210 250 
96.159435 250 
96.308666 250 
96.457893 250 
96.606111 250 
96.753322 250 
96.900536 250 
97.046771 250 
97.193006 250 
97.338243 250 
97.483481 250 
97.627718 250 
97.771952 250 
97.915183 250 
98.058422 250 
98.078604 250 
98.117844 250 
98.157073 250 
98.195310 250 
98.233547 250 
98.271767 250 
98.308996 250 
98.346226 250 
98.383446 250 
98.419665 250 
98.455879 250 
98.492107 250 
98.528328 250 
98.563556 250 
98.598774 250 
98.634003 250 
98.669225 250 
98.703452 250 
98.737678 250 
98.771901 250 
98.806135 250 
98.840367 250 
98.873596 250 
98.906803 250 
98.940023 250 
98.973258 250 
99.006493 250 
99.038728 250 
99.070971 250 
99.103196 250 
99.135430 250 
99.167670 250 
99.199897 250 
99.232115 250 
99.263331 250 
99.294570 250 
99.325798 250 
99.357019 250 
99.388247 250 
99.419469 250 
99.450696 250 
99.461860 500 
99.483088 500 
99.504332 500 
99.525547 750 
99.546762 750 
99.567990 750 
99.589216 1000 
99.610446 1000 
99.631671 1000 
99.651890 1250 
99.672114 1250 
99.692345 1250 
99.712564 1500 
99.732805 1500 
99.753028 1500 
99.773245 1750 
99.793482 1750 
99.813713 1750 
99.833940 1750 
99.854168 2000 
99.874398 2000 
99.893603 2000 
99.912814 2250 
99.932033 2250 
99.951246 2500 
99.970466 2500 
99.989680 2500 
100.008898 2750 
100.028117 2750 
100.047336 2750 
100.066554 3000 
100.085770 3000 
100.104990 3000 
100.124202 3250 
100.142416 3250 
100.160631 3500 
100.178848 3500 
100.197064 3500 
100.215275 3750 
100.233488 3750 
100.251713 4000 
100.269930 4000 
100.288149 4000 
100.306356 4250 
100.324565 4250 
100.342782 4500 
100.361000 4500 
100.379217 4500 
100.397425 4750 
100.415643 4750 
100.433860 4750 
100.452116 5000 
100.469351 5000 
100.486569 5250 
100.503789 5250 
100.521021 5500 
100.538243 5500 
100.555466 5500 
100.572692 5750 
100.589915 5750 
100.607149 6000 
100.624379 6000 
100.641589 6250 
100.658806 6250 
100.676027 6250 
100.693258 6500 
100.710473 6500 
100.727689 6750 
100.744919 6750 
100.762150 7000 
100.779395 7000 
100.796616 7000 
100.813848 7250 
100.831066 7250 
100.848286 7500 
100.865504 7500 
100.881731 7750 
100.897950 7750 
100.914164 7750 
100.930386 8000 
100.946593 8000 
100.951756 8250 
100.961975 8500 
100.972201 8750 
100.982428 8750 
100.992644 9000 
101.002870 9250 
101.013103 9250 
101.023336 9500 
101.033554 9500 
101.043784 9750 
101.054018 10000 
101.064235 10000 
101.074445 10250 
101.084659 10500 
101.094874 10500 
101.105087 10750 
101.115295 11000 
101.125534 11000 
101.135752 11250 
101.145967 11500 
101.156180 11500 
101.166396 11750 
101.176612 12000 
101.186822 12000 
101.197037 12250 
101.207270 12500 
101.217499 12500 
101.227721 12750 
101.236945 13000 
101.246168 13000 
101.255390 13250 
101.264606 13500 
101.273825 13500 
101.283059 13750 
101.292269 14000 
101.301496 14250 
101.310709 14250 
101.319927 14500 
101.329144 14750 
101.338352 14750 
101.347565 15000 
101.356782 15250 
101.365999 15250 
101.375233 15500 
101.384452 15750 
101.393669 15750 
101.402897 16000 
101.412109 16250 
101.421326 16500 
101.430542 16500 
101.439758 16750 
101.448974 17000 
101.458202 17000 
101.467418 17250 
101.476638 17500 
101.485856 17500 
101.495068 17750 
101.504286 18000 
101.513502 18000 
101.522728 18250 
101.531946 18500 
101.541164 18750 
101.550380 18750 
101.559592 19000 
101.568802 19250 
101.578029 19250 
101.587237 19500 
101.596456 19750 
101.605676 19750 
101.614885 20000 
101.624099 20250 
101.633317 20250 
101.642538 20500 
101.651782 20750 
101.661008 21000 
101.670243 21000 
101.679443 21250 
101.688662 21500 
101.697882 21500 
101.707103 21750 
101.716346 22000 
101.725565 22000 
101.734776 22250 
101.743992 22500 
101.753226 22750 
101.762436 22750 
101.771644 23000 
101.780865 23250 
101.790109 23250 
101.799291 23500 
101.808503 23750 
101.817724 23750 
101.826936 24000 
101.836156 24250 
101.845377 24250 
101.854589 24500 
101.863818 24750 
101.873037 25000 
101.882256 25000 
101.891473 25250 
101.900707 25500 
101.909929 25500 
101.919159 25750 
101.928376 26000 
101.937613 26000 
101.946847 26250 
101.956061 26500 
101.965273 26500 
101.974492 26750 
101.983713 27000 
101.992957 27250 
102.002195 27250 
102.012406 27500 
102.022635 27750 
102.032864 27750 
102.038023 28000 
102.048230 28250 
102.058453 28250 
102.068681 28500 
102.078888 28750 
102.089101 28750 
102.099290 29000 
102.109514 29250 
102.119720 29250 
102.129948 29500 
102.140155 29750 
102.150366 29750 
102.160576 30000 
102.170797 30250 
102.181012 30250 
102.191239 30500 
102.201461 30750 
102.211676 30750 
102.221889 31000 
102.232097 31250 
102.242310 31250 
102.252527 31500 
102.262748 31750 
102.272962 31750 
102.283175 32000 
102.293390 32000 
102.303623 32250 
102.313842 32500 
102.324050 32500 
102.334261 32750 
102.345462 33000 
102.356675 33000 
102.367902 33250 
102.379130 33500 
102.390342 33500 
102.401552 33750 
102.412768 34000 
102.423997 34000 
102.435224 34250 
102.446439 34250 
102.457641 34500 
102.468861 34750 
102.480075 34750 
102.491289 35000 
102.502501 35250 
102.513722 35250 
102.524950 35500 
102.536220 35750 
102.542340 35922 
102.548516 36172 
102.560734 36422 
102.572964 36422 
102.585214 36672 
102.597427 36672 
102.610647 36922 
102.623865 36922 
102.637085 37172 
102.650315 37422 
102.663529 37422 
102.676763 37672 
102.689975 37672 
102.703187 37922 
102.716403 37922 
102.729636 38172 
102.742855 38422 
102.756075 38422 
102.769308 38672 
102.782520 38672 
102.795743 38922 
102.802904 39172 
102.817136 39172 
102.831365 39422 
102.846596 39422 
102.861825 39672 
102.877049 39672 
102.892279 39922 
102.907497 39922 
102.922704 40000 
102.937921 40000 
102.946081 40000 
102.962290 40000 
102.978498 40000 
102.994723 40000 
103.010930 40000 
103.027140 40000 
103.044503 40000 
103.053566 40000 
103.071662 40000 
103.089740 40000 
103.107821 40000 
103.125917 40000 
103.144016 40000 
103.162097 40000 
103.180191 40000 
103.198272 40000 
103.216351 40000 
103.234446 40000 
103.253527 40000 
103.272618 40000 
103.291700 40000 
103.310784 40000 
103.329910 40000 
103.349008 40000 
103.368089 40000 
103.387197 40000 
103.406291 40000 
103.426376 40000 
103.446551 40000 
103.457681 40000 
103.479827 40000 
103.501979 40000 
103.524127 40000 
103.546281 40000 
103.569528 40000 
103.581659 40000 
103.593844 40000 
103.618079 40000 
103.642310 40000 
103.666531 40000 
103.690889 40000 
103.703005 40000 
103.728119 40000 
103.753230 40000 
103.766398 40000 
103.792629 40000 
103.819848 40000 
103.847065 40000 
103.874272 40000 
103.901482 40000 
103.928707 40000 
103.957036 40000 
103.972170 40000 
104.002300 40000 
104.032426 40000 
104.063689 40000 
104.079774 40000 
104.111866 40000 
104.143957 40000 
104.177048 40000 
104.210139 40000 
104.243238 40000 
104.277320 39750 
104.311413 39750 
104.345605 40000 
104.363711 39750 
104.400830 39750 
104.437962 39750 
104.476224 40000 
104.496355 39750 
104.537494 39750 
104.578772 39750 
104.599839 39904 
104.642933 39654 
104.687022 39654 
104.731114 39404 
104.776202 39404 
104.821300 39154 
104.867544 39404 
104.892683 39154 
104.943822 38904 
104.996083 39154 
105.023236 38904 
105.079418 38654 
105.136602 38404 
105.166782 38404 
105.229143 38404 
105.261244 38284 
105.327347 37784 
105.394568 38034 
105.429702 37534 
105.502878 37284 
105.541042 37034 
105.620321 36784 
105.661506 36534 
105.747831 36534 
105.792971 36034 
105.887238 36034 
105.936382 35284 
106.040602 34784 
106.096001 34784 
106.154115 34866 
106.216263 34116 
106.348565 34366 
106.418710 33616 
106.570844 32616 
106.730965 31616 
106.899101 30366 
106.997288 29866 
107.218631 28866 
107.341754 27616 
107.481922 26866 
107.817153 24116 
108.200410 22116 
108.443597 20116 
109.159816 14616 
109.632986 10866 
110.349225 5866 
110.592402 4116 
110.787570 2616 
111.122804 250 
111.441037 250 
111.745264 250 
112.038491 250 
112.323715 250 
112.600940 250 
112.872169 250 
113.137398 250 
113.398622 250 
113.655853 250 
113.909078 250 
114.159300 250 
114.406523 250 
114.650743 250 
114.892960 250 
115.133183 250 
115.371400 250 
115.607632 250 
115.841855 250 
116.075082 250 
116.306307 250 
116.536534 250 
116.765754 250 
116.993981 250 
117.221200 250 
117.447428 250 
117.672649 250 
117.896867 250 
118.120097 250 
118.342329 250 
118.563564 250 
118.784787 250 
119.005004 250 
119.224227 250 
119.443454 250 
119.661671 250 
119.879889 250 
120.098092 250 
120.315318 250 
120.531544 250 
120.747769 250 
120.962993 250 
121.178202 250 
121.392428 250 
121.606655 250 
121.820875 250 
122.034111 250 
122.247334 250 
122.460568 250 
122.672787 250 
122.885014 250 
123.097239 250 
123.308465 250 
123.519692 250 
123.730926 250 
123.942168 250 
124.152424 250 
124.362649 250 
124.572893 250 
124.783121 250 
124.992349 250 
125.201581 250 
125.410816 250 
125.620057 250 
125.829280 250 
126.037497 250 
126.245719 250 
126.453945 250 
126.662172 250 
126.870407 250 
127.077623 250 
127.284849 250 
127.492072 250 
127.699304 250 
127.906542 250 
128.113787 250 
128.321022 250 
128.527258 250 
128.733485 250 
128.939708 250 
129.145934 250 
129.352160 250 
129.558389 250 
129.764625 250 
129.969859 250 
130.175098 250 
130.380340 250 
130.585571 250 
130.790801 250 
130.996036 250 
131.201263 250 
131.406490 250 
131.611717 250 
131.815950 250 
132.020183 250 
132.224415 250 
132.428652 250 
132.632886 250 
132.837119 250 
133.041329 250 
133.245553 250 
133.449773 250 
133.653983 250 
133.858218 250 
134.062455 250 
134.265687 250 
134.468931 250 
134.672160 250 
134.875395 250 
135.078634 250 
135.281869 250 
135.485122 250 
135.493319 500 
135.509538 500 
135.525774 750 
135.542013 750 
135.558245 1000 
135.574457 1000 
135.589666 1250 
135.604924 1250 
135.620155 1500 
135.635383 1500 
135.650613 1750 
135.665856 1750 
135.681067 2000 
135.696297 2000 
135.711509 2250 
135.726733 2250 
135.741952 2500 
135.757169 2500 
135.772402 2750 
135.787620 2750 
135.802848 3000 
135.818084 3000 
135.833311 3000 
135.848525 3250 
135.862742 3500 
135.876961 3500 
135.891179 3750 
135.905396 3750 
135.919616 4000 
135.933836 4000 
135.948056 4250 
135.962272 4250 
135.976488 4500 
135.990704 4500 
136.004916 4750 
136.019137 4750 
136.033348 5000 
136.047566 5000 
136.061776 5250 
136.075996 5250 
136.090229 5500 
136.104454 5500 
136.118683 5750 
136.132908 6000 
136.147146 6000 
136.161384 6250 
136.175609 6250 
136.189839 6500 
136.203053 6500 
136.216285 6750 
136.229498 6750 
136.242720 7000 
136.255961 7000 
136.269199 7250 
136.282434 7500 
136.295670 7500 
136.308900 7750 
136.322113 7750 
136.335352 8000 
136.348590 8000 
136.361827 8250 
136.375072 8250 
136.388296 8500 
136.401513 8750 
136.414728 8750 
136.427952 9000 
136.441194 9000 
136.454426 9250 
136.467672 9250 
136.480894 9500 
136.494125 9500 
136.507360 9750 
136.520602 10000 
136.533842 10000 
136.547071 10250 
136.560296 10250 
136.573525 10500 
136.586742 10500 
136.599955 10750 
136.613187 11000 
136.626395 11000 
136.638626 11250 
136.650872 11250 
136.663101 11500 
136.675333 11500 
136.687547 11750 
136.699784 12000 
136.712022 12000 
136.724246 12250 
136.736464 12250 
136.748678 12500 
136.760898 12750 
136.773136 12750 
136.785374 13000 
136.797606 13000 
136.809818 13250 
136.822054 13500 
136.834310 13500 
136.846541 13750 
136.858755 13750 
136.870975 14000 
136.883195 14250 
136.895428 14250 
136.907664 14500 
136.919890 14500 
136.932111 14750 
136.944331 14750 
136.956552 15000 
136.968772 15250 
136.980985 15250 
136.993205 15500 
137.005425 15500 
137.017656 15750 
137.029875 16000 
137.042089 16000 
137.054297 16250 
137.066512 16250 
137.078732 16500 
137.090951 16750 
137.103165 16750 
137.115376 17000 
137.127595 17000 
137.139814 17250 
137.152033 17500 
137.164254 17500 
137.176474 17750 
137.188693 17750 
137.200922 18000 
137.213142 18250 
137.225355 18250 
137.237574 18500 
137.248791 18500 
137.260011 18750 
137.271230 19000 
137.282445 19000 
137.293674 19250 
137.304910 19250 
137.316122 19500 
137.327341 19750 
137.338557 19750 
137.349769 20000 
137.360975 20250 
137.372196 20250 
137.383415 20500 
137.394641 20500 
137.405875 20750 
137.417103 21000 
137.428323 21000 
137.439536 21250 
137.450756 21500 
137.461976 21500 
137.474233 21750 
137.486446 21750 
137.498659 22000 
137.510868 22250 
137.523090 22250 
137.535311 22500 
137.547548 22500 
137.559783 22750 
137.572016 23000 
137.584255 23000 
137.596498 23250 
137.608734 23250 
137.620969 23500 
137.633202 23750 
137.645439 23750 
137.657674 24000 
137.669911 24000 
137.682136 24250 
137.694358 24250 
137.706574 24500 
137.718803 24750 
137.731039 24750 
137.743266 25000 
137.755501 25000 
137.767735 25250 
137.779963 25500 
137.792200 25500 
137.804412 25750 
137.816645 25750 
137.828880 26000 
137.841101 26250 
137.853338 26250 
137.865550 26500 
137.877784 26500 
137.890020 26750 
137.902207 27000 
137.914431 27000 
137.926647 27250 
137.938881 27250 
137.951116 27500 
137.963337 27500 
137.975564 27750 
137.987764 28000 
137.999976 28000 
138.012196 28250 
138.024441 28250 
138.036655 28500 
138.048877 28750 
138.061110 28750 
138.073345 29000 
138.086562 29000 
138.099797 29250 
138.113027 29500 
138.126201 29500 
138.139405 29750 
138.152618 29750 
138.165839 30000 
138.179073 30000 
138.192308 30250 
138.205539 30250 
138.218773 30500 
138.231986 30750 
138.245237 30750 
138.250409 31000 
138.260614 31250 
138.270834 31250 
138.281065 31500 
138.291292 31750 
138.301510 31750 
138.311739 32000 
138.321970 32250 
138.332178 32250 
138.342389 32500 
138.352611 32750 
138.362844 32750 
138.373059 33000 
138.383382 33250 
138.388485 33250 
138.398618 33500 
138.408778 33750 
138.418892 33750 
138.429047 34000 
138.439210 34250 
138.450349 34250 
138.461481 34500 
138.472631 34750 
138.483771 34750 
138.494904 35000 
138.506054 35000 
138.517195 35250 
138.528351 35500 
138.539485 35500 
138.550625 35750 
138.561767 36000 
138.572903 36000 
138.584036 36250 
138.595186 36250 
138.606324 36500 
138.617455 36750 
138.628606 36750 
138.639747 37000 
138.650889 37250 
138.662034 37250 
138.673178 37500 
138.684336 37500 
138.695461 37750 
138.706602 38000 
138.718747 38000 
138.730905 38250 
138.743048 38500 
138.755201 38500 
138.762373 38750 
138.776593 38750 
138.790807 39000 
138.805038 39000 
138.819248 39250 
138.833454 39250 
138.847661 39500 
138.861876 39750 
138.876236 40000 
138.883313 40000 
138.897397 40000 
138.911491 40000 
138.925604 40000 
138.939716 40000 
138.954813 40000 
138.969917 40000 
138.985007 40000 
139.000097 40000 
139.015194 40000 
139.030296 40000 
139.045388 40000 
139.060470 40000 
139.075566 40000 
139.090671 40000 
139.105761 40000 
139.120851 40000 
139.135954 40000 
139.144129 40000 
139.161359 40000 
139.178559 40000 
139.195767 40000 
139.212974 40000 
139.230187 40000 
139.247395 40000 
139.264633 40000 
139.273788 40000 
139.291995 40000 
139.310201 40000 
139.328435 40000 
139.347661 40000 
139.366892 40000 
139.386245 40000 
139.396346 40000 
139.416462 40000 
139.436571 40000 
139.456688 40000 
139.476807 40000 
139.496911 40000 
139.518029 40000 
139.539133 40000 
139.560249 40000 
139.581365 40000 
139.602474 40000 
139.623601 40000 
139.644826 40000 
139.655933 40000 
139.679059 40000 
139.702197 40000 
139.725307 40000 
139.748412 40000 
139.771525 40000 
139.794653 40000 
139.818765 40000 
139.842878 40000 
139.866998 40000 
139.891126 40000 
139.915253 40000 
139.940379 40000 
139.965505 40000 
139.990631 40000 
140.015760 40000 
140.040890 40000 
140.067016 40000 
140.093143 40000 
140.119265 40000 
140.145366 40000 
140.172502 40000 
140.188657 40000 
140.220866 40000 
140.253074 40000 
140.286415 40000 
140.303535 39880 
140.337624 39880 
140.372705 39880 
140.407775 39880 
140.442843 39880 
140.478912 39880 
140.515006 39630 
140.551102 39630 
140.588169 39630 
140.625263 39630 
140.663368 39630 
140.684548 39808 
140.727735 39558 
140.770939 39558 
140.815146 39308 
140.859359 39308 
140.904563 39058 
140.949769 39058 
140.995972 38808 
141.043176 38808 
141.090387 38558 
141.116577 38558 
141.170804 38558 
141.226062 38308 
141.255240 38308 
141.315503 38058 
141.346700 38058 
141.410930 37808 
141.476153 37308 
141.510311 37308 
141.580574 37058 
141.616758 37058 
141.692160 37058 
141.731263 36616 
141.772443 36616 
141.858674 36116 
141.903830 35866 
141.998057 35366 
142.047396 35366 
142.099441 35294 
142.154598 35044 
142.271855 34294 
142.334177 34294 
142.400242 33996 
142.542346 32996 
142.618531 32496 
142.700689 32246 
142.880908 30996 
142.979114 30246 
143.088460 29996 
143.211520 29102 
143.351808 28352 
143.514940 27804 
143.710115 26554 
144.226355 22554 
144.894610 17054 
145.410939 14304 
145.732115 11554 
145.975308 9554 
146.381554 6554 
146.764799 3554 
147.148029 554 
147.500304 250 
147.609489 250 
147.808724 250 
147.999958 250 
148.185191 250 
148.364425 250 
148.539651 250 
148.710882 250 
148.878113 250 
149.042351 250 
149.203579 250 
149.361812 250 
149.518038 250 
149.672266 250 
149.824498 250 
149.974723 250 
150.122956 250 
150.270188 250 
150.415401 250 
150.559623 250 
150.702846 250 
150.845122 250 
150.878319 250 
150.942554 250 
151.005784 250 
151.068010 250 
151.129232 250 
151.189473 250 
151.248716 250 
151.307950 250 
151.366183 250 
151.423412 250 
151.480637 250 
151.536860 250 
151.593082 250 
151.648307 66 
