0.000038 250 
0.090336 500 
0.172575 750 
0.248838 1000 
0.319103 1250 
0.385288 1500 
0.447566 1750 
0.505818 2000 
0.560984 2250 
0.613222 2500 
0.662465 2750 
0.709693 3000 
0.754951 3250 
0.798197 3500 
0.839410 3750 
0.878668 4000 
0.916965 4250 
0.953202 4500 
0.988455 4750 
1.022663 5000 
1.055911 5250 
1.088145 5500 
1.119395 5750 
1.149625 6000 
1.178861 6250 
1.207098 6500 
1.234303 6750 
1.260535 7000 
1.286757 7250 
1.311921 7500 
1.336163 7750 
1.360379 8000 
1.383626 8250 
1.406802 8500 
1.429015 8750 
1.451228 9000 
1.472490 9250 
1.493725 9500 
1.513978 9750 
1.534184 10000 
1.553434 10250 
1.572638 10500 
1.591827 10750 
1.610056 11000 
1.628245 11250 
1.646486 11500 
1.663731 11750 
1.680898 12000 
1.698092 12250 
1.714337 12500 
1.730563 12750 
1.746775 13000 
1.763001 13250 
1.778153 13500 
1.793328 13750 
1.808496 13750 
1.823672 14000 
1.837825 14000 
1.851982 14250 
1.866138 14250 
1.880292 14500 
1.894446 14500 
1.907594 14750 
1.920743 14750 
1.933922 15000 
1.947144 15250 
1.960298 15250 
1.972458 15500 
1.984621 15500 
1.996765 15750 
2.008918 16000 
2.021075 16000 
2.033231 16250 
2.045381 16250 
2.056538 16500 
2.067710 16750 
2.078880 16750 
2.090045 17000 
2.101224 17000 
2.112403 17250 
2.123550 17500 
2.133705 17500 
2.143883 17750 
2.154062 18000 
2.164242 18000 
2.174414 18250 
2.184576 18500 
2.194755 18500 
2.204934 18750 
2.215106 19000 
2.224282 19000 
2.233471 19250 
2.242622 19500 
2.251799 19500 
2.260985 19750 
2.270139 20000 
2.279328 20000 
2.288497 20250 
2.297686 20500 
2.306824 20750 
2.316002 20750 
2.325180 21000 
2.334357 21250 
2.343532 21250 
2.352682 21500 
2.362837 21750 
2.373016 21750 
2.383191 22000 
2.393337 22250 
2.403484 22250 
2.413635 22500 
2.423779 22750 
2.433958 22750 
2.444123 23000 
2.455283 23250 
2.466457 23250 
2.477648 23500 
2.488810 23750 
2.499983 23750 
2.511125 24000 
2.522281 24000 
2.534433 24250 
2.546620 24500 
2.558772 24500 
2.570934 24750 
2.583086 24750 
2.595235 25000 
2.607389 25250 
2.620538 25250 
2.633687 25500 
2.646868 25500 
2.660031 25750 
2.673210 25750 
2.687373 26000 
2.701543 26000 
2.715725 26250 
2.729898 26250 
2.744061 26500 
2.759246 26500 
2.774403 26750 
2.789559 26750 
2.804722 27000 
2.820902 27000 
2.837061 27250 
2.853218 27250 
2.869368 27500 
2.886524 27500 
2.903679 27750 
2.920825 27750 
2.939004 28000 
2.957182 28000 
2.975354 28000 
2.994517 28250 
3.013678 28250 
3.032853 28250 
3.053024 28500 
3.073184 28500 
3.094355 28500 
3.115522 28750 
3.137685 28750 
3.159849 28750 
3.183007 28750 
3.206166 29000 
3.230332 29000 
3.254508 29000 
3.279682 29000 
3.305850 29000 
3.332008 29000 
3.359170 29000 
3.387326 29250 
3.416489 29250 
3.446649 29250 
3.477812 29250 
3.509973 29000 
3.543130 29000 
3.577290 29000 
3.612450 29000 
3.648616 29000 
3.686790 29000 
3.725970 28750 
3.767145 28750 
3.810318 28500 
3.855501 28500 
3.902672 28250 
3.951839 28250 
4.004015 28000 
4.059188 27750 
4.117369 27500 
4.179543 27250 
4.245724 27000 
4.315893 26750 
4.392060 26250 
4.474246 25750 
4.564427 25250 
4.662605 24750 
4.771785 24000 
4.894982 23250 
5.036209 22500 
5.199373 21250 
5.394574 20000 
5.637787 18250 
5.881138 16750 
6.076308 15958 
6.239432 14208 
6.379606 13458 
6.502781 12708 
6.611952 11958 
6.710138 11458 
6.800348 10958 
6.882772 10708 
6.958860 10766 
7.029170 10016 
7.095275 10242 
7.157389 9492 
7.215697 9742 
7.270823 8992 
7.323131 9242 
7.372223 8742 
7.419570 8742 
7.464710 8920 
7.507830 8420 
7.549007 8420 
7.588332 8670 
7.626440 8170 
7.662612 8170 
7.697916 8420 
7.732039 8372 
7.765241 8372 
7.797416 8372 
7.828584 8372 
7.858859 8622 
7.887988 8372 
7.916186 8372 
7.943372 8372 
7.969586 8622 
7.995695 8372 
8.020854 8372 
8.045008 8372 
8.069243 8622 
8.092352 8800 
8.115519 8800 
8.137686 8800 
8.159855 8800 
8.181027 9050 
8.202185 9050 
8.222390 9050 
8.242572 9300 
8.261767 9300 
8.280940 9300 
8.300110 9550 
8.318283 9550 
8.336457 9800 
8.354642 9800 
8.371805 9800 
8.388967 10050 
8.406129 10050 
8.422307 10300 
8.438483 10300 
8.454662 10550 
8.470823 10550 
8.485977 10800 
8.501134 10800 
8.516283 11050 
8.531450 11050 
8.545597 11300 
8.559762 11300 
8.573928 11550 
8.588100 11550 
8.602262 11800 
8.615421 11800 
8.628575 12050 
8.641727 12050 
8.654904 12300 
8.668074 12550 
8.680244 12550 
8.692394 12800 
8.704538 12800 
8.716715 13050 
8.728887 13300 
8.741056 13300 
8.753203 13550 
8.764364 13550 
8.775514 13800 
8.786652 14050 
8.797810 14050 
8.808970 14300 
8.820149 14300 
8.831322 14550 
8.841488 14800 
8.851655 14800 
8.861819 15050 
8.872004 15300 
8.882161 15300 
8.892331 15550 
8.902479 15800 
8.912636 15800 
8.922779 16050 
8.931931 16300 
8.941089 16300 
8.950260 16550 
8.959433 16800 
8.968594 17050 
8.977777 17050 
8.986939 17300 
8.996117 17550 
9.005289 17550 
9.014451 17800 
9.023627 18050 
9.032798 18050 
9.040958 18300 
9.049135 18550 
9.057271 18800 
9.065427 18800 
9.073604 19050 
9.081783 19300 
9.089961 19300 
9.098137 19550 
9.106282 19800 
9.114428 20050 
9.122577 20050 
9.130740 20300 
9.138884 20550 
9.147008 20800 
9.155151 20800 
9.163352 21050 
9.171523 21300 
9.179701 21300 
9.187977 21550 
9.196130 21800 
9.204305 22050 
9.213471 22050 
9.222631 22300 
9.231804 22550 
9.240971 22550 
9.250138 22800 
9.259326 23050 
9.268499 23300 
9.277659 23300 
9.286816 23550 
9.295997 23800 
9.305182 23800 
9.314348 24050 
9.324531 24300 
9.334716 24300 
9.344891 24550 
9.355059 24800 
9.365246 24800 
9.375419 25050 
9.385592 25300 
9.395774 25300 
9.405941 25550 
9.417109 25800 
9.428268 25800 
9.439428 26050 
9.450593 26050 
9.461759 26300 
9.472918 26550 
9.484100 26550 
9.496266 26800 
9.508441 27050 
9.520617 27050 
9.532775 27300 
9.544942 27300 
9.557116 27550 
9.569296 27550 
9.582460 27800 
9.595616 28050 
9.608788 28050 
9.621955 28300 
9.635124 28300 
9.649291 28550 
9.663457 28550 
9.677622 28800 
9.691790 28800 
9.705957 29050 
9.721116 29050 
9.736277 29300 
9.751432 29300 
9.766598 29550 
9.782757 29550 
9.798924 29800 
9.815093 29800 
9.831266 30050 
9.848457 30050 
9.865635 30300 
9.882815 30300 
9.900994 30300 
9.919173 30550 
9.937352 30550 
9.956531 30800 
9.975732 30800 
9.994898 30800 
10.015077 31050 
10.035258 31050 
10.056437 31050 
10.077615 31300 
10.099789 31300 
10.121954 31300 
10.145120 31300 
10.168277 31550 
10.192428 31550 
10.216591 31550 
10.241747 31550 
10.267912 31550 
10.294078 31550 
10.321243 31550 
10.349408 31550 
10.378574 31800 
10.408731 31800 
10.439898 31550 
10.472055 31550 
10.505214 31550 
10.539375 31550 
10.574533 31550 
10.610701 31550 
10.648867 31550 
10.688033 31300 
10.729192 31300 
10.772359 31050 
10.817519 31050 
10.864673 30800 
10.913840 30800 
10.966008 30550 
11.021175 30300 
11.079357 30050 
11.141519 29800 
11.207702 29550 
11.277883 29300 
11.354068 28800 
11.436227 28300 
11.526400 27800 
11.624563 27300 
11.733745 26550 
11.856911 25800 
11.997083 25050 
12.160267 23800 
12.355437 22550 
12.598616 20800 
12.919792 18300 
13.392977 14550 
13.714155 12050 
13.957356 10300 
14.152592 9050 
14.315796 7800 
14.455980 7050 
14.579205 6050 
14.688390 5550 
14.786578 5050 
14.876748 4550 
14.958929 4050 
15.035104 3550 
15.105296 3300 
15.171467 3050 
15.234679 2800 
15.292851 2550 
15.348023 2300 
15.400206 2050 
15.449373 1800 
15.496543 1800 
15.541717 1550 
15.584884 1550 
15.626062 1550 
15.665246 1300 
15.703415 1300 
15.739587 1300 
15.774760 1300 
15.808941 1300 
15.842108 1050 
15.874288 1050 
15.905469 1050 
15.935649 1050 
15.964830 1050 
15.993009 1050 
16.020190 1050 
16.046363 1300 
16.072518 1300 
16.097699 1300 
16.121873 1300 
16.146054 1300 
16.169235 1300 
16.192414 1550 
16.214604 1550 
16.236767 1550 
16.257931 1800 
16.279095 1800 
16.299263 1800 
16.319437 1800 
16.338593 2050 
16.357757 2050 
16.376927 2300 
16.395082 2300 
16.413245 2300 
16.431404 2550 
16.448559 2550 
16.465714 2800 
16.482877 2800 
16.499033 3050 
16.515189 3050 
16.531318 3050 
16.547486 3300 
16.562642 3300 
16.577838 3550 
16.593002 3550 
16.608161 3800 
16.622322 3800 
16.636482 4050 
16.650643 4050 
16.664803 4300 
16.678973 4550 
16.692136 4550 
16.705311 4800 
16.718480 4800 
16.731647 5050 
16.744817 5050 
16.756985 5300 
16.769166 5300 
16.781345 5550 
16.793514 5800 
16.805685 5800 
16.817844 6050 
16.830011 6050 
16.841179 6300 
16.852346 6550 
16.863506 6550 
16.874664 6800 
16.885831 7050 
16.897008 7050 
16.908167 7300 
16.918335 7550 
16.928507 7550 
16.938684 7800 
16.948852 8050 
16.959020 8050 
16.969187 8300 
16.979323 8300 
16.989498 8550 
16.999663 8800 
17.008838 9050 
17.018007 9050 
17.027163 9300 
17.036337 9550 
17.045516 9550 
17.054699 9800 
17.063864 10050 
17.073040 10050 
17.082214 10300 
17.091384 10550 
17.100557 10550 
17.109717 10800 
17.117875 11050 
17.126048 11300 
17.134223 11300 
17.142382 11550 
17.150541 11800 
17.158715 12050 
17.166891 12050 
17.175066 12300 
17.183240 12550 
17.191425 12550 
17.199590 12800 
17.207748 13050 
17.215922 13300 
17.223097 13300 
17.230264 13550 
17.237420 13800 
17.244596 14050 
17.251771 14050 
17.258947 14300 
17.273176 14550 
17.280352 14550 
17.287522 14800 
17.294687 15050 
17.301846 15300 
17.309006 15550 
17.316183 15550 
17.323310 15800 
17.330467 16050 
17.337651 16300 
17.344834 16300 
17.352010 16550 
17.365272 16800 
17.371437 16800 
17.377609 17050 
17.383785 17300 
17.389945 17550 
17.396119 17800 
17.402293 17800 
17.408467 18050 
17.414635 18300 
17.420793 18550 
17.426968 18800 
17.433144 18800 
17.439323 19050 
17.445501 19300 
17.451679 19550 
17.457848 19800 
17.464018 19800 
17.470190 20050 
17.476364 20300 
17.482517 20550 
17.494744 20550 
17.500933 20800 
17.507097 21050 
17.513255 21300 
17.519435 21300 
17.525613 21550 
17.531788 21800 
17.537960 22050 
17.544130 22300 
17.550300 22300 
17.556474 22550 
17.562647 22800 
17.568814 23050 
17.574974 23300 
17.587191 23300 
17.593374 23550 
17.599555 23800 
17.606742 24050 
17.613912 24050 
17.621084 24300 
17.628255 24550 
17.642483 24550 
17.649650 24800 
17.656833 25050 
17.664001 25300 
17.671162 25300 
17.678335 25550 
17.685518 25800 
17.692695 26050 
17.699856 26050 
17.707022 26300 
17.714204 26550 
17.721392 26800 
17.735628 26800 
17.742795 27050 
17.750981 27300 
17.759176 27300 
17.775412 27550 
17.783583 27800 
17.791743 27800 
17.799917 28050 
17.808098 28300 
17.816273 28550 
17.824433 28550 
17.832615 28800 
17.840790 29050 
17.848973 29300 
17.857149 29300 
17.866323 29550 
17.875494 29800 
17.884652 29800 
17.893824 30050 
17.902992 30300 
17.912176 30300 
17.921351 30550 
17.930523 30800 
17.939683 30800 
17.948839 31050 
17.958020 31300 
17.967198 31550 
17.977356 31550 
17.987535 31800 
17.997701 32050 
18.007866 32050 
18.018045 32300 
18.028244 32550 
18.038413 32550 
18.048590 32800 
18.058770 33050 
18.069953 33050 
18.081129 33300 
18.092306 33300 
18.103462 33550 
18.114642 33800 
18.125818 33800 
18.136987 34050 
18.149246 34300 
18.161332 34300 
18.173495 34550 
18.185680 34550 
18.197854 34800 
18.210024 34800 
18.222203 35050 
18.247422 35050 
18.260590 35300 
18.273746 35300 
18.286904 35550 
18.300072 35550 
18.314248 35800 
18.328415 36050 
18.342600 36050 
18.356768 36300 
18.370952 36300 
18.386128 36550 
18.401297 36550 
18.416466 36800 
18.431634 36800 
18.447808 37050 
18.463976 37050 
18.480143 37050 
18.496312 37300 
18.513495 37300 
18.530663 37550 
18.547827 37550 
18.565999 37800 
18.584176 37800 
18.602351 37800 
18.621520 38050 
18.640698 38050 
18.659858 38050 
18.680026 38300 
18.700189 38300 
18.721347 38300 
18.742517 38550 
18.764688 38550 
18.786858 38550 
18.810026 38550 
18.833203 38800 
18.857401 38800 
18.881587 38800 
18.906775 38800 
18.932952 38800 
18.959123 38800 
18.986314 39050 
19.014484 39050 
19.043663 39050 
19.073838 39050 
19.105016 39050 
19.137184 39050 
19.170355 38800 
19.204529 38800 
19.239700 38800 
19.275870 38800 
19.314046 38800 
19.353245 38550 
19.394410 38550 
19.437576 38550 
19.482752 38300 
19.529930 38050 
19.579108 38050 
19.631278 37800 
19.686460 37550 
19.744649 37300 
19.806827 37050 
19.873005 36800 
19.943183 36550 
20.019361 36050 
20.101536 35550 
20.191715 35050 
20.289901 34550 
20.399078 34050 
20.522257 33050 
20.662437 32300 
20.825613 31050 
21.020785 29800 
21.263966 28050 
21.585148 25550 
22.058333 21800 
22.958519 14550 
23.371771 11300 
24.271961 4050 
24.745150 550 
25.066335 250 
25.309516 250 
25.504697 250 
25.667874 250 
25.808048 250 
25.931224 250 
26.040398 250 
26.138585 250 
26.228756 250 
26.310926 250 
26.387090 250 
26.457269 250 
26.523447 250 
26.585623 250 
26.643792 250 
26.698963 250 
26.751134 250 
26.800317 250 
26.847488 250 
26.892662 250 
26.935832 250 
26.977004 250 
27.016174 250 
27.054337 250 
27.090507 250 
27.125676 250 
27.159853 250 
27.193040 250 
27.225208 250 
27.257488 250 
27.287657 250 
27.316834 250 
27.345011 250 
27.372180 250 
27.398350 250 
27.424527 250 
27.449706 250 
27.473868 500 
27.498029 500 
27.521197 500 
27.544384 500 
27.566554 750 
27.588723 750 
27.609908 750 
27.631085 750 
27.651247 1000 
27.671407 1000 
27.690575 1000 
27.709743 1250 
27.746969 1250 
27.765142 1250 
27.783322 1250 
27.801505 1500 
27.836729 1500 
27.853888 1500 
27.871065 1500 
27.887241 1750 
27.903406 1750 
27.919568 2000 
27.935740 2000 
27.950906 2250 
27.966083 2250 
27.981250 2500 
27.996428 2500 
28.010595 2750 
28.024771 2750 
28.038939 3000 
28.053116 3000 
28.067284 3250 
28.094533 3250 
28.107705 3500 
28.120878 3500 
28.134044 3750 
28.147220 3750 
28.159383 4000 
28.171544 4000 
28.183698 4250 
28.195873 4500 
28.208048 4500 
28.220214 4750 
28.232385 4750 
28.255595 5000 
28.266772 5000 
28.277939 5250 
28.289143 5250 
28.300323 5500 
28.311498 5750 
28.322671 5750 
28.332846 6000 
28.343002 6250 
28.353162 6250 
28.363330 6500 
28.373498 6750 
28.383670 6750 
28.393833 7000 
28.403998 7250 
28.414164 7250 
28.423321 7500 
28.432499 7750 
28.441664 7750 
28.450829 8000 
28.459999 8250 
28.469247 8500 
28.478349 8500 
28.487517 8750 
28.496684 9000 
28.505858 9000 
28.515010 9250 
28.524175 9500 
28.532355 9500 
28.540522 9750 
28.548698 10000 
28.556876 10250 
28.565059 10250 
28.573213 10500 
28.581390 10750 
28.589571 10750 
28.597749 11000 
28.605920 11250 
28.614092 11500 
28.630310 11500 
28.638466 11750 
28.645639 12000 
28.652811 12000 
28.659983 12250 
28.667155 12500 
28.674328 12750 
28.681502 12750 
28.688667 13000 
28.695823 13250 
28.703001 13500 
28.710167 13500 
28.717344 13750 
28.724517 14000 
28.731695 14250 
28.738873 14500 
28.746037 14500 
28.753216 14750 
28.760393 15000 
28.767570 15250 
28.773737 15250 
28.779908 15500 
28.786072 15750 
28.792251 16000 
28.798428 16250 
28.804609 16250 
28.810802 16500 
28.823026 16750 
28.829240 17000 
28.835321 17000 
28.841469 17250 
28.847625 17500 
28.853782 17750 
28.859938 17750 
28.866100 18000 
28.872273 18250 
28.878438 18500 
28.884607 18750 
28.890765 18750 
28.896927 19000 
28.903099 19250 
28.909264 19500 
28.915433 19750 
28.921587 19750 
28.926756 20000 
28.931900 20250 
28.937048 20500 
28.942193 20750 
28.948363 21000 
28.954529 21000 
28.960705 21250 
28.966852 21500 
28.973013 21750 
28.979200 21750 
28.985363 22000 
28.991516 22250 
28.997676 22500 
29.003829 22750 
29.009996 22750 
29.016174 23000 
29.022344 23250 
29.028495 23500 
29.034649 23750 
29.040812 23750 
29.046966 24000 
29.053143 24250 
29.059305 24500 
29.065465 24750 
29.071644 24750 
29.077818 25000 
29.083997 25250 
29.090161 25500 
29.097315 25750 
29.104479 25750 
29.111646 26000 
29.118792 26250 
29.125955 26500 
29.133119 26500 
29.140298 26750 
29.147468 27000 
29.154644 27250 
29.168851 27250 
29.176020 27500 
29.183177 27750 
29.190341 27750 
29.197510 28000 
29.204674 28250 
29.211836 28500 
29.218987 28750 
29.226154 28750 
29.234330 29000 
29.242494 29250 
29.250651 29250 
29.258805 29500 
29.266969 29750 
29.275123 30000 
29.283313 30000 
29.291465 30250 
29.299626 30500 
29.307799 30750 
29.315978 30750 
29.324147 31000 
29.332310 31250 
29.341490 31250 
29.350653 31500 
29.359816 31750 
29.368999 32000 
29.378180 32000 
29.387321 32250 
29.396487 32500 
29.405665 32500 
29.414842 32750 
29.423989 33000 
29.433154 33000 
29.442332 33250 
29.452508 33500 
29.462679 33500 
29.472858 33750 
29.483032 34000 
29.493202 34000 
29.503377 34250 
29.513551 34500 
29.523721 34500 
29.533898 34750 
29.545094 35000 
29.556262 35000 
29.567423 35250 
29.578576 35500 
29.589734 35500 
29.600890 35750 
29.612047 35750 
29.624204 36000 
29.636356 36250 
29.648521 36250 
29.660680 36500 
29.672844 36500 
29.684998 36750 
29.697154 37000 
29.710312 37000 
29.723465 37250 
29.736627 37250 
29.749788 37500 
29.762940 37500 
29.777102 37750 
29.791258 37750 
29.805419 38000 
29.819578 38000 
29.833733 38250 
29.848882 38500 
29.864038 38500 
29.879190 38500 
29.894339 38750 
29.910502 38750 
29.926659 39000 
29.942817 39000 
29.958970 39250 
29.976136 39250 
29.993290 39500 
30.010458 39500 
30.028619 39750 
30.046778 39750 
30.064931 39750 
30.084093 40000 
30.103258 40000 
30.122426 40000 
30.142589 40000 
30.162755 40000 
30.183922 40000 
30.205092 40000 
30.227249 40000 
30.249420 40000 
30.272583 40000 
30.295747 40000 
30.319913 40000 
30.344076 40000 
30.369242 40000 
30.395401 40000 
30.421561 40000 
30.448720 40000 
30.476879 40000 
30.506033 40000 
30.536193 40000 
30.567352 40000 
30.599507 39750 
30.632663 39750 
30.666821 39750 
30.701980 39750 
30.738139 39750 
30.776297 39750 
30.815457 39500 
30.856608 39500 
30.899765 39250 
30.944925 39250 
30.992082 39000 
31.041234 39000 
31.093392 38750 
31.148552 38500 
31.206712 38250 
31.268871 38000 
31.335035 37750 
31.405201 37500 
31.481370 37000 
31.563539 36500 
31.653697 36000 
31.751863 35500 
31.861024 34750 
31.984200 34000 
32.124361 33250 
32.287517 32000 
32.482668 30750 
32.725831 29000 
33.047012 26500 
33.520202 22750 
34.420391 15500 
34.833652 12250 
35.733837 5000 
36.207013 1500 
36.528188 250 
36.771370 250 
36.966555 250 
37.129743 250 
37.269908 250 
37.393069 250 
37.502251 250 
37.600434 250 
37.690615 250 
37.772797 250 
37.848979 250 
37.919162 250 
37.985351 250 
38.047528 250 
38.105713 250 
38.160890 250 
38.213048 250 
38.262229 250 
38.309413 250 
38.354588 250 
38.397747 250 
38.438905 250 
38.478073 250 
38.516246 250 
38.552428 250 
38.587609 250 
38.621789 250 
38.654979 250 
38.687123 250 
38.718283 250 
38.748446 250 
38.777607 250 
38.805796 250 
38.832961 250 
38.859127 250 
38.885295 250 
38.910460 250 
38.934624 500 
38.958787 500 
38.981961 500 
39.005142 500 
39.027323 750 
39.049504 750 
39.070686 750 
39.091867 750 
39.112037 1000 
39.132203 1000 
39.151367 1000 
39.170533 1250 
39.189709 1250 
39.207886 1500 
39.226050 1500 
39.244215 1500 
39.261396 1750 
39.278571 1750 
39.295741 2000 
39.311906 2000 
39.328085 2250 
39.344248 2250 
39.360413 2250 
39.375566 2500 
39.390715 2500 
39.405870 2750 
39.421035 2750 
39.435199 3000 
39.449365 3000 
39.477597 3250 
39.491750 3250 
39.505910 3500 
39.519083 3500 
39.532246 3750 
39.558468 3750 
39.571635 3750 
39.584809 4000 
39.596971 4250 
39.609141 4250 
39.621312 4500 
39.633482 4500 
39.645662 4750 
39.657824 5000 
39.669975 5000 
39.681137 5250 
39.703353 5250 
39.714533 5500 
39.725692 5500 
39.736871 5750 
39.748031 6000 
39.759189 6000 
39.769344 6250 
39.779523 6250 
39.789677 6500 
39.799842 6750 
39.810027 6750 
39.820214 7000 
39.830386 7250 
39.840558 7250 
39.850744 7500 
39.859923 7750 
39.869115 8000 
39.887324 8000 
39.896496 8250 
39.905669 8250 
39.914845 8500 
39.924023 8750 
39.933197 8750 
39.942362 9000 
39.951539 9250 
39.960699 9250 
39.969879 9500 
39.978050 9750 
39.986221 10000 
39.994395 10000 
40.002560 10250 
40.010725 10500 
40.026936 10500 
40.035112 10750 
40.043277 11000 
40.051453 11000 
40.059614 11250 
40.067778 11500 
40.075943 11750 
40.084108 11750 
40.091305 12000 
40.098489 12250 
40.105669 12500 
40.112834 12500 
40.120013 12750 
40.127177 13000 
40.134356 13250 
40.141523 13250 
40.148692 13500 
40.155855 13750 
40.163034 14000 
40.177243 14000 
40.184407 14250 
40.198621 14500 
40.212837 14500 
40.220014 14750 
40.234237 14750 
40.241416 15000 
40.247599 15250 
40.253755 15500 
40.259937 15500 
40.266099 15750 
40.272264 16000 
40.284472 16250 
40.290650 16250 
40.296822 16500 
40.302978 16750 
40.309142 17000 
40.321358 17000 
40.327535 17250 
40.333704 17500 
40.345920 17750 
40.352079 17750 
40.358227 18000 
40.370437 18250 
40.376590 18500 
40.382750 18500 
40.388895 18750 
40.395045 19000 
40.401200 19250 
40.413418 19250 
40.419580 19500 
40.424725 19750 
40.434930 20000 
40.445142 20000 
40.450304 20250 
40.460526 20500 
40.465704 20750 
40.475911 20750 
40.482093 21000 
40.488268 21250 
40.494450 21500 
40.506675 21500 
40.512852 21750 
40.519028 22000 
40.525192 22250 
40.537421 22250 
40.543609 22500 
40.549765 22750 
40.555920 23000 
40.568135 23000 
40.574295 23250 
40.580449 23500 
40.586606 23750 
40.592769 23750 
40.598946 24000 
40.611160 24250 
40.617338 24500 
40.629552 24500 
40.635695 24750 
40.641849 25000 
40.654064 25000 
40.660243 25250 
40.673419 25500 
40.686643 25500 
40.693821 25750 
40.708045 26000 
40.715202 26000 
40.722358 26250 
40.736576 26500 
40.743751 26500 
40.750928 26750 
40.765141 27000 
40.772306 27000 
40.779458 27250 
40.786619 27500 
40.800831 27500 
40.808001 27750 
40.822201 28000 
40.829358 28000 
40.836537 28250 
40.844716 28500 
40.860940 28500 
40.869104 28750 
40.877282 29000 
40.893492 29000 
40.901662 29250 
40.909851 29500 
40.926060 29500 
40.934238 29750 
40.942423 30000 
40.950610 30000 
40.958789 30250 
40.974991 30500 
40.984148 30500 
40.993311 30750 
41.002484 31000 
41.011649 31000 
41.020826 31250 
41.030004 31500 
41.039177 31500 
41.048349 31750 
41.057528 32000 
41.066701 32250 
41.075858 32250 
41.085036 32500 
41.095217 32750 
41.105374 32750 
41.115550 33000 
41.125720 33250 
41.135878 33250 
41.146056 33500 
41.156239 33750 
41.166429 33750 
41.176584 34000 
41.187743 34250 
41.198912 34250 
41.210076 34500 
41.221259 34500 
41.232430 34750 
41.243609 35000 
41.254788 35000 
41.266966 35250 
41.279156 35250 
41.291330 35500 
41.303487 35750 
41.315652 35750 
41.327815 36000 
41.339992 36000 
41.353180 36250 
41.366362 36500 
41.379542 36500 
41.392703 36750 
41.405886 36750 
41.420065 37000 
41.434247 37000 
41.448426 37250 
41.462601 37250 
41.476757 37500 
41.491931 37500 
41.507107 37750 
41.522267 37750 
41.537442 38000 
41.553615 38000 
41.569778 38250 
41.585952 38250 
41.602117 38500 
41.619318 38500 
41.636472 38750 
41.653636 38750 
41.671815 38750 
41.689986 39000 
41.708160 39000 
41.727353 39250 
41.746513 39250 
41.765664 39250 
41.785820 39500 
41.805989 39500 
41.827162 39500 
41.848318 39750 
41.870499 39750 
41.892673 39750 
41.915830 39750 
41.939011 40000 
41.963193 40000 
41.987374 40000 
42.012547 40000 
42.038713 40000 
42.064894 40000 
42.092076 40000 
42.120258 40000 
42.149439 40000 
42.179620 40000 
42.210801 40000 
42.242983 40000 
42.276164 40000 
42.310360 40000 
42.345545 40000 
42.381730 40000 
42.419898 39750 
42.459060 39750 
42.500221 39750 
42.543383 39500 
42.588537 39500 
42.635708 39250 
42.684874 39250 
42.737060 39000 
42.792241 38750 
42.850425 38500 
42.912608 38250 
42.978792 38000 
43.048967 37750 
43.125147 37250 
43.207346 36750 
43.297511 36250 
43.395678 35750 
43.504867 35000 
43.754097 33250 
43.894292 32250 
44.057479 31250 
44.252659 29750 
44.495846 28000 
44.817016 25750 
45.290191 22000 
46.190381 14750 
46.603622 11500 
47.503800 4250 
47.976971 500 
48.298167 250 
48.541351 250 
48.736517 250 
48.899678 250 
49.039839 250 
49.162996 250 
49.272154 250 
49.370324 250 
49.460488 250 
49.632701 250 
49.708866 250 
49.779036 250 
49.845200 250 
49.907365 250 
49.965532 250 
50.075746 250 
50.127905 250 
50.177078 250 
50.224259 250 
50.269438 250 
50.312622 250 
50.353785 250 
50.392971 250 
50.431134 250 
50.467305 250 
50.502477 250 
50.536643 250 
50.569812 250 
50.601979 250 
50.633143 250 
50.693385 250 
50.722565 250 
50.750735 250 
50.777899 250 
50.804066 250 
50.856283 250 
50.881453 250 
50.905608 500 
50.929762 500 
50.976985 250 
51.000147 250 
51.022324 500 
51.044497 500 
51.065663 500 
51.086838 750 
51.107001 750 
51.146220 750 
51.165392 750 
51.184571 750 
51.221788 750 
51.260636 750 
51.278809 750 
51.296979 1000 
51.314157 1000 
51.331311 1000 
51.348467 1250 
51.381696 1250 
51.397860 1250 
51.414017 1500 
51.445242 1500 
51.476459 1500 
51.507673 1500 
51.522829 1500 
51.537980 1750 
51.552138 1750 
51.566295 2000 
51.594510 2000 
51.608676 2000 
51.622856 2250 
51.650083 2250 
51.663233 2250 
51.676389 2500 
51.689540 2500 
51.714750 2750 
51.726911 2750 
51.739065 3000 
51.763283 3000 
51.775440 3250 
51.787602 3250 
51.799782 3500 
51.811962 3500 
51.835180 3750 
51.846355 3750 
51.857519 4000 
51.868700 4250 
51.890928 4250 
51.902084 4250 
51.913251 4500 
51.934475 4500 
51.955694 4750 
51.965878 4750 
51.986113 5000 
51.996299 5000 
52.006464 5250 
52.026691 5250 
52.036863 5500 
52.047044 5750 
52.066269 5750 
52.075444 6000 
52.084607 6000 
52.102831 6250 
52.121051 6250 
52.130209 6500 
52.148455 6500 
52.166672 6750 
52.184892 6750 
52.203101 6750 
52.221327 7000 
52.238554 7000 
52.246721 7250 
52.262950 7250 
52.279170 7500 
52.295393 7500 
52.303565 7750 
52.311720 8000 
52.319894 8000 
52.336106 8250 
52.352319 8250 
52.360492 8500 
52.376727 8750 
52.384904 8750 
52.400140 9000 
52.415376 9000 
52.422542 9250 
52.436780 9500 
52.451017 9500 
52.465252 9750 
52.479481 9750 
52.486645 10000 
52.500854 10000 
52.515075 10250 
52.529291 10250 
52.543507 10500 
52.557732 10750 
52.571967 10750 
52.586186 11000 
52.600407 11000 
52.607582 11250 
52.621796 11250 
52.635015 11500 
52.648250 11750 
52.661478 11750 
52.674711 12000 
52.687932 12000 
52.701159 12250 
52.714371 12250 
52.720545 12500 
52.732760 12750 
52.744969 12750 
52.751135 13000 
52.763310 13250 
52.775519 13250 
52.781690 13500 
52.793913 13750 
52.806125 13750 
52.818344 14000 
52.830572 14000 
52.836747 14250 
52.848974 14500 
52.861201 14500 
52.873418 14750 
52.885637 15000 
52.897849 15000 
52.909068 15250 
52.920297 15250 
52.931513 15500 
52.936686 15750 
52.946908 16000 
52.957119 16000 
52.967306 16250 
52.977564 16500 
52.987792 16500 
52.992969 16750 
53.003186 17000 
53.013395 17000 
53.023615 17250 
53.028778 17500 
53.038990 17750 
53.049189 17750 
53.054358 18000 
53.064571 18250 
53.074788 18250 
53.085012 18500 
53.095229 18750 
53.105449 18750 
53.110628 19000 
53.120852 19250 
53.131063 19250 
53.141269 19500 
53.151479 19750 
53.161677 19750 
53.171884 20000 
53.182087 20250 
53.192298 20250 
53.202508 20500 
53.212728 20750 
53.222944 20750 
53.228118 21000 
53.238319 21250 
53.243475 21500 
53.248606 21750 
53.258817 21750 
53.269024 22000 
53.279234 22000 
53.289431 22250 
53.294595 22500 
53.299748 22750 
53.309964 22750 
53.320181 23000 
53.330387 23250 
53.340601 23250 
53.345765 23500 
53.355974 23750 
53.361117 24000 
53.371351 24000 
53.381570 24250 
53.391783 24500 
53.401991 24500 
53.412204 24750 
53.422404 25000 
53.432611 25000 
53.443809 25250 
53.455017 25500 
53.466227 25500 
53.472390 25750 
53.484596 26000 
53.496815 26000 
53.509027 26250 
53.521242 26250 
53.533420 26500 
53.545625 26750 
53.557843 26750 
53.570054 27000 
53.582269 27000 
53.594478 27250 
53.606684 27500 
53.618902 27500 
53.631114 27750 
53.643316 27750 
53.655534 28000 
53.667739 28250 
53.679956 28250 
53.692172 28500 
53.704389 28500 
53.716601 28750 
53.729816 28750 
53.743022 29000 
53.750175 29250 
53.764406 29250 
53.778619 29500 
53.792836 29500 
53.807047 29750 
53.821261 29750 
53.828417 30000 
53.842631 30250 
53.856848 30250 
53.871060 30500 
53.885274 30500 
53.899484 30750 
53.913697 30750 
53.927905 31000 
53.935056 31250 
53.949281 31250 
53.964492 31500 
53.979700 31500 
53.994918 31750 
54.010124 31750 
54.025345 32000 
54.040553 32000 
54.055775 32250 
54.070992 32250 
54.079152 32500 
54.087322 32750 
54.103550 32750 
54.119786 32750 
54.136002 33000 
54.153209 33000 
54.170438 33250 
54.187650 33250 
54.196821 33500 
54.215031 33500 
54.224211 33750 
54.242438 33750 
54.260659 34000 
54.278872 34000 
54.297101 34250 
54.315318 34250 
54.333539 34250 
54.342696 34500 
54.361918 34500 
54.372083 34750 
54.392300 34750 
54.412514 35000 
54.422678 35000 
54.432833 35250 
54.453059 35250 
54.463214 35500 
54.484440 35500 
54.505650 35750 
54.526856 35750 
54.548084 35750 
54.569294 35750 
54.580455 36000 
54.602672 36000 
54.625887 36250 
54.649102 36250 
54.672320 36250 
54.695536 36250 
54.707682 36500 
54.719849 36500 
54.744082 36750 
54.769304 36750 
54.794534 36750 
54.819768 36750 
54.832937 37000 
54.846101 37000 
54.859270 37250 
54.886508 37250 
54.913731 37250 
54.940955 37250 
54.955126 37500 
54.984331 37500 
54.999490 37500 
55.014668 37750 
55.044948 37750 
55.076167 37750 
55.092316 37750 
55.124534 37750 
55.156749 37750 
55.189964 37750 
55.207130 37750 
55.241357 37750 
55.258530 38000 
55.293744 37750 
55.311908 38000 
55.349121 37750 
55.368292 38000 
55.387456 38000 
55.406647 38250 
55.426821 38250 
55.446990 38250 
55.468170 38500 
55.489351 38500 
55.511532 38500 
55.533713 38500 
55.578944 38500 
55.602123 38500 
55.626312 38500 
55.650497 38500 
55.675688 38750 
55.726924 38500 
55.753090 38500 
55.780271 38500 
55.808455 38500 
55.837638 38500 
55.867821 38500 
55.899003 38500 
55.931187 38500 
55.964368 38500 
55.998549 38500 
56.033730 38500 
56.069914 38250 
56.108091 38250 
56.147256 38250 
56.188431 38250 
56.231600 38000 
56.276766 38000 
56.368985 37500 
56.418162 37250 
56.470333 37000 
56.525503 36750 
56.583669 36500 
56.645839 36250 
56.712007 36000 
56.854229 35000 
56.930402 34750 
57.012585 34250 
57.102770 33750 
57.200957 33250 
57.310142 32500 
57.433328 31750 
57.573490 30750 
57.736654 29750 
57.931819 28250 
58.174991 26500 
58.496158 24250 
58.969327 20500 
59.869545 13250 
60.282797 10000 
61.182978 2750 
61.656160 250 
61.977332 250 
62.220504 250 
62.415672 250 
62.578860 250 
62.719045 250 
62.842234 250 
62.951415 250 
63.049598 250 
63.139788 250 
63.221953 250 
63.298137 250 
63.368321 250 
63.434506 250 
63.496692 250 
63.613931 250 
63.669114 250 
63.776342 250 
63.825524 250 
63.919758 250 
63.964939 250 
64.008123 250 
64.090343 250 
64.171580 250 
64.209760 250 
64.282981 250 
64.356208 250 
64.427437 250 
64.460649 250 
64.492856 250 
64.524031 250 
64.554211 250 
64.583391 250 
64.639615 250 
64.666821 250 
64.720038 250 
64.746219 250 
64.796454 250 
64.846672 250 
64.895891 250 
64.945100 250 
64.993319 250 
65.041537 250 
65.088755 250 
65.109921 250 
65.151142 250 
65.192361 250 
65.232606 250 
65.251782 250 
65.289992 250 
65.327222 250 
65.364442 250 
65.382626 250 
65.400799 250 
65.436011 250 
65.471239 250 
65.505483 250 
65.521659 250 
65.553862 250 
65.586072 250 
65.617301 250 
65.632481 500 
65.662705 500 
65.692932 500 
65.722152 500 
65.751380 500 
65.765555 500 
65.793773 500 
65.821991 500 
65.849258 750 
65.862382 750 
65.888505 750 
65.914625 750 
65.940758 750 
65.965896 1000 
65.991033 1000 
66.003213 1000 
66.027456 1250 
66.051688 1250 
66.075912 1250 
66.100160 1250 
66.124377 1250 
66.147594 1500 
66.170814 1500 
66.194036 1500 
66.217275 1500 
66.228440 1750 
66.250653 1750 
66.271887 1750 
66.293107 2000 
66.314344 2000 
66.335562 2000 
66.356781 2250 
66.377993 2250 
66.388166 2500 
66.408379 2500 
66.428597 2500 
66.447815 2750 
66.467023 2750 
66.476184 3000 
66.494398 3000 
66.512614 3000 
66.530823 3250 
66.549040 3250 
66.567254 3500 
66.585491 3500 
66.594674 3750 
66.612883 3750 
66.631114 3750 
66.648323 4000 
66.665537 4000 
66.682746 4250 
66.699963 4250 
66.717180 4500 
66.734397 4500 
66.751611 4500 
66.768816 4750 
66.786034 4750 
66.803243 5000 
66.820459 5000 
66.837694 5250 
66.854927 5250 
66.863100 5500 
66.878309 5500 
66.893528 5750 
66.908736 5750 
66.923944 6000 
66.939154 6000 
66.954372 6250 
66.969594 6250 
66.976751 6500 
66.990968 6500 
67.005191 6750 
67.019413 6750 
67.033629 7000 
67.047857 7250 
67.055033 7250 
67.069257 7500 
67.083479 7500 
67.090654 7750 
67.103878 8000 
67.117104 8000 
67.130328 8250 
67.143539 8250 
67.156760 8500 
67.169971 8500 
67.183179 8750 
67.196394 9000 
67.209613 9000 
67.215789 9250 
67.228032 9500 
67.240270 9500 
67.252486 9750 
67.264708 9750 
67.276932 10000 
67.289149 10000 
67.301358 10250 
67.313573 10500 
67.325783 10500 
67.331951 10750 
67.344178 11000 
67.356415 11000 
67.368640 11250 
67.380868 11250 
67.392098 11500 
67.403306 11750 
67.414510 11750 
67.425718 12000 
67.436942 12250 
67.448163 12250 
67.453342 12500 
67.463548 12750 
67.473757 12750 
67.483964 13000 
67.494190 13250 
67.504412 13250 
67.514620 13500 
67.524844 13750 
67.535065 13750 
67.545294 14000 
67.555507 14250 
67.565718 14250 
67.570884 14500 
67.581093 14750 
67.591352 14750 
67.601581 15000 
67.611803 15250 
67.622039 15250 
67.632261 15500 
67.642483 15750 
67.652719 15750 
67.662941 16000 
67.673176 16250 
67.683401 16250 
67.688566 16500 
67.698776 16750 
67.709010 17000 
67.718237 17000 
67.727444 17250 
67.731615 17500 
67.739836 17500 
67.748063 17750 
67.756275 18000 
67.764510 18250 
67.772745 18250 
67.780975 18500 
67.789185 18750 
67.797421 19000 
67.805658 19000 
67.809838 19250 
67.818062 19500 
67.826287 19750 
67.834523 19750 
67.842739 20000 
67.850945 20250 
67.859191 20250 
67.867413 20500 
67.875625 20750 
67.883859 21000 
67.892095 21000 
67.900318 21250 
67.908547 21500 
67.916783 21750 
67.925019 21750 
67.933222 22000 
67.941433 22250 
67.949669 22250 
67.957891 22500 
67.966120 22750 
67.974331 23000 
67.982566 23000 
67.991800 23250 
68.001035 23500 
68.010271 23500 
68.019486 23750 
68.028694 24000 
68.037904 24250 
68.047140 24250 
68.056380 24500 
68.065606 24750 
68.074841 24750 
68.080016 25000 
68.090252 25250 
68.100473 25250 
68.110708 25500 
68.120924 25750 
68.131141 25750 
68.141376 26000 
68.151610 26250 
68.161833 26250 
68.172068 26500 
68.182288 26750 
68.192498 26750 
68.202724 27000 
68.212954 27250 
68.223165 27250 
68.233401 27500 
68.243628 27750 
68.253840 27750 
68.264075 28000 
68.274296 28250 
68.284506 28250 
68.294741 28500 
68.304970 28750 
68.316183 28750 
68.322358 29000 
68.334586 29250 
68.346798 29250 
68.359033 29500 
68.371269 29500 
68.383494 29750 
68.395703 30000 
68.407915 30000 
68.420150 30250 
68.432388 30250 
68.444615 30500 
68.456837 30750 
68.469049 30750 
68.481276 31000 
68.493504 31000 
68.505732 31250 
68.517957 31500 
68.530175 31500 
68.542395 31750 
68.554626 31750 
68.566852 32000 
68.579081 32250 
68.591311 32250 
68.604532 32500 
68.617761 32500 
68.630990 32750 
68.644203 32750 
68.657415 33000 
68.670640 33000 
68.677799 33250 
68.692029 33500 
68.706256 33500 
68.720486 33750 
68.734715 33750 
68.748943 34000 
68.763166 34000 
68.777378 34250 
68.791601 34250 
68.798755 34500 
68.812982 34750 
68.827244 34750 
68.842417 35000 
68.857654 35000 
68.872880 35250 
68.888097 35250 
68.903322 35500 
68.918538 35500 
68.933752 35750 
68.948968 35750 
68.964180 36000 
68.979409 36000 
68.994618 36250 
69.009838 36250 
69.025052 36500 
69.041270 36500 
69.057484 36750 
69.073701 36750 
69.089915 36750 
69.106128 37000 
69.122358 37000 
69.138571 37250 
69.154788 37250 
69.171002 37500 
69.187211 37500 
69.203414 37750 
69.219620 37750 
69.236838 38000 
69.254053 38000 
69.271270 38000 
69.288496 38250 
69.305712 38250 
69.315893 38500 
69.336124 38500 
69.356343 38750 
69.376563 38750 
69.397780 38750 
69.419001 39000 
69.440230 39000 
69.451398 39000 
69.462570 39250 
69.484791 39250 
69.507013 39500 
69.530234 39500 
69.542407 39500 
69.554581 39750 
69.578793 39750 
69.603027 39750 
69.627263 40000 
69.651508 40000 
69.676721 40000 
69.689886 40000 
69.716104 40000 
69.742321 40000 
69.768552 40000 
69.795777 40000 
69.809951 40000 
69.838186 40000 
69.866421 40000 
69.894642 40000 
69.923851 40000 
69.939016 40000 
69.969249 40000 
69.999468 40000 
70.030685 40000 
70.046851 40000 
70.079070 40000 
70.111293 39750 
70.144532 39750 
70.161686 40000 
70.195896 40000 
70.231115 39750 
70.266335 39750 
70.301548 39750 
70.337766 39750 
70.373995 39750 
70.410233 39500 
70.429418 39750 
70.468657 39750 
70.508882 39500 
70.530058 39500 
70.573273 39500 
70.595455 39500 
70.640688 39500 
70.663874 39500 
70.687057 39500 
70.734294 39500 
70.782533 39250 
70.807717 39250 
70.858954 39250 
70.911193 39000 
70.938364 39000 
70.994588 38750 
71.023752 38750 
71.053935 38750 
71.116173 38500 
71.179414 38250 
71.212598 38250 
71.280837 37750 
71.350056 37500 
71.421275 37250 
71.492496 36750 
71.531664 36750 
71.613886 36250 
71.657047 36250 
71.747271 35750 
71.794451 35500 
71.893674 35000 
71.945842 34750 
72.056061 34250 
72.114230 34000 
72.238471 33250 
72.304680 32750 
72.374846 32500 
72.451017 32000 
72.533204 31750 
72.623387 31250 
72.721555 30500 
72.830720 30000 
73.079942 28000 
73.220123 27250 
73.383303 26000 
73.578477 24750 
73.821649 23000 
74.142837 20500 
74.616020 16750 
75.516208 9500 
75.989390 5750 
76.310583 3500 
76.553757 1750 
76.748930 250 
76.912100 250 
77.052271 250 
77.175444 250 
77.396663 250 
77.494849 250 
77.585026 250 
77.751261 250 
77.911495 250 
77.981677 250 
78.113918 250 
78.242150 250 
78.367319 250 
78.489557 250 
78.608799 250 
78.726023 250 
78.841242 250 
78.954465 250 
79.065687 250 
79.174907 250 
79.283127 250 
79.389346 250 
79.494571 250 
79.529755 250 
79.597993 250 
79.665227 250 
79.731450 250 
79.762616 250 
79.822839 250 
79.882053 250 
79.940274 250 
79.997494 250 
80.054718 250 
80.080884 250 
80.131117 250 
80.155300 500 
80.202534 250 
80.249771 250 
80.295994 250 
80.342214 250 
80.387430 250 
80.408602 250 
80.449825 250 
80.491047 250 
80.531272 250 
80.571497 250 
80.611717 250 
80.650936 250 
80.690155 250 
80.729376 250 
80.767597 250 
80.805816 250 
80.844034 250 
80.881256 250 
80.918474 250 
80.955695 250 
80.992914 250 
81.029128 250 
81.065363 250 
81.101582 250 
81.137804 250 
81.173025 250 
81.208244 250 
81.243461 250 
81.278680 250 
81.313897 250 
81.348121 250 
81.382351 250 
81.395531 250 
81.421744 250 
81.447979 500 
81.473198 500 
81.498435 500 
81.523667 500 
81.548887 500 
81.574097 500 
81.599324 500 
81.611478 750 
81.634693 750 
81.657952 1000 
81.681189 1000 
81.704409 1000 
81.727617 1000 
81.750839 1000 
81.774074 1250 
81.796296 1250 
81.818520 1250 
81.840762 1250 
81.862998 1500 
81.885235 1500 
81.907469 1500 
81.929690 1500 
81.951925 1750 
81.974149 1750 
81.984323 2000 
82.003533 2000 
82.022766 2000 
82.041996 2250 
82.061213 2250 
82.070387 2500 
82.088618 2500 
82.106835 2750 
82.125055 2750 
82.143270 2750 
82.161508 3000 
82.179755 3000 
82.196986 3250 
82.214209 3250 
82.231434 3250 
82.239609 3500 
82.255827 3750 
82.272046 3750 
82.288265 4000 
82.304483 4000 
82.320709 4000 
82.336944 4250 
82.353165 4250 
82.369383 4500 
82.385594 4500 
82.400811 4750 
82.416029 4750 
82.431240 5000 
82.446457 5000 
82.461668 5250 
82.476887 5250 
82.492104 5500 
82.507353 5500 
82.522564 5750 
82.537780 5750 
82.552990 6000 
82.568205 6000 
82.583411 6250 
82.598626 6250 
82.613835 6500 
82.629052 6500 
82.644258 6750 
82.659467 6750 
82.673675 7000 
82.687890 7000 
82.702123 7250 
82.716355 7250 
82.730586 7500 
82.744814 7500 
82.759028 7750 
82.773246 7750 
82.787416 8000 
82.801629 8000 
82.815847 8250 
82.830064 8250 
82.844277 8500 
82.858504 8750 
82.872722 8750 
82.886946 9000 
82.901165 9000 
82.915370 9250 
82.929585 9250 
82.943802 9500 
82.958020 9500 
82.972233 9750 
82.986467 9750 
83.000701 10000 
83.013935 10000 
83.027160 10250 
83.040377 10250 
83.053594 10500 
83.066803 10750 
83.080020 10750 
83.093233 11000 
83.106466 11000 
83.119679 11250 
83.132890 11250 
83.146106 11500 
83.159316 11500 
83.172530 11750 
83.185735 12000 
83.198963 12000 
83.212177 12250 
83.225394 12250 
83.238611 12500 
83.251821 12500 
83.265030 12750 
83.278251 13000 
83.291420 13000 
83.304634 13250 
83.317852 13250 
83.331065 13500 
83.344281 13500 
83.357501 13750 
83.370727 13750 
83.383941 14000 
83.397157 14250 
83.410383 14250 
83.423605 14500 
83.436823 14500 
83.449038 14750 
83.461263 14750 
83.473487 15000 
83.485712 15250 
83.497929 15250 
83.510155 15500 
83.522373 15500 
83.534598 15750 
83.546815 16000 
83.559041 16000 
83.571259 16250 
83.583484 16250 
83.595705 16500 
83.607928 16750 
83.620140 16750 
83.632350 17000 
83.644581 17000 
83.656795 17250 
83.669019 17500 
83.681245 17500 
83.693471 17750 
83.705695 17750 
83.717923 18000 
83.730164 18000 
83.742381 18250 
83.754598 18500 
83.766823 18500 
83.779046 18750 
83.791274 18750 
83.803494 19000 
83.815695 19250 
83.827925 19250 
83.840140 19500 
83.852367 19500 
83.864577 19750 
83.876794 20000 
83.889022 20000 
83.901243 20250 
83.913460 20250 
83.925676 20500 
83.937900 20750 
83.950126 20750 
83.962346 21000 
83.974587 21000 
83.986804 21250 
83.999027 21500 
84.011249 21500 
84.023416 21750 
84.035627 21750 
84.047837 22000 
84.060063 22000 
84.072279 22250 
84.084497 22500 
84.096720 22500 
84.108930 22750 
84.121154 22750 
84.133379 23000 
84.145603 23250 
84.157828 23250 
84.170047 23500 
84.182271 23500 
84.194503 23750 
84.206715 24000 
84.218940 24000 
84.231151 24250 
84.243364 24250 
84.255582 24500 
84.267797 24750 
84.280021 24750 
84.292237 25000 
84.304463 25000 
84.316680 25250 
84.328891 25500 
84.342116 25500 
84.355352 25750 
84.368589 25750 
84.381816 26000 
84.395038 26000 
84.408267 26250 
84.421478 26250 
84.434711 26500 
84.447938 26750 
84.461173 26750 
84.474400 27000 
84.487620 27000 
84.500854 27250 
84.514090 27250 
84.527303 27500 
84.540520 27500 
84.553730 27750 
84.566943 28000 
84.580161 28000 
84.593387 28250 
84.606616 28250 
84.619849 28500 
84.633084 28500 
84.646318 28750 
84.659532 28750 
84.672740 29000 
84.685958 29250 
84.699167 29250 
84.712377 29500 
84.725597 29500 
84.738831 29750 
84.752038 29750 
84.765272 30000 
84.779494 30000 
84.793703 30250 
84.807925 30500 
84.822162 30500 
84.836385 30750 
84.850612 30750 
84.864830 31000 
84.879068 31000 
84.893329 31250 
84.907542 31250 
84.913715 31500 
84.925952 31750 
84.938182 31750 
84.950409 32000 
84.962641 32000 
84.974853 32250 
84.987081 32500 
84.999322 32500 
85.011545 32750 
85.023762 32750 
85.035973 33000 
85.048201 33250 
85.060418 33250 
85.072644 33500 
85.085868 33500 
85.099080 33750 
85.112325 33750 
85.125560 34000 
85.138788 34250 
85.152038 34250 
85.165274 34500 
85.178498 34500 
85.191707 34750 
85.204943 34750 
85.218162 35000 
85.231388 35000 
85.244614 35250 
85.257843 35500 
85.271080 35500 
85.284309 35750 
85.297525 35750 
85.310725 36000 
85.324953 36000 
85.339189 36250 
85.353416 36250 
85.367636 36500 
85.381876 36500 
85.396103 36750 
85.410343 36750 
85.424570 37000 
85.438792 37250 
85.453022 37250 
85.467231 37500 
85.481413 37500 
85.495626 37750 
85.509850 37750 
85.525089 38000 
85.540337 38000 
85.555573 38250 
85.570796 38250 
85.586027 38500 
85.601249 38500 
85.616481 38750 
85.631718 38750 
85.646954 39000 
85.662179 39000 
85.677419 39250 
85.693642 39250 
85.709873 39250 
85.726100 39500 
85.742325 39500 
85.758547 39750 
85.774762 39750 
85.790984 40000 
85.807200 40000 
85.823411 40000 
85.840646 40000 
85.857880 40000 
85.875119 40000 
85.892335 40000 
85.909548 40000 
85.926762 40000 
85.943987 40000 
85.962211 40000 
85.980447 40000 
85.998674 40000 
86.016914 40000 
86.035135 40000 
86.053361 40000 
86.071588 40000 
86.090814 40000 
86.110041 40000 
86.129279 40000 
86.148503 40000 
86.167727 40000 
86.180909 40000 
86.208128 40000 
86.235352 40000 
86.262592 40000 
86.289832 40000 
86.318055 40000 
86.346297 40000 
86.374536 40000 
86.402763 40000 
86.432002 40000 
86.461229 40000 
86.490473 40000 
86.519699 40000 
86.549924 40000 
86.580150 40000 
86.610375 40000 
86.641601 40000 
86.672833 40000 
86.704072 40000 
86.736310 40000 
86.768534 40000 
86.800757 40000 
86.833983 40000 
86.867208 40000 
86.901434 40000 
86.935666 40000 
86.970885 39750 
87.006104 39750 
87.042334 39750 
87.078560 39750 
87.115787 39750 
87.153007 39500 
87.191222 39500 
87.230447 39500 
87.269674 39250 
87.309907 39250 
87.351133 39250 
87.393377 39000 
87.422562 39000 
87.482788 38750 
87.544016 38500 
87.606251 38250 
87.669480 38000 
87.733695 37750 
87.798913 37500 
87.866140 37250 
87.934375 36750 
88.004609 36500 
88.076841 36250 
88.151067 35750 
88.227302 35500 
88.305535 35000 
88.386778 34500 
88.471011 34000 
88.558247 33750 
88.649479 33000 
88.711665 32750 
88.843893 32000 
88.982117 31000 
89.058304 30750 
89.223544 29500 
89.397790 28500 
89.495961 27750 
89.717175 26250 
89.955403 24500 
90.095574 23500 
90.258744 22500 
90.453932 21000 
90.697122 19250 
91.018298 17000 
91.261477 15000 
91.456642 13750 
91.619809 12500 
91.906039 10500 
92.029232 9750 
92.250452 8000 
92.462692 6500 
92.667914 5250 
92.867159 3750 
93.060392 2250 
93.130574 2000 
93.262792 1250 
93.391037 250 
93.516261 250 
93.638488 250 
93.757711 250 
93.874938 250 
93.990162 250 
94.103388 250 
94.214624 250 
94.323860 250 
94.432084 250 
94.538306 250 
94.643527 250 
94.747743 250 
94.850982 250 
94.953220 250 
95.054459 250 
95.154696 250 
95.253936 250 
95.352172 250 
95.449415 250 
95.545653 250 
95.641888 250 
95.737124 250 
95.831363 250 
95.925595 250 
96.018831 250 
96.112073 250 
96.135257 250 
96.180509 250 
96.224731 250 
96.268968 250 
96.312205 250 
96.355437 250 
96.397657 250 
96.439893 250 
96.482136 250 
96.501315 500 
96.538527 500 
96.575747 250 
96.611980 250 
96.648215 250 
96.684452 250 
96.719679 250 
96.754897 250 
96.790132 250 
96.825368 250 
96.859601 250 
96.893820 250 
96.928054 250 
96.962266 250 
96.995475 250 
97.028692 250 
97.061928 250 
97.095165 250 
97.128398 250 
97.160625 250 
97.192845 250 
97.225078 250 
97.257314 250 
97.289546 250 
97.320781 250 
97.352015 250 
97.383254 250 
97.414479 250 
97.445714 250 
97.476944 250 
97.508180 250 
97.538417 250 
97.568650 250 
97.598877 250 
97.629103 250 
97.659333 250 
97.689560 250 
97.719781 250 
97.749017 250 
97.778252 250 
97.807487 250 
97.836721 250 
97.865954 250 
97.895185 250 
97.924409 250 
97.953631 250 
97.982867 250 
98.011095 250 
98.039320 250 
98.067531 500 
98.095750 500 
98.123986 500 
98.152218 500 
98.180451 500 
98.208678 500 
98.236906 500 
98.265136 500 
98.293370 500 
98.320588 500 
98.347801 500 
98.375013 500 
98.402230 500 
98.429443 500 
98.456661 750 
98.483874 750 
98.511083 750 
98.519249 750 
98.535484 1000 
98.551695 1000 
98.567930 1250 
98.584166 1250 
98.600408 1500 
98.615641 1500 
98.630881 1750 
98.646094 1750 
98.661354 2000 
98.676600 2000 
98.683776 2250 
98.698012 2500 
98.712238 2500 
98.726448 2750 
98.740671 2750 
98.754897 3000 
98.769116 3000 
98.783316 3250 
98.797538 3250 
98.811757 3500 
98.825993 3500 
98.840212 3750 
98.854444 3750 
98.867673 4000 
98.880904 4000 
98.894141 4250 
98.907360 4500 
98.920572 4500 
98.933801 4750 
98.947032 4750 
98.960254 5000 
98.973491 5000 
98.986718 5250 
98.999940 5250 
99.013152 5500 
99.026382 5750 
99.039615 5750 
99.052844 6000 
99.066073 6000 
99.079302 6250 
99.092533 6250 
99.105762 6500 
99.118995 6750 
99.132233 6750 
99.145462 7000 
99.158691 7000 
99.171919 7250 
99.184142 7250 
99.196355 7500 
99.208584 7750 
99.220816 7750 
99.233037 8000 
99.245260 8000 
99.258377 8250 
99.270592 8250 
99.282820 8500 
99.295051 8750 
99.307282 8750 
99.319514 9000 
99.331742 9000 
99.343973 9250 
99.356187 9500 
99.368409 9500 
99.380624 9750 
99.392869 9750 
99.405106 10000 
99.417343 10250 
99.429581 10250 
99.441810 10500 
99.454050 10500 
99.466268 10750 
99.478502 11000 
99.490740 11000 
99.502970 11250 
99.515193 11250 
99.527413 11500 
99.539646 11500 
99.551869 11750 
99.564092 12000 
99.576329 12000 
99.587556 12250 
99.598791 12500 
99.610023 12500 
99.621233 12750 
99.632470 12750 
99.643704 13000 
99.654926 13250 
99.666155 13250 
99.677391 13500 
99.688614 13750 
99.699852 13750 
99.711076 14000 
99.722301 14000 
99.733529 14250 
99.744742 14500 
99.755972 14500 
99.767220 14750 
99.778418 15000 
99.789644 15000 
99.800876 15250 
99.812107 15250 
99.823307 15500 
99.834515 15750 
99.845754 15750 
99.856974 16000 
99.868212 16250 
99.879447 16250 
99.890666 16500 
99.901888 16500 
99.913120 16750 
99.924337 17000 
99.935567 17000 
99.946788 17250 
99.958001 17500 
99.969239 17500 
99.980461 17750 
99.991696 17750 
100.002932 18000 
100.014170 18250 
100.025408 18250 
100.036634 18500 
100.047881 18750 
100.059120 18750 
100.070349 19000 
100.081564 19000 
100.092791 19250 
100.104026 19500 
100.115250 19500 
100.126491 19750 
100.137724 20000 
100.148935 20000 
100.160153 20250 
100.171363 20250 
100.182597 20500 
100.193819 20750 
100.205042 20750 
100.216264 21000 
100.227496 21250 
100.238716 21250 
100.249958 21500 
100.261197 21500 
100.272419 21750 
100.283648 22000 
100.294861 22000 
100.306091 22250 
100.317328 22500 
100.328567 22500 
100.339793 22750 
100.351032 22750 
100.362271 23000 
100.373498 23250 
100.384725 23250 
100.395953 23500 
100.407184 23750 
100.418397 23750 
100.429620 24000 
100.440860 24000 
100.452088 24250 
100.463340 24500 
100.474569 24500 
100.485780 24750 
100.496994 25000 
100.508206 25000 
100.519423 25250 
100.530639 25250 
100.541858 25500 
100.553084 25750 
100.564304 25750 
100.575535 26000 
100.586754 26250 
100.597989 26250 
100.609208 26500 
100.620421 26500 
100.631640 26750 
100.642865 27000 
100.654083 27000 
100.665319 27250 
100.676545 27500 
100.687769 27500 
100.698978 27750 
100.710193 27750 
100.722422 28000 
100.734652 28250 
100.746886 28250 
100.759119 28500 
100.771309 28500 
100.783517 28750 
100.795733 29000 
100.807968 29000 
100.820200 29250 
100.832429 29250 
100.844668 29500 
100.856877 29750 
100.869103 29750 
100.881337 30000 
100.893565 30000 
100.905777 30250 
100.917989 30500 
100.930217 30500 
100.942418 30750 
100.954631 30750 
100.966841 31000 
100.979059 31250 
100.991305 31250 
101.003522 31500 
101.015731 31500 
101.027955 31750 
101.040166 31750 
101.052378 32000 
101.064597 32250 
101.076834 32250 
101.089060 32500 
101.101295 32500 
101.113530 32750 
101.126763 33000 
101.139991 33000 
101.153199 33250 
101.166419 33250 
101.179652 33500 
101.192889 33500 
101.206120 33750 
101.219322 33750 
101.232548 34000 
101.245766 34250 
101.259001 34250 
101.272221 34500 
101.285460 34500 
101.291636 34750 
101.297824 35000 
101.310045 35000 
101.322273 35250 
101.334493 35500 
101.346712 35500 
101.358929 35750 
101.371149 35750 
101.383382 36000 
101.395601 36250 
101.407822 36250 
101.421040 36500 
101.434258 36500 
101.447465 36750 
101.460674 36750 
101.473894 37000 
101.487123 37250 
101.500344 37250 
101.513575 37500 
101.526810 37500 
101.540029 37750 
101.553249 37750 
101.566484 38000 
101.579728 38000 
101.592946 38250 
101.606181 38500 
101.619412 38500 
101.632625 38750 
101.645845 38750 
101.660053 39000 
101.674276 39000 
101.688512 39250 
101.702735 39250 
101.716970 39500 
101.731198 39500 
101.745418 39750 
101.759638 39750 
101.773872 40000 
101.788091 40000 
101.802313 40000 
101.816547 40000 
101.830767 40000 
101.845003 40000 
101.860237 40000 
101.875452 40000 
101.890676 40000 
101.905888 40000 
101.921108 40000 
101.936326 40000 
101.951542 40000 
101.966752 40000 
101.981963 40000 
101.997184 40000 
102.012418 40000 
102.028638 40000 
102.044877 40000 
102.061113 40000 
102.077333 40000 
102.093553 40000 
102.109774 40000 
102.125998 40000 
102.142232 40000 
102.158466 40000 
102.175690 40000 
102.192911 40000 
102.210131 40000 
102.227324 40000 
102.244551 40000 
102.261786 40000 
102.279021 40000 
102.297244 40000 
102.309421 40000 
102.333644 40000 
102.357874 40000 
102.382105 40000 
102.406350 40000 
102.430603 40000 
102.455840 40000 
102.481071 40000 
102.506293 40000 
102.531514 40000 
102.556753 40000 
102.582991 40000 
102.609228 40000 
102.635422 40000 
102.661654 40000 
102.687866 40000 
102.715105 40000 
102.742320 40000 
102.769537 40000 
102.796754 40000 
102.824967 40000 
102.853182 40000 
102.881399 40000 
102.909617 40000 
102.938826 40000 
102.968032 40000 
102.997249 40000 
103.027427 40000 
103.057653 40000 
103.087903 40000 
103.119139 40000 
103.150367 40000 
103.181573 40000 
103.213790 40000 
103.246010 40000 
103.279233 40000 
103.312475 40000 
103.346714 40000 
103.380956 39750 
103.416203 39750 
103.451439 39750 
103.487673 39750 
103.523894 39750 
103.561114 39500 
103.599334 39500 
103.637555 39500 
103.676779 39500 
103.717001 39250 
103.758223 39250 
103.800446 39000 
103.843675 39000 
103.887913 39000 
103.933159 38750 
103.979393 38500 
104.026631 38500 
104.074854 38250 
104.125076 38250 
104.176299 38000 
104.229521 37750 
104.284745 37500 
104.341960 37250 
104.401184 37000 
104.448362 37000 
104.547581 36500 
104.649792 35750 
104.755007 35250 
104.864220 34500 
104.977441 33750 
105.094662 33000 
105.217882 32250 
105.347100 31500 
105.483321 30500 
105.628548 29750 
105.784769 28500 
105.954995 27500 
106.142223 26000 
106.352465 24500 
106.594710 22750 
106.789898 21500 
107.306140 17500 
107.744395 14000 
107.987585 12250 
108.393837 9000 
108.777079 6250 
109.143311 3250 
109.495547 750 
109.836780 250 
110.169005 250 
110.494249 250 
110.813466 250 
111.126677 250 
111.435891 250 
111.741133 250 
112.042370 250 
112.340613 250 
112.635820 250 
112.928029 250 
113.218245 250 
113.506455 250 
113.792692 250 
114.076937 250 
114.359180 250 
114.640402 250 
114.919623 250 
115.197847 250 
115.475065 250 
115.751289 250 
116.026527 250 
116.300757 250 
116.573993 250 
116.846222 250 
117.117448 250 
117.387675 250 
117.656918 250 
117.926140 250 
118.194377 250 
118.461598 250 
118.728842 250 
118.995091 250 
119.261326 250 
119.526556 250 
119.791800 250 
120.056029 250 
120.320276 250 
120.583507 250 
120.846729 250 
121.108960 250 
121.128133 250 
121.166346 250 
121.203586 250 
121.240824 250 
121.278064 250 
121.314352 250 
121.331540 250 
121.348732 500 
121.381976 250 
121.415226 250 
121.448422 250 
121.481662 250 
121.513902 250 
121.546139 250 
121.578372 250 
121.610599 250 
121.641837 250 
121.673071 250 
121.704310 250 
121.735547 250 
121.766788 250 
121.797027 250 
121.827261 250 
121.857481 250 
121.887715 250 
121.900905 250 
121.926142 250 
121.951385 250 
121.976626 500 
122.001878 500 
122.027118 500 
122.052358 500 
122.077588 500 
122.101821 500 
122.126061 750 
122.150296 750 
122.174523 750 
122.198763 750 
122.223015 750 
122.247254 1000 
122.270475 1000 
122.293699 1000 
122.316922 1000 
122.340148 1000 
122.363365 1250 
122.386585 1250 
122.409809 1250 
122.433036 1250 
122.456252 1500 
122.478474 1500 
122.500692 1500 
122.522915 1500 
122.545125 1750 
122.567343 1750 
122.589562 1750 
122.611797 1750 
122.634033 2000 
122.656265 2000 
122.678502 2000 
122.700732 2000 
122.721943 2250 
122.743173 2250 
122.764410 2250 
122.785647 2500 
122.806885 2500 
122.828127 2500 
122.849364 2500 
122.870598 2750 
122.891837 2750 
122.913052 2750 
122.934272 3000 
122.955493 3000 
122.976714 3000 
122.997932 3250 
123.018151 3250 
123.038389 3250 
123.058625 3500 
123.078844 3500 
123.099085 3500 
123.119322 3500 
123.139536 3750 
123.159769 3750 
123.180006 3750 
123.200243 4000 
123.220472 4000 
123.240690 4000 
123.260927 4250 
123.281157 4250 
123.301381 4250 
123.308562 4500 
123.315727 4750 
123.329962 4750 
123.343195 5000 
123.356427 5250 
123.369657 5250 
123.382864 5500 
123.396081 5500 
123.409314 5750 
123.422522 5750 
123.435730 6000 
123.448940 6250 
123.462155 6250 
123.475323 6500 
123.488549 6500 
123.501760 6750 
123.514994 6750 
123.528212 7000 
123.541446 7000 
123.554672 7250 
123.567882 7500 
123.581109 7500 
123.594322 7750 
123.607538 7750 
123.620764 8000 
123.633983 8000 
123.647211 8250 
123.659420 8250 
123.671633 8500 
123.683873 8750 
123.696085 8750 
123.708288 9000 
123.720497 9000 
123.732701 9250 
123.744910 9500 
123.757121 9500 
123.769322 9750 
123.781529 9750 
123.793738 10000 
123.805957 10250 
123.818184 10250 
123.830408 10500 
123.842615 10500 
123.854848 10750 
123.867082 11000 
123.879321 11000 
123.891545 11250 
123.903760 11250 
123.915992 11500 
123.928225 11750 
123.940460 11750 
123.952684 12000 
123.964894 12000 
123.977126 12250 
123.989359 12250 
124.001592 12500 
124.013821 12750 
124.026030 12750 
124.038262 13000 
124.050494 13000 
124.061728 13250 
124.072956 13500 
124.084167 13500 
124.095397 13750 
124.106611 14000 
124.117829 14000 
124.129061 14250 
124.140293 14250 
124.151523 14500 
124.162747 14750 
124.173976 14750 
124.185209 15000 
124.196440 15250 
124.207659 15250 
124.218889 15500 
124.230100 15500 
124.241333 15750 
124.252566 16000 
124.263784 16000 
124.275017 16250 
124.286231 16500 
124.290389 16500 
124.298608 16750 
124.306827 17000 
124.315063 17250 
124.323277 17250 
124.331504 17500 
124.339745 17750 
124.343926 18000 
124.352171 18000 
124.360405 18250 
124.368625 18500 
124.376859 18750 
124.385091 18750 
124.393329 19000 
124.401540 19250 
124.409755 19250 
124.417967 19500 
124.426202 19750 
124.434436 20000 
124.442655 20000 
124.450876 20250 
124.459110 20500 
124.467321 20750 
124.475557 20750 
124.483791 21000 
124.492025 21250 
124.500239 21250 
124.508473 21500 
124.516710 21750 
124.524937 22000 
124.533167 22000 
124.541390 22250 
124.549625 22500 
124.557835 22750 
124.566066 22750 
124.574285 23000 
124.582519 23250 
124.590747 23250 
124.598962 23500 
124.607173 23750 
124.615389 24000 
124.623597 24000 
124.631818 24250 
124.640052 24500 
124.648263 24750 
124.656493 24750 
124.664713 25000 
124.672924 25250 
124.681160 25250 
124.689394 25500 
124.697629 25750 
124.705841 26000 
124.714048 26000 
124.722259 26250 
124.730492 26500 
124.738712 26750 
124.746918 26750 
124.755130 27000 
124.763306 27250 
124.771539 27250 
124.780790 27500 
124.790011 27750 
124.799230 27750 
124.808454 28000 
124.817676 28250 
124.826886 28500 
124.836097 28500 
124.845332 28750 
124.854552 29000 
124.863772 29000 
124.873011 29250 
124.882230 29500 
124.891415 29500 
124.900625 29750 
124.909837 30000 
124.919074 30250 
124.928292 30250 
124.937515 30500 
124.946734 30750 
124.955979 30750 
124.961195 31000 
124.971404 31250 
124.981615 31250 
124.991821 31500 
125.002009 31750 
125.012207 31750 
125.022395 32000 
125.032580 32250 
125.042776 32250 
125.052971 32500 
125.063156 32750 
125.073348 32750 
125.083553 33000 
125.094773 33250 
125.105976 33250 
125.117164 33500 
125.128350 33750 
125.139543 33750 
125.150744 34000 
125.161938 34000 
125.173138 34250 
125.184350 34500 
125.195550 34500 
125.206737 34750 
125.217925 35000 
125.229127 35000 
125.240329 35250 
125.251530 35250 
125.262729 35500 
125.273933 35750 
125.285135 35750 
125.296331 36000 
125.307532 36250 
125.318742 36250 
125.329931 36500 
125.341122 36500 
125.352329 36750 
125.364542 37000 
125.376745 37000 
125.388951 37250 
125.401162 37250 
125.413356 37500 
125.425562 37750 
125.437765 37750 
125.449976 38000 
125.462187 38000 
125.474388 38250 
125.486589 38500 
125.498795 38500 
125.511001 38750 
125.523213 38750 
125.535412 39000 
125.547615 39250 
125.559812 39250 
125.572017 39500 
125.585227 39500 
125.598429 39750 
125.611637 39750 
125.624830 40000 
125.638024 40000 
125.651211 40000 
125.664382 40000 
125.677570 40000 
125.690770 40000 
125.703960 40000 
125.717154 40000 
125.730360 40000 
125.743553 40000 
125.756755 40000 
125.770954 40000 
125.785161 40000 
125.799369 40000 
125.813569 40000 
125.827773 40000 
125.842001 40000 
125.856214 40000 
125.870418 40000 
125.884620 40000 
125.898824 40000 
125.913028 40000 
125.928229 40000 
125.943431 40000 
125.958631 40000 
125.973833 40000 
125.989028 40000 
126.004230 40000 
126.019423 40000 
126.034623 40000 
126.049826 40000 
126.066032 40000 
126.082236 40000 
126.098437 40000 
126.114638 40000 
126.130836 40000 
126.147031 40000 
126.163222 40000 
126.180395 40000 
126.197607 40000 
126.214800 40000 
126.231987 40000 
126.249227 40000 
126.266435 40000 
126.283640 40000 
126.301825 40000 
126.320035 40000 
126.338235 40000 
126.356391 40000 
126.374605 40000 
126.393809 40000 
126.413001 40000 
126.432219 40000 
126.451421 40000 
126.470630 40000 
126.490836 40000 
126.511036 40000 
126.531231 40000 
126.551436 40000 
126.572636 40000 
126.593851 40000 
126.615060 40000 
126.636266 40000 
126.658464 40000 
126.680662 40000 
126.702863 40000 
126.726051 40000 
126.749264 40000 
126.772470 40000 
126.796672 40000 
126.820875 40000 
126.845090 40000 
126.870298 40000 
126.895508 40000 
126.921717 40000 
126.947921 40000 
126.975128 40000 
127.002322 40000 
127.030540 40000 
127.058748 40000 
127.087956 40000 
127.117156 40000 
127.147360 40000 
127.178566 40000 
127.209774 40000 
127.241981 40000 
127.275191 40000 
127.309385 40000 
127.344609 40000 
127.380819 39750 
127.418025 39750 
127.456225 39750 
127.495415 39750 
127.535603 39500 
127.576812 39500 
127.620022 39250 
127.664228 39250 
127.710435 39000 
127.758639 39000 
127.808849 38750 
127.861051 38500 
127.915245 38500 
127.972468 38250 
128.032678 38000 
128.095887 37750 
128.163097 37066 
