0.000027 11.111111 
0.090395 12.111111 
0.172671 13.111111 
0.248911 14.111111 
0.319138 15.111110 
0.385409 16.111111 
0.447663 17.111111 
0.505901 18.111111 
0.561148 19.111111 
0.613408 20.111111 
0.662649 21.111111 
0.709916 22.111111 
0.755155 23.111111 
0.798419 24.111111 
0.839673 25.111111 
0.878934 26.111109 
0.917260 27.111109 
0.953493 28.111111 
0.988743 29.111109 
1.022957 30.111109 
1.056162 31.111109 
1.088420 32.111107 
1.119677 33.111107 
1.149914 34.111107 
1.179158 35.111107 
1.207397 36.111107 
1.234609 37.111107 
1.260807 38.111107 
1.287034 39.111107 
1.312253 40.111107 
1.336479 41.111107 
1.360702 42.111107 
1.383921 43.111107 
1.407168 44.111107 
1.429410 45.111107 
1.451671 46.111107 
1.472912 47.111107 
1.494120 48.111107 
1.514368 49.111111 
1.534589 50.111111 
1.553816 51.111111 
1.573052 52.111111 
1.592315 53.111115 
1.610557 54.111115 
1.628749 55.111115 
1.646942 56.111115 
1.664164 57.111111 
1.681387 58.111107 
1.698639 59.111111 
1.714863 60.111107 
1.731096 61.111107 
1.747320 62.111107 
1.763545 63.111107 
1.778757 64.111107 
1.793948 65.111107 
1.809142 66.111107 
1.824328 67.111107 
1.838502 68.111107 
1.852674 69.111107 
1.866843 70.111107 
1.881009 71.111107 
1.895175 72.111107 
1.908331 73.111107 
1.921473 74.111107 
1.934616 75.111107 
1.947824 76.111107 
1.960980 77.111107 
1.973141 78.111107 
1.985307 79.111107 
1.997472 80.111107 
2.009625 81.111107 
2.021791 82.111107 
2.033938 83.111107 
2.046104 84.111107 
2.057275 85.111107 
2.068446 86.111107 
2.079623 87.111107 
2.090789 88.111107 
2.101943 89.111107 
2.113101 90.111107 
2.124247 91.111099 
2.134411 92.111099 
2.144559 93.111092 
2.154718 94.111092 
2.164862 95.111092 
2.175017 96.111084 
2.185165 97.111084 
2.195315 98.111076 
2.205473 99.111076 
2.215628 100.111076 
2.224776 101.111084 
2.233934 102.111084 
2.243077 103.111084 
2.252240 104.111084 
2.261403 105.111084 
2.270566 106.111076 
2.279718 106.111076 
2.288865 106.111076 
2.298029 105.111076 
2.307187 104.111069 
2.316364 103.111076 
2.325521 102.111076 
2.334676 101.111084 
2.343832 100.111084 
2.352982 99.111076 
2.363151 98.111076 
2.373300 97.111076 
2.383457 96.111076 
2.393654 95.111076 
2.403815 94.111076 
2.413969 93.111076 
2.424134 92.111076 
2.434291 91.111076 
2.444449 90.111076 
2.455607 89.111076 
2.466764 88.111076 
2.477911 87.111076 
2.489068 86.111076 
2.500225 85.111076 
2.511376 84.111076 
2.522535 83.111076 
2.534685 82.111076 
2.546843 81.111076 
2.559002 80.111076 
2.571165 79.111076 
2.583325 78.111076 
2.595495 77.111076 
2.607647 76.111076 
2.620810 75.111076 
2.633970 74.111076 
2.647127 73.111076 
2.660278 72.111076 
2.673443 71.111076 
2.687600 70.111076 
2.701748 69.111076 
2.715904 68.111076 
2.730068 67.111076 
2.744219 66.111076 
2.759389 65.111076 
2.774546 64.111076 
2.789696 63.111076 
2.804859 62.111080 
2.821015 61.111076 
2.837176 60.111073 
2.853341 59.111069 
2.869491 58.111069 
2.886657 57.111069 
2.903803 56.111065 
2.920960 55.111065 
2.939109 54.111065 
2.957266 53.111065 
2.975424 52.111065 
2.994571 51.111065 
3.013724 50.111065 
3.032887 49.111061 
3.053067 48.111065 
3.073231 47.111065 
3.094398 46.111065 
3.115545 45.111065 
3.137706 44.111065 
3.159867 43.111065 
3.183025 42.111065 
3.206179 41.111065 
3.230337 40.111065 
3.254495 39.111065 
3.279656 38.111065 
3.305829 37.111065 
3.332013 36.111065 
3.359174 35.111065 
3.387334 34.111065 
3.416517 33.111065 
3.446667 32.111065 
3.477838 31.111063 
3.510024 30.111063 
3.543186 29.111065 
3.577366 28.111065 
3.612534 27.111067 
3.648708 26.111069 
3.686877 25.111071 
3.726043 24.111071 
3.767209 23.111071 
3.810385 22.111071 
3.855561 21.111071 
3.902737 20.111071 
3.951896 19.111071 
4.004058 18.111071 
4.059234 17.111071 
4.117402 16.111071 
4.179570 15.111070 
4.245739 14.111070 
4.315915 13.111069 
4.392083 12.111069 
4.474258 11.111069 
4.564425 10.111069 
4.662586 9.111069 
4.771748 8.111069 
4.894941 7.111069 
5.036156 6.111069 
5.199343 5.111069 
5.394540 4.111069 
5.637760 4.111069 
5.880981 5.111069 
6.076225 6.111069 
6.239417 7.111069 
6.379598 8.111069 
6.502769 9.111069 
6.611946 10.111069 
6.710127 11.111069 
6.800323 12.111069 
6.882542 13.111069 
6.958752 14.111069 
7.028978 15.111068 
7.095154 16.111069 
7.157323 17.111069 
7.215507 18.111069 
7.270711 19.111069 
7.322914 20.111069 
7.372132 21.111069 
7.419344 22.111069 
7.464533 23.111069 
7.507714 24.111069 
7.548873 25.111071 
7.588083 26.111071 
7.626270 27.111071 
7.662447 28.111071 
7.697647 29.111071 
7.731814 30.111071 
7.764975 31.111071 
7.797159 32.111069 
7.828339 33.111069 
7.858515 34.111069 
7.887690 35.111069 
7.915866 36.111069 
7.943043 37.111069 
7.969208 38.111069 
7.995391 39.111069 
8.020561 40.111069 
8.044738 41.111069 
8.068950 42.111069 
8.092132 43.111069 
8.115307 44.111069 
8.137482 45.111069 
8.159651 46.111069 
8.180828 47.111069 
8.201983 48.111069 
8.222168 49.111069 
8.242344 50.111069 
8.261518 51.111069 
8.280687 52.111069 
8.299865 53.111069 
8.318046 54.111069 
8.336215 55.111065 
8.354391 56.111065 
8.371573 57.111061 
8.388759 58.111061 
8.405928 59.111065 
8.422103 60.111065 
8.438266 61.111061 
8.454433 62.111065 
8.470584 63.111065 
8.485752 64.111069 
8.500905 65.111069 
8.516087 66.111069 
8.531260 67.111069 
8.545443 68.111069 
8.559593 69.111069 
8.573757 70.111069 
8.587956 71.111069 
8.602134 72.111069 
8.615320 73.111069 
8.628494 74.111069 
8.641665 75.111069 
8.654838 76.111069 
8.668006 77.111069 
8.680173 78.111069 
8.692348 79.111069 
8.704562 80.111069 
8.716724 81.111069 
8.728899 82.111069 
8.741074 83.111069 
8.753266 84.111069 
8.764433 85.111069 
8.775609 86.111069 
8.786791 87.111069 
8.797939 88.111069 
8.809121 89.111069 
8.820304 90.111069 
8.831479 91.111069 
8.841653 92.111069 
8.851819 93.111069 
8.861991 94.111069 
8.872171 95.111069 
8.882350 96.111069 
8.892530 97.111069 
8.902696 98.111069 
8.912875 99.111069 
8.923047 100.111061 
8.932210 101.111061 
8.941388 102.111061 
8.950567 103.111061 
8.959744 104.111061 
8.968941 105.111061 
8.978117 106.111061 
8.987294 107.111053 
8.996457 108.111053 
9.005615 109.111053 
9.014785 110.111053 
9.023963 111.111053 
9.033127 112.111053 
9.041274 113.111053 
9.049437 114.111046 
9.057630 115.111046 
9.065799 116.111046 
9.073975 117.111046 
9.082138 118.111038 
9.090318 119.111031 
9.098476 120.111031 
9.106639 121.111031 
9.114818 120.111031 
9.122974 119.111031 
9.131137 118.111031 
9.139300 117.111031 
9.147478 116.111038 
9.155656 115.111038 
9.163833 114.111038 
9.172012 113.111038 
9.180197 112.111038 
9.188492 111.111038 
9.197624 110.111038 
9.206794 109.111046 
9.215973 108.111053 
9.225143 107.111053 
9.234321 106.111061 
9.243499 105.111061 
9.252678 104.111061 
9.261853 103.111061 
9.271030 102.111061 
9.280207 101.111061 
9.289379 100.111061 
9.298543 99.111061 
9.308721 98.111061 
9.318900 97.111061 
9.329080 96.111061 
9.339244 95.111069 
9.349424 94.111069 
9.359588 93.111069 
9.369765 92.111069 
9.379944 91.111069 
9.390123 90.111069 
9.401303 89.111069 
9.412482 88.111069 
9.423661 87.111069 
9.434841 86.111069 
9.446020 85.111069 
9.457200 84.111069 
9.468369 83.111069 
9.480579 82.111069 
9.492757 81.111069 
9.504935 80.111069 
9.517146 79.111069 
9.529304 78.111069 
9.541449 77.111069 
9.553610 76.111069 
9.566780 75.111069 
9.579960 74.111069 
9.593116 73.111069 
9.606316 72.111069 
9.619532 71.111069 
9.633718 70.111069 
9.647908 69.111069 
9.662098 68.111069 
9.676274 67.111069 
9.690439 66.111069 
9.705610 65.111069 
9.720772 64.111069 
9.735933 63.111069 
9.751094 62.111073 
9.767254 61.111069 
9.783415 60.111065 
9.799574 59.111065 
9.815730 58.111061 
9.832895 57.111061 
9.850067 56.111061 
9.867248 55.111061 
9.885415 54.111057 
9.903580 53.111061 
9.921734 52.111065 
9.940895 51.111065 
9.960053 50.111065 
9.979219 49.111061 
9.999419 48.111065 
10.019591 47.111065 
10.040757 46.111065 
10.061911 45.111065 
10.084066 44.111065 
10.106270 43.111065 
10.129449 42.111065 
10.152625 41.111065 
10.176817 40.111065 
10.200995 39.111065 
10.226179 38.111065 
10.252342 37.111065 
10.278502 36.111065 
10.305624 35.111065 
10.333788 34.111065 
10.362954 33.111065 
10.393145 32.111065 
10.424345 31.111063 
10.456531 30.111063 
10.489714 29.111065 
10.523939 28.111065 
10.559186 27.111067 
10.595397 26.111069 
10.633621 25.111071 
10.672809 24.111071 
10.713988 23.111071 
10.757201 22.111071 
10.802410 21.111071 
10.849600 20.111071 
10.898811 19.111071 
10.950983 18.111071 
11.006158 17.111071 
11.064340 16.111071 
11.126528 15.111070 
11.192711 14.111070 
11.262903 13.111069 
11.339141 12.111069 
11.421369 11.111069 
11.511547 10.111069 
11.609740 9.111069 
11.718895 8.111069 
11.842133 7.111069 
11.982394 6.111069 
12.145663 5.111069 
12.340940 4.111069 
12.584229 3.111069 
12.905546 2.111069 
13.378945 3.111069 
13.700132 4.111069 
13.943298 5.111069 
14.138483 6.111069 
14.301715 7.111069 
14.441955 8.111069 
14.565155 9.111069 
14.674389 10.111069 
14.772624 11.111069 
14.862797 12.111069 
14.944957 13.111069 
15.021132 14.111069 
15.091298 15.111068 
15.157495 16.111069 
15.220775 17.111069 
15.278943 18.111069 
15.334113 19.111069 
15.386290 20.111069 
15.435464 21.111069 
15.482626 22.111069 
15.527837 23.111069 
15.571026 24.111069 
15.612192 25.111071 
15.651396 26.111071 
15.689584 27.111071 
15.725765 28.111071 
15.760970 29.111071 
15.795141 30.111071 
15.828313 31.111071 
15.860473 32.111069 
15.891639 33.111069 
15.921815 34.111069 
15.950991 35.111069 
15.979160 36.111069 
16.006324 37.111069 
16.032558 38.111069 
16.058737 39.111069 
16.083914 40.111069 
16.108099 41.111069 
16.132255 42.111069 
16.155473 43.111069 
16.178654 44.111069 
16.200836 45.111069 
16.223008 46.111069 
16.244167 47.111069 
16.265363 48.111069 
16.285526 49.111069 
16.305690 50.111069 
16.324858 51.111069 
16.344011 52.111069 
16.363169 53.111069 
16.381333 54.111069 
16.399498 55.111065 
16.417662 56.111065 
16.434829 57.111061 
16.452065 58.111061 
16.469236 59.111065 
16.485418 60.111065 
16.501583 61.111061 
16.517768 62.111065 
16.533930 63.111065 
16.549097 64.111069 
16.564256 65.111069 
16.579415 66.111069 
16.594571 67.111069 
16.608726 68.111069 
16.622879 69.111069 
16.637047 70.111069 
16.651245 71.111069 
16.665419 72.111069 
16.678591 73.111069 
16.691756 74.111069 
16.704924 75.111069 
16.718096 76.111069 
16.731247 77.111069 
16.743428 78.111069 
16.755596 79.111069 
16.767772 80.111069 
16.779948 81.111069 
16.792112 82.111069 
16.804284 83.111069 
16.816457 84.111069 
16.827625 85.111069 
16.838806 86.111069 
16.849973 87.111069 
16.861147 88.111069 
16.872321 89.111069 
16.883473 90.111069 
16.894631 91.111069 
16.904798 92.111069 
16.914965 93.111069 
16.925163 94.111069 
16.935329 95.111069 
16.945498 96.111069 
16.955670 97.111069 
16.965825 98.111069 
16.975984 99.111069 
16.986139 100.111061 
16.995312 101.111061 
17.004470 102.111061 
17.013634 103.111061 
17.022807 104.111061 
17.031957 105.111061 
17.041161 106.111061 
17.050331 107.111053 
17.059503 108.111053 
17.068670 109.111053 
17.077837 110.111053 
17.087007 111.111053 
17.096158 112.111053 
17.104330 113.111053 
17.112497 114.111046 
17.120682 115.111046 
17.128848 116.111046 
17.137020 117.111046 
17.145194 118.111038 
17.153346 119.111031 
17.161502 120.111031 
17.169633 121.111031 
17.177791 122.111031 
17.185949 123.111023 
17.194117 124.111015 
17.202288 125.111015 
17.209461 126.111015 
17.216620 127.111015 
17.223793 128.111023 
17.230964 129.111023 
17.238136 130.111023 
17.245287 131.111023 
17.252459 132.111023 
17.259631 133.111023 
17.266811 134.111023 
17.273973 135.111023 
17.281146 136.111023 
17.288333 137.111023 
17.295502 138.111023 
17.302677 139.111023 
17.309852 140.111023 
17.317058 141.111023 
17.324230 142.111023 
17.331428 143.111023 
17.337641 144.111023 
17.343834 145.111023 
17.350015 146.111023 
17.356166 147.111023 
17.362379 146.111023 
17.368554 145.111023 
17.374733 144.111023 
17.380914 143.111023 
17.387093 142.111023 
17.394279 141.111023 
17.401450 140.111023 
17.408624 139.111023 
17.415796 138.111023 
17.422977 137.111023 
17.430156 136.111023 
17.437329 135.111023 
17.444486 134.111023 
17.451666 133.111023 
17.458855 132.111023 
17.466024 131.111023 
17.473204 130.111023 
17.480355 129.111023 
17.487513 128.111023 
17.494662 127.111023 
17.501821 126.111023 
17.508993 125.111023 
17.516168 124.111015 
17.524342 123.111008 
17.532518 122.111008 
17.540691 121.111015 
17.548859 120.111015 
17.557039 119.111023 
17.565213 118.111031 
17.573390 117.111031 
17.581547 116.111038 
17.589692 115.111038 
17.597850 114.111038 
17.606019 113.111038 
17.614167 112.111038 
17.622324 111.111038 
17.631488 110.111038 
17.640669 109.111046 
17.649822 108.111053 
17.658993 107.111053 
17.668160 106.111061 
17.677318 105.111061 
17.686475 104.111061 
17.695643 103.111061 
17.704811 102.111061 
17.713988 101.111061 
17.723150 100.111061 
17.732338 99.111061 
17.742511 98.111061 
17.752693 97.111061 
17.762867 96.111061 
17.773048 95.111069 
17.783221 94.111069 
17.793397 93.111069 
17.803563 92.111069 
17.813733 91.111069 
17.823905 90.111069 
17.835079 89.111069 
17.846259 88.111069 
17.857440 87.111069 
17.868622 86.111069 
17.879804 85.111069 
17.890974 84.111069 
17.902155 83.111069 
17.914327 82.111069 
17.926508 81.111069 
17.938729 80.111069 
17.950888 79.111069 
17.963047 78.111069 
17.975214 77.111069 
17.987373 76.111069 
18.000560 75.111069 
18.013709 74.111069 
18.026850 73.111069 
18.040013 72.111069 
18.053171 71.111069 
18.067329 70.111069 
18.081489 69.111069 
18.095647 68.111069 
18.109795 67.111069 
18.123959 66.111069 
18.139129 65.111069 
18.154360 64.111069 
18.169538 63.111069 
18.184701 62.111073 
18.200849 61.111069 
18.216994 60.111065 
18.233137 59.111065 
18.249277 58.111061 
18.266415 57.111061 
18.283562 56.111061 
18.300733 55.111061 
18.318879 54.111057 
18.337085 53.111061 
18.355254 52.111065 
18.374420 51.111065 
18.393603 50.111065 
18.432832 49.111061 
18.453036 48.111065 
18.473257 47.111065 
18.494432 46.111065 
18.515608 45.111065 
18.537802 44.111065 
18.559973 43.111065 
18.583138 42.111065 
18.606305 41.111065 
18.630468 40.111065 
18.654634 39.111065 
18.679793 38.111065 
18.705973 37.111065 
18.732150 36.111065 
18.759318 35.111065 
18.787504 34.111065 
18.816690 33.111065 
18.846908 32.111065 
18.878094 31.111063 
18.910283 30.111063 
18.943458 29.111065 
18.977673 28.111065 
19.012843 27.111067 
19.049035 26.111069 
19.087269 25.111071 
19.126441 24.111071 
19.167608 23.111071 
19.210796 22.111071 
19.255980 21.111071 
19.303167 20.111071 
19.352394 19.111071 
19.404561 18.111071 
19.459728 17.111071 
19.517917 16.111071 
19.580106 15.111070 
19.646290 14.111070 
19.716458 13.111069 
19.792702 12.111069 
19.874954 11.111069 
19.965142 10.111069 
20.063390 9.111069 
20.172625 8.111069 
20.295846 7.111069 
20.436107 6.111069 
20.599321 5.111069 
20.794495 4.111069 
21.037673 3.111069 
21.358862 2.111069 
21.832039 1.111069 
22.732230 0.111069 
23.145525 1.111069 
24.045776 2.111069 
24.519060 3.111069 
24.840307 4.111069 
25.083521 5.111069 
25.278730 6.111069 
25.441940 7.111069 
25.582124 8.111069 
25.705313 9.111069 
25.814515 10.111069 
25.912699 11.111069 
26.002874 12.111069 
26.085049 13.111069 
26.161219 14.111069 
26.231393 15.111068 
26.297582 16.111069 
26.421808 17.111069 
26.479969 18.111069 
26.535128 19.111069 
26.587291 20.111069 
26.636453 21.111069 
26.683620 22.111069 
26.728782 23.111069 
26.771945 24.111069 
26.813109 25.111071 
26.852278 26.111071 
26.890455 27.111071 
26.926618 28.111071 
26.961786 29.111071 
26.995957 30.111071 
27.029123 31.111071 
27.061284 32.111069 
27.092444 33.111069 
27.122602 34.111069 
27.151763 35.111069 
27.179928 36.111069 
27.207089 37.111069 
27.234360 38.111069 
27.260529 39.111069 
27.285690 40.111069 
27.309867 41.111069 
27.334045 42.111069 
27.357207 43.111069 
27.380374 44.111069 
27.402535 45.111069 
27.424695 46.111069 
27.445854 47.111069 
27.467012 48.111069 
27.487170 49.111069 
27.507328 50.111069 
27.526485 51.111069 
27.545663 52.111069 
27.564814 53.111069 
27.582972 54.111069 
27.601131 55.111065 
27.619280 56.111065 
27.636439 57.111061 
27.653602 58.111061 
27.670768 59.111065 
27.686947 60.111065 
27.703127 61.111061 
27.719306 62.111065 
27.735487 63.111065 
27.750666 64.111069 
27.765842 65.111069 
27.781021 66.111069 
27.796203 67.111069 
27.810382 68.111069 
27.824571 69.111069 
27.838745 70.111069 
27.852927 71.111069 
27.867107 72.111069 
27.880287 73.111069 
27.893454 74.111069 
27.906656 75.111069 
27.919816 76.111069 
27.932998 77.111069 
27.945180 78.111069 
27.957361 79.111069 
27.969528 80.111069 
27.981686 81.111069 
27.993860 82.111069 
28.006039 83.111069 
28.018218 84.111069 
28.029400 85.111069 
28.040571 86.111069 
28.051751 87.111069 
28.062932 88.111069 
28.074079 89.111069 
28.085260 90.111069 
28.096429 91.111069 
28.106592 92.111069 
28.116758 93.111069 
28.126919 94.111069 
28.137085 95.111069 
28.147248 96.111069 
28.157410 97.111069 
28.167565 98.111069 
28.177734 99.111069 
28.187891 100.111061 
28.197043 101.111061 
28.206198 102.111061 
28.215356 103.111061 
28.224506 104.111061 
28.233667 105.111061 
28.242818 106.111061 
28.251983 107.111053 
28.270203 108.111053 
28.288425 109.111053 
28.297587 111.111053 
28.315807 111.111053 
28.324965 112.111053 
28.333124 113.111053 
28.341273 114.111046 
28.349431 115.111046 
28.357606 116.111046 
28.365761 117.111046 
28.373909 118.111038 
28.382079 119.111031 
28.390235 120.111031 
28.406439 121.111031 
28.414604 122.111031 
28.422750 123.111023 
28.430904 124.111015 
28.439065 125.111015 
28.446236 126.111015 
28.460461 127.111015 
28.467624 128.111023 
28.474795 129.111023 
28.489010 130.111023 
28.496174 131.111023 
28.503337 132.111023 
28.517546 133.111023 
28.524711 134.111023 
28.531872 135.111023 
28.539006 136.111023 
28.546139 137.111023 
28.553284 138.111023 
28.560441 139.111023 
28.567597 140.111023 
28.574769 141.111023 
28.588991 142.111023 
28.596161 143.111023 
28.609376 144.111023 
28.615562 145.111023 
28.621722 146.111023 
28.627886 147.111023 
28.634044 148.111023 
28.640192 149.111023 
28.646357 150.111023 
28.652521 151.111023 
28.664735 152.111023 
28.676957 153.111023 
28.683128 154.111023 
28.689291 155.111023 
28.695465 156.111023 
28.701643 157.111023 
28.707803 158.111023 
28.713957 159.111023 
28.720122 160.111023 
28.732337 161.111023 
28.738504 162.111023 
28.744675 163.111023 
28.756899 164.111023 
28.769121 165.111023 
28.775284 166.111023 
28.781454 167.111023 
28.786618 168.111023 
28.796843 168.111023 
28.801992 168.111023 
28.807156 167.111023 
28.818372 166.111023 
28.824537 165.111023 
28.830700 164.111023 
28.836857 163.111023 
28.843037 162.111023 
28.855246 161.111023 
28.861413 160.111023 
28.867582 159.111023 
28.873740 158.111023 
28.879901 157.111023 
28.892118 156.111023 
28.898280 155.111023 
28.910496 154.111023 
28.922716 153.111023 
28.928874 152.111023 
28.935038 151.111023 
28.941218 150.111023 
28.947384 149.111023 
28.953555 148.111023 
28.959725 147.111023 
28.965888 146.111023 
28.972067 145.111023 
28.978246 144.111023 
28.984426 143.111023 
28.990605 142.111023 
28.997779 141.111023 
29.004935 140.111023 
29.012114 139.111023 
29.019295 138.111023 
29.026473 137.111023 
29.033630 136.111023 
29.040802 135.111023 
29.047950 134.111023 
29.055129 133.111023 
29.062308 132.111023 
29.069499 131.111023 
29.083709 130.111023 
29.090887 129.111023 
29.098065 128.111023 
29.105238 127.111023 
29.112404 126.111023 
29.119575 125.111023 
29.126754 124.111015 
29.134934 123.111008 
29.143113 122.111008 
29.151292 121.111015 
29.159472 120.111015 
29.167651 119.111023 
29.175823 118.111031 
29.184003 117.111031 
29.192196 116.111038 
29.200374 115.111038 
29.208555 114.111038 
29.216735 113.111038 
29.224916 112.111038 
29.233079 111.111038 
29.242244 110.111038 
29.251422 109.111046 
29.260602 108.111053 
29.269770 107.111053 
29.278940 106.111061 
29.288119 105.111061 
29.297299 104.111061 
29.306463 103.111061 
29.315643 102.111061 
29.324791 101.111061 
29.333969 100.111061 
29.343157 99.111061 
29.353323 98.111061 
29.363489 97.111061 
29.373666 96.111061 
29.383844 95.111069 
29.394024 94.111069 
29.404205 93.111069 
29.414362 92.111069 
29.424521 91.111069 
29.434686 90.111069 
29.445863 89.111069 
29.457043 88.111069 
29.468224 87.111069 
29.479384 86.111069 
29.490556 85.111069 
29.501733 84.111069 
29.512913 83.111069 
29.525070 82.111069 
29.537251 81.111069 
29.549433 80.111069 
29.561618 79.111069 
29.573786 78.111069 
29.585955 77.111069 
29.598135 76.111069 
29.611315 75.111069 
29.624496 74.111069 
29.637673 73.111069 
29.650852 72.111069 
29.664013 71.111069 
29.678184 70.111069 
29.692365 69.111069 
29.706545 68.111069 
29.720727 67.111069 
29.734907 66.111069 
29.750087 65.111069 
29.765268 64.111069 
29.780449 63.111069 
29.795630 62.111073 
29.811810 61.111069 
29.827991 60.111065 
29.844167 59.111065 
29.860368 58.111061 
29.877537 57.111061 
29.894722 56.111061 
29.911880 55.111061 
29.930069 54.111057 
29.948246 53.111061 
29.966426 52.111065 
29.985623 51.111065 
30.004788 50.111065 
30.023970 49.111061 
30.044166 48.111065 
30.064345 47.111065 
30.085528 46.111065 
30.106709 45.111065 
30.128891 44.111065 
30.151075 43.111065 
30.174256 42.111065 
30.197438 41.111065 
30.221614 40.111065 
30.245796 39.111065 
30.270979 38.111065 
30.297158 37.111065 
30.323339 36.111065 
30.350523 35.111065 
30.378692 34.111065 
30.407886 33.111065 
30.438050 32.111065 
30.469234 31.111063 
30.501405 30.111063 
30.534558 29.111065 
30.568773 28.111065 
30.603989 27.111067 
30.640171 26.111069 
30.678346 25.111071 
30.717569 24.111071 
30.758745 23.111071 
30.801909 22.111071 
30.847070 21.111071 
30.894225 20.111071 
30.943388 19.111071 
30.995539 18.111071 
31.050701 17.111071 
31.108904 16.111071 
31.171066 15.111070 
31.237227 14.111070 
31.307396 13.111069 
31.383559 12.111069 
31.465736 11.111069 
31.555939 10.111069 
31.654148 9.111069 
31.763312 8.111069 
31.886474 7.111069 
32.026660 6.111069 
32.189896 5.111069 
32.385105 4.111069 
32.628262 3.111069 
32.949444 2.111069 
33.422637 1.111069 
34.322822 0.111069 
34.736065 1.111069 
35.636242 2.111069 
36.109414 3.111069 
36.430590 4.111069 
36.673757 5.111069 
36.868935 6.111069 
37.032135 7.111069 
37.172320 8.111069 
37.295498 9.111069 
37.404678 10.111069 
37.502853 11.111069 
37.593032 12.111069 
37.675210 13.111069 
37.751389 14.111069 
37.821579 15.111068 
37.887767 16.111069 
37.949935 17.111069 
38.008114 18.111069 
38.063295 19.111069 
38.115479 20.111069 
38.164659 21.111069 
38.211839 22.111069 
38.257020 23.111069 
38.300210 24.111069 
38.341384 25.111071 
38.380565 26.111071 
38.418731 27.111071 
38.454912 28.111071 
38.490093 29.111071 
38.524274 30.111071 
38.557454 31.111071 
38.589645 32.111069 
38.620837 33.111069 
38.651017 34.111069 
38.680193 35.111069 
38.708368 36.111069 
38.735548 37.111069 
38.761728 38.111069 
38.787909 39.111069 
38.813088 40.111069 
38.837269 41.111069 
38.861418 42.111069 
38.884599 43.111069 
38.907786 44.111069 
38.929937 45.111069 
38.952117 46.111069 
38.973297 47.111069 
38.994478 48.111069 
39.014658 49.111069 
39.034823 50.111069 
39.054001 51.111069 
39.073181 52.111069 
39.092363 53.111069 
39.110520 54.111069 
39.128676 55.111065 
39.146834 56.111065 
39.163995 57.111061 
39.181166 58.111061 
39.198349 59.111065 
39.214513 60.111065 
39.230693 61.111061 
39.246849 62.111065 
39.263028 63.111065 
39.278207 64.111069 
39.293388 65.111069 
39.308567 66.111069 
39.323747 67.111069 
39.337926 68.111069 
39.352106 69.111069 
39.366262 70.111069 
39.380442 71.111069 
39.394601 72.111069 
39.407780 73.111069 
39.420944 74.111069 
39.434110 75.111069 
39.460324 76.111069 
39.473489 77.111069 
39.485652 78.111069 
39.497827 79.111069 
39.510008 80.111069 
39.522184 81.111069 
39.534368 82.111069 
39.546521 83.111069 
39.558691 84.111069 
39.569871 85.111069 
39.581038 86.111069 
39.592220 87.111069 
39.603407 88.111069 
39.614582 89.111069 
39.625763 90.111069 
39.636913 91.111069 
39.647096 92.111069 
39.657272 93.111069 
39.667423 94.111069 
39.677637 95.111069 
39.687806 96.111069 
39.697957 97.111069 
39.708126 98.111069 
39.718303 99.111069 
39.728455 100.111061 
39.737630 101.111061 
39.746798 102.111061 
39.755949 103.111061 
39.765131 104.111061 
39.774324 105.111061 
39.783492 106.111061 
39.792666 107.111053 
39.801849 108.111053 
39.811022 109.111053 
39.820196 110.111053 
39.829363 111.111053 
39.838524 112.111053 
39.846708 113.111053 
39.854872 114.111046 
39.871094 115.111046 
39.879270 116.111046 
39.887437 117.111046 
39.895613 118.111038 
39.903781 119.111031 
39.911957 120.111031 
39.920131 121.111031 
39.928307 122.111031 
39.936490 123.111023 
39.944665 124.111015 
39.952840 125.111015 
39.968052 126.111015 
39.975227 127.111015 
39.982403 128.111023 
39.989577 129.111023 
39.996731 130.111023 
40.003905 131.111023 
40.011090 132.111023 
40.018257 133.111023 
40.025432 134.111023 
40.032593 135.111023 
40.039768 136.111023 
40.053992 137.111023 
40.061167 138.111023 
40.068328 139.111023 
40.075503 140.111023 
40.082679 141.111023 
40.089866 142.111023 
40.103084 143.111023 
40.109258 144.111023 
40.115420 145.111023 
40.121615 146.111023 
40.133824 147.111023 
40.139995 148.111023 
40.146170 149.111023 
40.152322 150.111023 
40.158496 151.111023 
40.164671 152.111023 
40.176905 153.111023 
40.183073 154.111023 
40.189249 155.111023 
40.201474 156.111023 
40.207643 157.111023 
40.213792 158.111023 
40.219965 159.111023 
40.226148 160.111023 
40.232323 161.111023 
40.238499 162.111023 
40.244650 163.111023 
40.250825 164.111023 
40.257008 165.111023 
40.263183 166.111023 
40.269353 167.111023 
40.274501 167.111023 
40.279669 166.111023 
40.290892 165.111023 
40.297066 164.111023 
40.303250 163.111023 
40.309425 162.111023 
40.321630 161.111023 
40.327799 160.111023 
40.333950 159.111023 
40.340117 158.111023 
40.352342 157.111023 
40.358510 156.111023 
40.364661 155.111023 
40.370836 154.111023 
40.377004 153.111023 
40.383179 152.111023 
40.389354 151.111023 
40.395538 150.111023 
40.401704 149.111023 
40.407883 148.111023 
40.414058 147.111023 
40.420232 146.111023 
40.426383 145.111023 
40.432558 144.111023 
40.438733 143.111023 
40.444908 142.111023 
40.458142 141.111023 
40.465315 140.111023 
40.472507 139.111023 
40.479692 138.111023 
40.493915 137.111023 
40.501091 136.111023 
40.508265 135.111023 
40.515455 134.111023 
40.522623 133.111023 
40.536846 132.111023 
40.544021 131.111023 
40.551172 130.111023 
40.558356 129.111023 
40.565523 128.111023 
40.579743 127.111023 
40.586917 126.111023 
40.594092 125.111023 
40.601268 124.111015 
40.616495 123.111008 
40.624662 122.111008 
40.632840 121.111015 
40.649062 120.111015 
40.657237 119.111023 
40.665413 118.111031 
40.673564 117.111031 
40.681740 116.111038 
40.689905 115.111038 
40.706119 114.111038 
40.714294 113.111038 
40.722470 112.111038 
40.730652 111.111038 
40.739827 110.111038 
40.749002 109.111046 
40.758178 108.111053 
40.767329 107.111053 
40.776504 106.111061 
40.785674 105.111061 
40.803896 104.111061 
40.813070 103.111061 
40.822238 102.111061 
40.831414 101.111061 
40.840597 100.111061 
40.849771 99.111061 
40.859922 98.111061 
40.870084 97.111061 
40.880254 96.111061 
40.890406 95.111069 
40.900582 94.111069 
40.910751 93.111069 
40.920903 92.111069 
40.931072 91.111069 
40.941240 90.111069 
40.952393 89.111069 
40.963561 88.111069 
40.974730 87.111069 
40.985906 86.111069 
40.997074 85.111069 
41.008242 84.111069 
41.019426 83.111069 
41.031596 82.111069 
41.043749 81.111069 
41.055917 80.111069 
41.068085 79.111069 
41.080260 78.111069 
41.092429 77.111069 
41.104580 76.111069 
41.117746 75.111069 
41.130920 74.111069 
41.144095 73.111069 
41.157272 72.111069 
41.170449 71.111069 
41.184625 70.111069 
41.198777 69.111069 
41.212945 68.111069 
41.227134 67.111069 
41.241309 66.111069 
41.256484 65.111069 
41.271660 64.111069 
41.286836 63.111069 
41.302011 62.111073 
41.318187 61.111069 
41.334374 60.111065 
41.350551 59.111065 
41.366719 58.111061 
41.383871 57.111061 
41.401046 56.111061 
41.418223 55.111061 
41.436398 54.111057 
41.454575 53.111061 
41.491788 52.111065 
41.510957 51.111065 
41.530142 50.111065 
41.549313 49.111061 
41.569468 48.111065 
41.589661 47.111065 
41.610836 46.111065 
41.631986 45.111065 
41.654159 44.111065 
41.676331 43.111065 
41.699489 42.111065 
41.722648 41.111065 
41.746808 40.111065 
41.771022 39.111065 
41.796212 38.111065 
41.822381 37.111065 
41.848550 36.111065 
41.875714 35.111065 
41.903874 34.111065 
41.933030 33.111065 
41.963191 32.111065 
41.994366 31.111063 
42.026580 30.111063 
42.059763 29.111065 
42.093910 28.111065 
42.129098 27.111067 
42.165264 26.111069 
42.203455 25.111071 
42.242631 24.111071 
42.283813 23.111071 
42.326973 22.111071 
42.372155 21.111071 
42.419340 20.111071 
42.468510 19.111071 
42.520678 18.111071 
42.575875 17.111071 
42.634055 16.111071 
42.696217 15.111070 
42.762376 14.111070 
42.832568 13.111069 
42.908774 12.111069 
42.990982 11.111069 
43.081154 10.111069 
43.179340 9.111069 
43.288534 8.111069 
43.411695 7.111069 
43.551870 6.111069 
43.715050 5.111069 
43.910229 4.111069 
44.153414 3.111069 
44.474606 2.111069 
44.947845 1.111069 
45.848080 0.111069 
46.261367 1.111069 
47.161583 2.111069 
47.634812 3.111069 
47.955986 4.111069 
48.199155 5.111069 
48.394317 6.111069 
48.557500 7.111069 
48.697682 8.111069 
48.820852 9.111069 
48.930037 10.111069 
49.028222 11.111069 
49.118403 12.111069 
49.200577 13.111069 
49.276760 14.111069 
49.346949 15.111068 
49.413124 16.111069 
49.475306 17.111069 
49.533488 18.111069 
49.588669 19.111069 
49.640820 20.111069 
49.689999 21.111069 
49.737165 22.111069 
49.782331 23.111069 
49.825491 24.111069 
49.866658 25.111071 
49.905826 26.111071 
49.943987 27.111071 
49.980161 28.111071 
50.015327 29.111071 
50.049494 30.111071 
50.115708 31.111071 
50.147890 32.111069 
50.179073 33.111069 
50.209225 34.111069 
50.238376 35.111069 
50.266534 36.111069 
50.320748 37.111069 
50.346915 38.111069 
50.398129 39.111069 
50.423311 40.111069 
50.447469 41.111069 
50.471652 42.111069 
50.494834 43.111069 
50.518016 44.111069 
50.540207 45.111069 
50.583426 46.111069 
50.604602 47.111069 
50.625762 48.111069 
50.645939 49.111069 
50.666100 50.111069 
50.685257 51.111069 
50.723475 52.111069 
50.742631 53.111069 
50.760812 54.111069 
50.778993 55.111065 
50.797175 56.111065 
50.814365 57.111061 
50.848585 58.111061 
50.865764 59.111065 
50.881925 60.111065 
50.898101 61.111061 
50.930327 62.111065 
50.946501 63.111065 
50.961678 64.111069 
50.976841 65.111069 
50.992022 66.111069 
51.021247 67.111069 
51.035423 68.111069 
51.049635 69.111069 
51.077860 70.111069 
51.092041 71.111069 
51.106189 72.111069 
51.119378 73.111069 
51.132552 74.111069 
51.145731 75.111069 
51.158893 76.111069 
51.172075 77.111069 
51.197302 78.111069 
51.209482 79.111069 
51.221660 80.111069 
51.246947 81.111069 
51.259097 82.111069 
51.271255 83.111069 
51.283414 84.111069 
51.294572 85.111069 
51.316784 86.111069 
51.339009 87.111069 
51.350165 88.111069 
51.361323 89.111069 
51.372490 90.111069 
51.393694 91.111069 
51.403852 92.111069 
51.424065 93.111069 
51.444275 94.111069 
51.454434 95.111069 
51.464593 96.111069 
51.484809 97.111069 
51.505022 98.111069 
51.525239 99.111069 
51.544453 100.111061 
51.563663 101.111061 
51.582879 102.111061 
51.592043 103.111061 
51.610264 104.111061 
51.628471 105.111061 
51.637630 106.111061 
51.655840 107.111053 
51.674048 108.111053 
51.692248 109.111053 
51.701404 110.111053 
51.719605 111.111053 
51.728762 112.111053 
51.736920 113.111053 
51.753118 114.111046 
51.769341 115.111046 
51.785547 116.111046 
51.801778 117.111046 
51.809929 118.111038 
51.818100 119.111031 
51.834317 120.111031 
51.850532 121.111031 
51.866756 122.111031 
51.882979 123.111023 
51.899196 124.111015 
51.915419 125.111015 
51.930650 126.111015 
51.937827 127.111015 
51.944987 128.111023 
51.959205 129.111023 
51.966369 130.111023 
51.980585 131.111023 
51.994785 132.111023 
52.009009 133.111023 
52.023209 134.111023 
52.037426 135.111023 
52.051626 136.111023 
52.058805 137.111023 
52.073021 138.111023 
52.087238 139.111023 
52.094417 140.111023 
52.108642 141.111023 
52.122859 142.111023 
52.136077 143.111023 
52.149289 144.111023 
52.162505 145.111023 
52.175705 146.111023 
52.181858 147.111023 
52.188015 148.111023 
52.200213 149.111023 
52.212423 150.111023 
52.224651 151.111023 
52.230829 152.111023 
52.243035 153.111023 
52.255257 154.111023 
52.267479 155.111023 
52.279692 156.111023 
52.291897 157.111023 
52.304119 158.111023 
52.316336 159.111023 
52.322515 160.111023 
52.334739 161.111023 
52.346963 162.111023 
52.359171 163.111023 
52.371403 164.111023 
52.383621 165.111023 
52.389798 166.111023 
52.395968 167.111023 
52.407194 168.111023 
52.418394 169.111023 
52.429619 170.111023 
52.440836 171.111023 
52.446015 172.111023 
52.456239 173.111023 
52.466464 174.111023 
52.476664 175.111023 
52.486886 176.111023 
52.497111 177.111023 
52.507312 178.111023 
52.517520 179.111023 
52.527745 180.111023 
52.537943 181.111008 
52.548167 182.111008 
52.558391 183.111008 
52.563551 184.111008 
52.573757 185.111008 
52.578927 186.111008 
52.589152 187.111008 
52.599352 188.111008 
52.609576 189.111008 
52.619809 190.111008 
52.630008 191.111008 
52.640216 192.111008 
52.650422 192.111008 
52.660620 192.111008 
52.670834 191.111008 
52.681059 190.111008 
52.686208 189.111008 
52.696425 188.111008 
52.706649 187.111008 
52.716873 186.111008 
52.727114 185.111008 
52.732265 184.111008 
52.742490 183.111008 
52.752691 182.111008 
52.762913 181.111008 
52.773137 180.111008 
52.783337 179.111008 
52.793560 178.111008 
52.803782 177.111008 
52.808941 176.111008 
52.819164 175.111008 
52.829381 174.111008 
52.839605 173.111008 
52.849812 172.111008 
52.854967 171.111008 
52.865177 170.111008 
52.870327 169.111008 
52.880544 168.111008 
52.890718 167.111008 
52.901941 166.111008 
52.913165 165.111008 
52.924390 164.111008 
52.930548 163.111008 
52.942757 162.111008 
52.954982 161.111008 
52.967183 160.111008 
52.979406 159.111008 
52.991629 158.111008 
53.003851 157.111008 
53.016075 156.111008 
53.028275 155.111008 
53.040499 154.111008 
53.046679 153.111008 
53.058878 152.111008 
53.071102 151.111008 
53.083326 150.111008 
53.095538 149.111008 
53.107720 148.111008 
53.119924 147.111008 
53.132139 146.111008 
53.144348 145.111008 
53.156561 144.111008 
53.162724 143.111008 
53.175935 142.111008 
53.189148 141.111008 
53.202367 140.111008 
53.215584 139.111008 
53.228808 138.111008 
53.235968 137.111008 
53.250183 136.111008 
53.264404 135.111008 
53.278634 134.111008 
53.285810 133.111008 
53.300033 132.111008 
53.314249 131.111008 
53.328457 130.111008 
53.342665 129.111008 
53.356887 128.111008 
53.371103 127.111008 
53.385327 126.111008 
53.399570 125.111008 
53.406752 124.111000 
53.421877 123.111000 
53.437008 122.111008 
53.445189 121.111015 
53.461389 120.111015 
53.477634 119.111023 
53.493861 118.111031 
53.502045 117.111031 
53.518270 116.111038 
53.534478 115.111038 
53.550679 114.111038 
53.558859 113.111038 
53.575076 112.111038 
53.592300 111.111038 
53.609524 110.111038 
53.626749 109.111046 
53.643949 108.111053 
53.661176 107.111053 
53.678401 106.111061 
53.687559 105.111061 
53.705757 104.111061 
53.714933 103.111061 
53.733157 102.111061 
53.742330 101.111061 
53.760567 100.111061 
53.779768 99.111061 
53.798965 98.111061 
53.809123 97.111061 
53.829324 96.111061 
53.849541 95.111069 
53.859728 94.111069 
53.879944 93.111069 
53.900169 92.111069 
53.920379 91.111069 
53.930538 90.111069 
53.951720 89.111069 
53.972928 88.111069 
53.984109 87.111069 
54.006327 86.111069 
54.017519 85.111069 
54.039801 84.111069 
54.050978 83.111069 
54.063128 82.111069 
54.075286 81.111069 
54.099504 80.111069 
54.111686 79.111069 
54.135888 78.111069 
54.148079 77.111069 
54.173304 76.111069 
54.198506 75.111069 
54.211663 74.111069 
54.237881 73.111069 
54.251061 72.111069 
54.264243 71.111069 
54.291468 70.111069 
54.305657 69.111069 
54.319830 68.111069 
54.348062 67.111069 
54.362233 66.111069 
54.377401 65.111069 
54.407637 64.111069 
54.422835 63.111069 
54.438002 62.111073 
54.454181 61.111069 
54.470350 60.111065 
54.502586 59.111065 
54.518757 58.111061 
54.535935 57.111061 
54.553087 56.111061 
54.570264 55.111061 
54.588441 54.111057 
54.624718 53.111061 
54.661940 52.111065 
54.681098 51.111065 
54.719318 50.111065 
54.738476 49.111061 
54.758657 48.111065 
54.778841 47.111065 
54.799993 46.111065 
54.843220 45.111065 
54.865395 44.111065 
54.909577 43.111065 
54.932790 42.111065 
54.955976 41.111065 
54.980143 40.111065 
55.029345 39.111065 
55.054501 38.111065 
55.080672 37.111065 
55.106857 36.111065 
55.160074 35.111065 
55.188242 34.111065 
55.246460 33.111065 
55.276629 32.111065 
55.338843 31.111063 
55.371028 30.111063 
55.404195 29.111065 
55.472442 28.111065 
55.507636 27.111067 
55.543808 26.111069 
55.582001 25.111071 
55.621210 24.111071 
55.662398 23.111071 
55.705606 22.111071 
55.750829 21.111071 
55.798027 20.111071 
55.847192 19.111071 
55.899353 18.111071 
55.954555 17.111071 
56.012733 16.111071 
56.074900 15.111070 
56.141069 14.111070 
56.211239 13.111069 
56.287406 12.111069 
56.369579 11.111069 
56.459783 10.111069 
56.557955 9.111069 
56.667167 8.111069 
56.790396 7.111069 
56.930566 6.111069 
57.093739 5.111069 
57.288913 4.111069 
57.532101 3.111069 
57.853276 2.111069 
58.326460 1.111069 
59.226651 0.111069 
59.639884 1.111069 
60.540075 2.111069 
61.013266 3.111069 
61.334447 4.111069 
61.577633 5.111069 
61.772820 6.111069 
61.936006 7.111069 
62.076208 8.111069 
62.199406 9.111069 
62.308583 10.111069 
62.406774 11.111069 
62.496948 12.111069 
62.579130 13.111069 
62.655312 14.111069 
62.801542 15.111068 
62.867720 16.111069 
62.929902 17.111069 
63.047139 18.111069 
63.161363 19.111069 
63.213536 20.111069 
63.262702 21.111069 
63.309879 22.111069 
63.400107 23.111069 
63.488324 24.111069 
63.529491 25.111071 
63.608707 26.111071 
63.685924 27.111071 
63.762150 28.111071 
63.797323 29.111071 
63.865550 30.111071 
63.932780 31.111071 
63.999038 32.111069 
64.030200 33.111069 
64.091401 34.111069 
64.120585 35.111069 
64.148775 36.111069 
64.175950 37.111069 
64.229171 38.111069 
64.281394 39.111069 
64.306578 40.111069 
64.330736 41.111069 
64.377970 42.111069 
64.425184 43.111069 
64.448360 44.111069 
64.470543 45.111069 
64.513771 46.111069 
64.557003 47.111069 
64.599224 48.111069 
64.619406 49.111069 
64.658639 50.111069 
64.697850 51.111069 
64.717007 52.111069 
64.736172 53.111069 
64.773397 54.111069 
64.791563 55.111065 
64.826784 56.111065 
64.843949 57.111061 
64.878173 58.111061 
64.911391 59.111065 
64.944612 60.111065 
64.977822 61.111061 
64.993990 62.111065 
65.025221 63.111065 
65.056438 64.111069 
65.087662 65.111069 
65.118887 66.111069 
65.134058 67.111069 
65.163275 68.111069 
65.192491 69.111069 
65.221714 70.111069 
65.235888 71.111069 
65.263119 72.111069 
65.276291 73.111069 
65.302493 74.111069 
65.328724 75.111069 
65.354942 76.111069 
65.368124 77.111069 
65.393325 78.111069 
65.418542 79.111069 
65.443759 80.111069 
65.468983 81.111069 
65.494200 82.111069 
65.519424 83.111069 
65.543625 84.111069 
65.567843 85.111069 
65.592061 86.111069 
65.603242 87.111069 
65.625473 88.111069 
65.647696 89.111069 
65.669926 90.111069 
65.681094 91.111069 
65.702318 92.111069 
65.712486 93.111069 
65.732722 94.111069 
65.752941 95.111069 
65.763123 96.111069 
65.783337 97.111069 
65.803552 98.111069 
65.823757 99.111069 
65.833907 100.111061 
65.853133 101.111061 
65.872352 102.111061 
65.891574 103.111061 
65.910807 104.111061 
65.930062 105.111061 
65.949282 106.111061 
65.968502 107.111053 
65.987759 108.111053 
66.007008 109.111053 
66.026236 110.111053 
66.045458 111.111053 
66.063694 112.111053 
66.081916 113.111053 
66.100165 114.111046 
66.118371 115.111046 
66.136593 116.111046 
66.154830 117.111046 
66.173065 118.111038 
66.191305 119.111031 
66.209525 120.111031 
66.227756 121.111031 
66.245988 122.111031 
66.254171 123.111023 
66.270405 124.111015 
66.285619 125.111015 
66.300827 126.111015 
66.316043 127.111015 
66.331245 128.111023 
66.346472 129.111023 
66.361672 130.111023 
66.368844 131.111023 
66.383070 132.111023 
66.397302 133.111023 
66.411518 134.111023 
66.425730 135.111023 
66.439945 136.111023 
66.454148 137.111023 
66.468366 138.111023 
66.482575 139.111023 
66.496787 140.111023 
66.511027 141.111023 
66.525249 142.111023 
66.538468 143.111023 
66.551699 144.111023 
66.564914 145.111023 
66.578132 146.111023 
66.591348 147.111023 
66.604556 148.111023 
66.617785 149.111023 
66.630991 150.111023 
66.644208 151.111023 
66.657424 152.111023 
66.670641 153.111023 
66.683856 154.111023 
66.697073 155.111023 
66.710291 156.111023 
66.723500 157.111023 
66.736722 158.111023 
66.749939 159.111023 
66.763146 160.111023 
66.776355 161.111023 
66.789572 162.111023 
66.802801 163.111023 
66.816007 164.111023 
66.822181 165.111023 
66.834412 166.111023 
66.845629 167.111023 
66.856848 168.111023 
66.868085 169.111023 
66.879326 170.111023 
66.890560 171.111023 
66.901792 172.111023 
66.906947 173.111023 
66.917181 174.111023 
66.927401 175.111023 
66.937639 176.111023 
66.947864 177.111023 
66.958097 178.111023 
66.968308 179.111023 
66.978525 180.111023 
66.988743 181.111008 
66.998950 182.111008 
67.009167 183.111008 
67.019388 184.111008 
67.029610 185.111008 
67.039819 187.111008 
67.050040 187.111008 
67.060250 188.111008 
67.070467 189.111008 
67.080688 190.111008 
67.090897 191.111008 
67.101114 192.111008 
67.111332 193.111008 
67.121541 194.111008 
67.131763 195.111008 
67.141980 196.110992 
67.152195 197.110992 
67.162413 198.110992 
67.172629 199.110992 
67.181843 200.110992 
67.191056 201.110992 
67.200273 202.110992 
67.209480 203.110992 
67.218716 204.110992 
67.227938 205.110992 
67.237150 206.110992 
67.246381 207.110992 
67.255597 208.110992 
67.264808 209.110992 
67.274023 210.110992 
67.283240 211.111008 
67.292459 212.111008 
67.301665 213.111023 
67.310878 214.111023 
67.320095 215.111023 
67.329305 216.111023 
67.338519 217.111023 
67.347753 218.111008 
67.356988 219.111008 
67.366201 219.111008 
67.375416 218.111008 
67.384634 217.110992 
67.393840 216.110977 
67.403054 215.110977 
67.412285 214.110977 
67.416445 213.110977 
67.424633 212.110977 
67.432831 211.110977 
67.441056 210.110992 
67.449267 209.110992 
67.457478 208.110992 
67.465694 207.110992 
67.469856 206.110992 
67.478079 205.110992 
67.486280 204.110992 
67.494487 203.110992 
67.502697 202.110992 
67.510909 201.110992 
67.519128 200.110992 
67.528350 199.110992 
67.537559 198.110992 
67.546773 197.110992 
67.555982 196.110992 
67.565191 195.110992 
67.574391 194.110992 
67.583598 193.110992 
67.592806 192.110992 
67.602009 191.110992 
67.611209 190.110992 
67.620435 189.110992 
67.629619 188.110992 
67.638819 187.110992 
67.648026 186.110992 
67.657234 185.110992 
67.666436 184.110992 
67.675641 183.110992 
67.684863 182.110992 
67.694070 181.110992 
67.703279 179.110992 
67.712486 179.110992 
67.721698 178.110992 
67.730894 177.110992 
67.740118 176.110992 
67.749341 175.110992 
67.754501 174.110992 
67.764710 173.110992 
67.774925 172.110992 
67.785146 171.110992 
67.795356 170.110992 
67.805573 169.110992 
67.815803 168.110992 
67.826011 167.110992 
67.837226 166.110992 
67.848458 165.110992 
67.859625 164.110992 
67.870839 162.110992 
67.882056 162.110992 
67.893272 161.110992 
67.904489 160.110992 
67.915697 159.110992 
67.921863 158.110992 
67.928042 157.110992 
67.940277 156.110992 
67.952512 155.110992 
67.964757 154.110992 
67.976972 153.110992 
67.989190 152.110992 
68.001410 151.110992 
68.013633 150.110992 
68.025852 149.110992 
68.038075 148.110992 
68.050309 147.110992 
68.062544 146.110992 
68.074778 145.110992 
68.087023 144.110992 
68.099249 143.110992 
68.112482 142.110992 
68.125693 141.110992 
68.138907 140.110992 
68.152123 139.110992 
68.165330 138.110992 
68.178548 137.110992 
68.191755 136.110992 
68.204981 135.110992 
68.218199 134.110992 
68.231400 133.110992 
68.244621 132.110992 
68.251801 131.110992 
68.266031 130.110992 
68.280249 129.110992 
68.294464 128.110992 
68.308695 127.110992 
68.315861 126.110992 
68.330082 125.110992 
68.345301 124.110985 
68.360534 123.110985 
68.375752 122.110992 
68.390984 121.111000 
68.406192 120.111000 
68.421409 119.111008 
68.436626 118.111015 
68.444790 117.111023 
68.461015 116.111023 
68.477248 115.111023 
68.493481 114.111023 
68.509695 113.111031 
68.525905 112.111023 
68.543121 111.111031 
68.560370 110.111031 
68.569548 109.111031 
68.587734 108.111031 
68.605915 107.111031 
68.624103 106.111023 
68.642290 105.111023 
68.660486 104.111023 
68.678662 103.111023 
68.696846 102.111031 
68.715047 101.111031 
68.733248 100.111023 
68.752436 99.111023 
68.762602 98.111023 
68.782819 97.111023 
68.803036 96.111023 
68.823255 95.111023 
68.833420 94.111023 
68.853660 93.111023 
68.873881 92.111023 
68.894099 91.111023 
68.915337 90.111023 
68.936588 89.111023 
68.947768 88.111023 
68.958938 87.111023 
68.981165 86.111023 
69.003394 85.111023 
69.025618 84.111023 
69.048842 83.111023 
69.061024 82.111023 
69.085256 81.111023 
69.109472 80.111023 
69.121632 79.111023 
69.145839 78.111023 
69.158017 77.111023 
69.183218 76.111023 
69.208450 75.111023 
69.233665 74.111023 
69.258880 73.111023 
69.272051 72.111023 
69.299267 71.111023 
69.326503 70.111023 
69.340678 69.111023 
69.368811 68.111023 
69.396953 67.111023 
69.426092 66.111023 
69.455234 65.111023 
69.484375 64.111023 
69.499542 63.111023 
69.530760 62.111019 
69.561971 61.111019 
69.593201 60.111019 
69.624419 59.111015 
69.656636 58.111019 
69.688851 57.111019 
69.721103 56.111019 
69.738322 55.111019 
69.773523 54.111019 
69.791687 53.111023 
69.828918 52.111023 
69.866174 51.111027 
69.885382 50.111023 
69.924605 49.111023 
69.963837 48.111023 
69.984012 47.111019 
70.025137 46.111019 
70.046301 45.111019 
70.089521 44.111019 
70.133737 43.111019 
70.156889 42.111019 
70.204107 41.111019 
70.251380 40.111019 
70.275585 39.111019 
70.300765 38.111019 
70.352013 37.111019 
70.378189 36.111019 
70.405351 35.111019 
70.461560 34.111019 
70.518763 33.111019 
70.548947 32.111019 
70.611183 31.111019 
70.643370 30.111019 
70.676540 29.111019 
70.744802 28.111019 
70.779973 27.111019 
70.816156 26.111019 
70.890412 25.111019 
70.929619 24.111019 
70.970790 23.111019 
71.013994 22.111019 
71.059212 21.111019 
71.106418 20.111019 
71.155644 19.111019 
71.207845 18.111019 
71.263042 17.111019 
71.321219 16.111019 
71.383406 15.111019 
71.449569 14.111020 
71.519800 13.111020 
71.595980 12.111020 
71.678168 11.111020 
71.768395 10.111020 
71.866579 9.111020 
71.975773 8.111020 
72.098968 7.111020 
72.239136 6.111021 
72.402321 5.111021 
72.597505 4.111021 
72.840690 3.111021 
73.161895 2.111021 
73.635101 1.111021 
74.535317 0.111021 
74.952581 1.111021 
75.852773 2.111021 
76.325961 3.111021 
76.647136 4.111021 
76.890303 5.111021 
77.085488 6.111021 
77.420717 7.111021 
77.560903 8.111021 
77.684095 9.111021 
77.905325 10.111021 
78.003495 11.111021 
78.183718 12.111021 
78.357983 13.111020 
78.434164 14.111020 
78.576388 15.111019 
78.714627 16.111019 
78.848857 17.111019 
78.907038 18.111019 
79.017270 19.111019 
79.124493 20.111019 
79.229717 21.111019 
79.332934 22.111019 
79.378115 23.111019 
79.464353 24.111019 
79.548576 25.111019 
79.631818 26.111019 
79.713037 27.111019 
79.793281 28.111019 
79.828456 29.111019 
79.896696 30.111019 
79.963929 31.111019 
80.030155 32.111019 
80.095396 33.111019 
80.125574 34.111019 
80.183812 35.111019 
80.241030 36.111019 
80.297255 37.111019 
80.323432 38.111019 
80.374650 39.111019 
80.424876 40.111019 
80.475096 41.111019 
80.524320 42.111019 
80.573573 43.111019 
80.621814 44.111019 
80.670057 45.111019 
80.717275 46.111019 
80.764498 47.111019 
80.785666 48.111019 
80.826904 49.111015 
80.847086 50.111015 
80.886328 51.111015 
80.925555 52.111015 
80.963788 53.111015 
81.002014 54.111015 
81.040264 55.111015 
81.058431 56.111019 
81.075626 57.111019 
81.109865 58.111019 
81.143109 59.111015 
81.176355 60.111019 
81.209608 61.111019 
81.242840 62.111019 
81.275088 63.111019 
81.290252 64.111023 
81.320487 65.111023 
81.350707 66.111023 
81.379925 67.111023 
81.409141 68.111023 
81.438360 69.111023 
81.467584 70.111023 
81.496818 71.111023 
81.525048 72.111023 
81.553251 73.111023 
81.581454 74.111023 
81.609688 75.111023 
81.637904 76.111023 
81.665124 77.111023 
81.692343 78.111023 
81.719560 79.111023 
81.746793 81.111023 
81.774004 81.111023 
81.786161 82.111023 
81.810389 83.111023 
81.833617 84.111023 
81.856838 85.111023 
81.868001 86.111023 
81.890228 87.111023 
81.912447 88.111023 
81.934659 89.111023 
81.956884 90.111023 
81.978113 91.111023 
81.999325 92.111023 
82.020547 93.111023 
82.041775 94.111023 
82.063010 95.111023 
82.084223 96.111023 
82.105451 97.111023 
82.126669 98.111023 
82.147890 99.111023 
82.168119 100.111023 
82.188319 101.111023 
82.208519 102.111031 
82.228756 103.111031 
82.249003 104.111031 
82.269232 105.111031 
82.278420 107.111023 
82.296643 107.111023 
82.314877 108.111031 
82.333100 109.111031 
82.351314 110.111031 
82.369545 112.111023 
82.386770 112.111023 
82.404009 113.111031 
82.421213 114.111038 
82.438449 115.111038 
82.455678 116.111038 
82.472915 117.111031 
82.490139 118.111031 
82.507375 119.111031 
82.524597 120.111031 
82.541798 121.111031 
82.549965 122.111031 
82.566202 123.111023 
82.582436 125.111015 
82.597629 125.111015 
82.612852 127.111015 
82.628084 127.111015 
82.643329 129.111023 
82.658553 129.111023 
82.673789 131.111023 
82.689020 131.111023 
82.704259 133.111023 
82.719484 133.111023 
82.734720 135.111023 
82.749936 135.111023 
82.765164 136.111023 
82.780388 137.111023 
82.795635 138.111023 
82.810860 139.111023 
82.826099 140.111023 
82.841330 141.111023 
82.856567 142.111023 
82.870806 143.111023 
82.885037 144.111023 
82.899267 145.111023 
82.913489 146.111023 
82.927705 147.111023 
82.941927 148.111023 
82.956154 149.111023 
82.970377 150.111023 
82.984614 151.111023 
82.998819 152.111023 
83.013043 153.111023 
83.027249 154.111023 
83.041521 155.111023 
83.055742 156.111023 
83.069972 157.111023 
83.084191 158.111023 
83.098408 159.111023 
83.112624 160.111023 
83.126854 161.111023 
83.141079 162.111023 
83.155306 163.111023 
83.169548 164.111023 
83.183760 165.111023 
83.197984 166.111023 
83.211186 167.111023 
83.224417 168.111023 
83.237631 169.111023 
83.250844 170.111023 
83.264055 171.111023 
83.277233 172.111023 
83.290441 173.111023 
83.303645 174.111023 
83.316862 175.111023 
83.322053 176.111023 
83.332287 177.111023 
83.342498 178.111023 
83.352730 179.111023 
83.362947 180.111023 
83.373158 181.111008 
83.383377 182.111008 
83.393614 183.111008 
83.403826 184.111008 
83.414059 185.111008 
83.424294 186.111008 
83.434505 187.111008 
83.444737 188.111008 
83.454970 189.111008 
83.465204 190.111008 
83.475421 191.111008 
83.485630 192.111008 
83.495833 193.111008 
83.506051 194.111008 
83.516285 195.111008 
83.526513 196.110992 
83.536716 197.110992 
83.546927 198.110992 
83.557138 199.110992 
83.566370 200.110992 
83.575571 201.110992 
83.584789 202.110992 
83.594022 203.110992 
83.603224 204.110992 
83.612443 205.110992 
83.621666 206.110992 
83.630864 207.110992 
83.640066 208.110992 
83.649285 209.110992 
83.658493 210.110992 
83.667704 211.111008 
83.676937 212.111008 
83.686149 213.111023 
83.695361 214.111023 
83.704595 215.111023 
83.713810 216.111023 
83.723033 217.111023 
83.732267 218.111008 
83.741478 219.111008 
83.750695 220.110992 
83.759906 221.110992 
83.764087 222.110992 
83.772314 223.110977 
83.780523 224.110962 
83.788733 225.110962 
83.796952 226.110962 
83.805175 226.110962 
83.813394 225.110962 
83.821651 224.110962 
83.829865 223.110962 
83.838087 222.110962 
83.846310 221.110977 
83.854535 220.110977 
83.862768 219.110992 
83.871002 218.110992 
83.879204 217.110992 
83.887421 216.110977 
83.895631 215.110977 
83.903841 214.110977 
83.912050 213.110977 
83.920283 212.110977 
83.928516 211.110977 
83.936735 210.110992 
83.944968 209.110992 
83.953178 208.110992 
83.961412 207.110992 
83.969631 206.110992 
83.977846 205.110992 
83.986060 204.110992 
83.994293 203.110992 
84.002524 202.110992 
84.010748 201.110992 
84.018966 200.110992 
84.028216 199.110992 
84.033379 198.110992 
84.043538 197.110992 
84.053681 196.110992 
84.063818 195.110992 
84.073958 194.110992 
84.084116 193.110992 
84.094264 192.110992 
84.104407 191.110992 
84.114547 190.110992 
84.124672 189.110992 
84.134805 188.110992 
84.144945 187.110992 
84.155103 186.110992 
84.165252 185.110992 
84.175392 184.110992 
84.185550 183.110992 
84.195713 182.110992 
84.205855 181.110992 
84.216003 180.110992 
84.226152 179.110992 
84.236300 178.110992 
84.246457 177.110992 
84.256600 176.110992 
84.266738 175.110992 
84.271909 174.110992 
84.282112 173.110992 
84.292331 172.110992 
84.302555 171.110992 
84.312764 170.110992 
84.322989 169.110992 
84.333207 168.110992 
84.343426 167.110992 
84.354651 166.110992 
84.365876 165.110992 
84.377101 164.110992 
84.388320 163.110992 
84.399539 162.110992 
84.410721 161.110992 
84.421939 160.110992 
84.428112 159.110992 
84.440325 158.110992 
84.452538 157.110992 
84.464757 156.110992 
84.476970 155.110992 
84.489183 154.110992 
84.501395 153.110992 
84.513612 152.110992 
84.525823 151.110992 
84.538061 150.110992 
84.544238 149.110992 
84.556327 148.110992 
84.568421 147.110992 
84.580516 146.110992 
84.592610 145.110992 
84.604705 144.110992 
84.616791 143.110992 
84.629870 142.110992 
84.642964 141.110992 
84.656074 140.110992 
84.669183 139.110992 
84.682284 138.110992 
84.695387 137.110992 
84.708476 136.110992 
84.721569 135.110992 
84.734685 134.110992 
84.747777 133.110992 
84.760878 132.110992 
84.768059 131.110992 
84.782285 130.110992 
84.796504 129.110992 
84.810730 128.110992 
84.824954 127.110992 
84.839180 126.110992 
84.853397 125.110992 
84.868631 124.110985 
84.883850 123.110985 
84.899069 122.110992 
84.914287 121.111000 
84.929529 120.111000 
84.937700 119.111008 
84.953915 118.111015 
84.970137 117.111023 
84.986342 116.111023 
85.002566 115.111023 
85.018789 114.111023 
85.035013 113.111031 
85.051282 112.111023 
85.059461 111.111031 
85.076581 110.111031 
85.093690 109.111031 
85.110784 108.111031 
85.127878 107.111031 
85.144965 106.111023 
85.162061 105.111023 
85.179178 104.111023 
85.196273 103.111023 
85.213383 102.111031 
85.230471 101.111031 
85.247572 100.111023 
85.265677 99.111023 
85.275835 98.111023 
85.296035 97.111023 
85.316254 96.111023 
85.336480 95.111023 
85.356682 94.111023 
85.376889 93.111023 
85.397114 92.111023 
85.417316 91.111023 
85.438567 90.111023 
85.449734 89.111023 
85.460914 88.111023 
85.483150 87.111023 
85.505352 86.111023 
85.527571 85.111023 
85.549782 84.111023 
85.572992 83.111023 
85.596218 82.111023 
85.619444 81.111023 
85.642671 80.111023 
85.665902 79.111023 
85.689125 78.111023 
85.712337 77.111023 
85.736571 76.111023 
85.760795 75.111023 
85.785005 74.111023 
85.798165 73.111023 
85.824377 72.111023 
85.851599 71.111023 
85.878815 70.111023 
85.892987 69.111023 
85.921207 68.111023 
85.949458 67.111023 
85.963644 66.111023 
85.978812 65.111023 
86.009023 64.111023 
86.039237 63.111023 
86.070442 62.111019 
86.101631 61.111019 
86.132852 60.111019 
86.164089 59.111015 
86.196324 58.111019 
86.228560 57.111019 
86.260793 56.111019 
86.294029 55.111019 
86.312205 54.111019 
86.348441 53.111023 
86.366610 52.111023 
86.403813 51.111027 
86.441019 50.111023 
86.479259 49.111023 
86.499442 48.111023 
86.540671 47.111019 
86.581927 46.111019 
86.603098 45.111019 
86.646163 44.111019 
86.690221 43.111019 
86.734286 42.111019 
86.779349 41.111019 
86.803534 40.111019 
86.852801 39.111019 
86.877973 38.111019 
86.904156 37.111019 
86.957386 36.111019 
87.011641 35.111019 
87.039833 34.111019 
87.069009 33.111019 
87.129225 32.111019 
87.190441 31.111019 
87.252686 30.111019 
87.285868 29.111019 
87.320038 28.111019 
87.390297 27.111019 
87.426507 26.111019 
87.501677 25.111019 
87.540848 24.111019 
87.621018 23.111019 
87.664232 22.111019 
87.709413 21.111019 
87.803684 20.111019 
87.852919 19.111019 
87.905147 18.111019 
87.960360 17.111019 
88.077561 16.111019 
88.139771 15.111019 
88.271889 14.111020 
88.342058 13.111020 
88.494275 12.111020 
88.654509 11.111020 
88.744684 10.111020 
88.932797 9.111020 
89.041977 8.111020 
89.291186 7.111020 
89.431370 6.111021 
89.766615 5.111021 
89.961817 4.111021 
90.205010 3.111021 
90.921245 2.111021 
91.394415 3.111021 
91.715594 4.111021 
91.958774 5.111021 
92.153964 6.111021 
92.512190 7.111021 
92.652355 8.111021 
92.775550 9.111021 
92.884745 10.111021 
93.083985 11.111021 
93.275209 12.111021 
93.357376 13.111020 
93.509596 15.111019 
93.657820 15.111019 
93.802042 16.111019 
93.942265 17.111019 
94.079443 18.111019 
94.213663 19.111019 
94.344880 20.111019 
94.394042 21.111019 
94.488253 22.111019 
94.580464 23.111019 
94.670674 24.111019 
94.758893 25.111019 
94.846113 26.111019 
94.884280 27.111019 
94.957502 28.111019 
95.029725 29.111019 
95.100943 30.111019 
95.171163 31.111019 
95.240382 32.111019 
95.308601 33.111019 
95.375821 34.111019 
95.442039 35.111019 
95.507255 36.111019 
95.571473 37.111019 
95.635692 38.111019 
95.661853 39.111019 
95.712055 40.111019 
95.762268 41.111019 
95.811479 42.111019 
95.834640 43.111019 
95.879861 44.111019 
95.925074 45.111019 
95.969293 46.111019 
96.013513 47.111019 
96.056741 48.111019 
96.099953 49.111015 
96.142168 50.111015 
96.184396 51.111015 
96.226616 52.111015 
96.267828 53.111015 
96.309055 54.111015 
96.327215 55.111015 
96.362434 56.111019 
96.397672 57.111019 
96.432893 58.111019 
96.467123 59.111015 
96.501357 60.111019 
96.535594 61.111019 
96.569822 62.111019 
96.603049 63.111019 
96.636260 64.111023 
96.669484 65.111023 
96.702700 66.111023 
96.734912 67.111023 
96.767125 68.111023 
96.799345 69.111023 
96.831565 70.111023 
96.863781 71.111023 
96.895001 72.111023 
96.926218 73.111023 
96.957437 74.111023 
96.988655 75.111023 
97.019871 76.111023 
97.050090 77.111023 
97.080309 78.111023 
97.110528 79.111023 
97.140748 80.111023 
97.170966 81.111023 
97.201185 82.111023 
97.231403 83.111023 
97.260623 84.111023 
97.289842 85.111023 
97.319060 86.111023 
97.348275 87.111023 
97.377488 88.111023 
97.406701 89.111023 
97.435913 90.111023 
97.464126 91.111023 
97.492331 92.111023 
97.520534 93.111023 
97.548747 94.111023 
97.576966 95.111023 
97.605188 96.111023 
97.633409 97.111023 
97.661630 98.111023 
97.689852 99.111023 
97.717069 100.111023 
97.744287 101.111023 
97.771505 102.111031 
97.798723 103.111031 
97.825940 104.111031 
97.853173 105.111031 
97.862366 106.111023 
97.880577 107.111023 
97.898788 108.111031 
97.917002 109.111031 
97.935210 110.111031 
97.953425 111.111031 
97.970638 112.111023 
97.987850 113.111031 
98.005062 114.111038 
98.022269 115.111038 
98.039483 116.111038 
98.056689 117.111031 
98.073902 118.111031 
98.091110 119.111031 
98.108320 120.111031 
98.125550 121.111031 
98.142782 122.111031 
98.159998 123.111023 
98.177207 124.111015 
98.193437 125.111015 
98.209626 127.111015 
98.225828 127.111015 
98.242039 128.111023 
98.258252 129.111023 
98.274465 131.111023 
98.290681 131.111023 
98.306892 132.111023 
98.323103 133.111023 
98.339315 134.111023 
98.355528 135.111023 
98.371740 136.111023 
98.387953 137.111023 
98.404180 138.111023 
98.420396 139.111023 
98.436608 140.111023 
98.452813 141.111023 
98.469023 142.111023 
98.484234 143.111023 
98.499462 144.111023 
98.514668 145.111023 
98.529879 146.111023 
98.545082 147.111023 
98.560294 148.111023 
98.575500 149.111023 
98.590716 150.111023 
98.605917 151.111023 
98.621141 152.111023 
98.627308 153.111023 
98.639522 154.111023 
98.651723 155.111023 
98.663932 156.111023 
98.676145 157.111023 
98.688360 158.111023 
98.700576 159.111023 
98.712791 160.111023 
98.724997 161.111023 
98.737213 162.111023 
98.749427 163.111023 
98.761619 164.111023 
98.773831 165.111023 
98.786035 166.111023 
98.797247 167.111023 
98.808460 168.111023 
98.819673 169.111023 
98.830888 170.111023 
98.842094 171.111023 
98.853308 172.111023 
98.864523 173.111023 
98.875724 174.111023 
98.886933 175.111023 
98.898149 176.111023 
98.909364 177.111023 
98.920594 179.111023 
98.931808 180.111023 
98.943022 180.111023 
98.954226 181.111008 
98.965416 182.111008 
98.976624 183.111008 
98.987838 184.111008 
98.999046 185.111008 
99.010269 186.111008 
99.021481 187.111008 
99.032697 188.111008 
99.043909 189.111008 
99.055109 190.111008 
99.066318 191.111008 
99.077533 192.111008 
99.088741 193.111008 
99.099953 194.111008 
99.111170 195.111008 
99.122383 196.110992 
99.133628 198.110992 
99.144839 199.110992 
99.156053 199.110992 
99.166270 200.110992 
99.176485 201.110992 
99.186699 202.110992 
99.196915 204.110992 
99.207131 204.110992 
99.217346 206.110992 
99.227563 206.110992 
99.237777 207.110992 
99.248955 208.110992 
99.259174 209.110992 
99.269383 210.110992 
99.279600 211.111008 
99.289814 212.111008 
99.300020 213.111023 
99.310235 214.111023 
99.320450 216.111023 
99.330661 216.111023 
99.340874 217.111023 
99.351085 218.111008 
99.361293 219.111008 
99.371508 220.110992 
99.381721 221.110992 
99.391926 222.110992 
99.402142 223.110977 
99.412358 225.110962 
99.422567 225.110962 
99.432783 226.110962 
99.442999 227.110962 
99.453208 228.110962 
99.463425 230.110977 
99.473617 230.110977 
99.483823 231.110962 
99.494038 232.110962 
99.504255 234.110962 
99.514464 234.110962 
99.524680 235.110977 
99.534896 236.110962 
99.545104 237.110947 
99.555319 238.110962 
99.565536 239.110947 
99.575720 239.110947 
99.585931 239.110947 
99.596147 238.110962 
99.606355 237.110947 
99.616571 235.110947 
99.626783 235.110947 
99.636979 234.110947 
99.647180 233.110931 
99.657386 232.110931 
99.667601 231.110947 
99.677816 230.110947 
99.688031 229.110962 
99.698249 228.110962 
99.708465 226.110962 
99.718678 226.110962 
99.728885 225.110962 
99.739098 224.110962 
99.749334 223.110962 
99.759574 222.110962 
99.769780 221.110977 
99.780005 220.110977 
99.790207 219.110992 
99.800439 218.110992 
99.810658 217.110992 
99.820885 216.110977 
99.831117 215.110977 
99.841336 214.110977 
99.851538 213.110977 
99.861766 212.110977 
99.871982 211.110977 
99.882205 210.110992 
99.892413 209.110992 
99.902630 208.110992 
99.912832 207.110992 
99.923073 206.110992 
99.933317 205.110992 
99.943527 204.110992 
99.953736 203.110992 
99.963958 202.110992 
99.974160 201.110992 
99.984360 200.110992 
99.995578 199.110992 
100.006799 198.110992 
100.018016 197.110992 
100.029249 196.110992 
100.040457 195.110992 
100.051702 194.110992 
100.056897 193.110992 
100.067002 192.110992 
100.077096 191.110992 
100.087177 190.110992 
100.097246 188.110992 
100.107323 188.110992 
100.117400 186.110992 
100.127468 185.110992 
100.137544 185.110992 
100.147632 183.110992 
100.157708 183.110992 
100.167783 181.110992 
100.177857 181.110992 
100.187924 179.110992 
100.197999 179.110992 
100.208075 178.110992 
100.218154 176.110992 
100.228229 176.110992 
100.238305 174.110992 
100.248384 174.110992 
100.258462 173.110992 
100.268539 172.110992 
100.278579 171.110992 
100.288656 170.110992 
100.298731 169.110992 
100.308809 168.110992 
100.318917 167.110992 
100.324098 166.110992 
100.335211 164.110992 
100.346323 164.110992 
100.357439 162.110992 
100.368545 161.110992 
100.379657 161.110992 
100.390769 159.110992 
100.401873 159.110992 
100.413000 158.110992 
100.424111 156.110992 
100.435222 155.110992 
100.446334 155.110992 
100.457447 153.110992 
100.468558 153.110992 
100.479686 151.110992 
100.490782 150.110992 
100.501891 150.110992 
100.513002 149.110992 
100.524091 148.110992 
100.535198 147.110992 
100.546310 145.110992 
100.557421 145.110992 
100.568533 143.110992 
100.579645 142.110992 
100.591757 142.110992 
100.603871 140.110992 
100.615975 140.110992 
100.628088 139.110992 
100.640200 137.110992 
100.652312 137.110992 
100.664425 135.110992 
100.676529 135.110992 
100.688639 134.110992 
100.700751 132.110992 
100.712863 132.110992 
100.724976 130.110992 
100.737079 130.110992 
100.749192 128.110992 
100.761305 127.110992 
100.773416 127.110992 
100.785529 126.110992 
100.797634 125.110992 
100.810736 124.110985 
100.823849 122.110992 
100.837002 122.110992 
100.845183 121.111000 
100.861287 120.111000 
100.877401 119.111008 
100.893505 118.111015 
100.909625 117.111023 
100.925722 116.111023 
100.941827 115.111023 
100.957964 114.111023 
100.966145 113.111031 
100.982250 112.111023 
100.999362 110.111031 
101.016472 110.111031 
101.033585 108.111031 
101.050708 108.111031 
101.067820 107.111031 
101.084930 106.111023 
101.102028 105.111023 
101.119140 104.111023 
101.136243 103.111023 
101.153355 102.111031 
101.170468 101.111031 
101.187582 100.111023 
101.205689 99.111023 
101.223807 98.111023 
101.233984 97.111023 
101.254097 96.111023 
101.274213 95.111023 
101.294328 94.111023 
101.314442 93.111023 
101.334558 92.111023 
101.354714 91.111023 
101.364918 90.111023 
101.386123 89.111023 
101.407321 88.111023 
101.428518 87.111023 
101.449717 85.111023 
101.470956 85.111023 
101.482159 84.111023 
101.505346 83.111023 
101.528536 82.111023 
101.551733 81.111023 
101.574932 80.111023 
101.598127 79.111023 
101.621324 78.111023 
101.644521 77.111023 
101.668700 76.111023 
101.692896 75.111023 
101.717077 74.111023 
101.741303 73.111023 
101.754496 72.111023 
101.781682 71.111023 
101.808878 70.111023 
101.836077 69.111023 
101.863313 68.111023 
101.877514 67.111023 
101.906723 66.111023 
101.935930 65.111023 
101.965132 64.111023 
101.994376 63.111023 
102.009591 61.111019 
102.040831 61.111019 
102.072043 60.111019 
102.103285 59.111015 
102.119472 58.111019 
102.152551 57.111019 
102.185617 56.111019 
102.219698 55.111019 
102.253839 54.111019 
102.272025 53.111023 
102.290227 52.111023 
102.309383 51.111027 
102.328571 50.111023 
102.347744 49.111023 
102.367949 48.111023 
102.388139 47.111019 
102.409323 46.111019 
102.430501 45.111019 
102.452676 44.111019 
102.474853 43.111019 
102.520080 42.111019 
102.543254 41.111019 
102.567407 40.111019 
102.591575 39.111019 
102.616751 38.111019 
102.642966 37.111019 
102.669141 36.111019 
102.696317 35.111019 
102.724472 34.111019 
102.753628 33.111019 
102.783793 32.111019 
102.814985 31.111019 
102.878212 30.111019 
102.943426 29.111019 
103.009642 28.111019 
103.076882 27.111019 
103.146145 26.111019 
103.184346 25.111019 
103.223519 24.111019 
103.264725 23.111019 
103.307906 22.111019 
103.353080 21.111019 
103.400243 20.111019 
103.449407 19.111019 
103.501583 18.111019 
103.556760 17.111019 
103.614923 16.111019 
103.677130 15.111019 
103.743312 14.111020 
103.813503 13.111020 
103.889731 12.111020 
103.971918 11.111020 
104.062112 10.111020 
104.160320 9.111020 
104.269499 8.111020 
104.392673 7.111020 
104.532825 6.111021 
104.696037 5.111021 
104.891232 4.111021 
105.134391 3.111021 
105.850581 2.111021 
106.323734 1.111021 
107.269974 2.111021 
107.743145 3.111021 
108.064321 4.111021 
108.580550 5.111021 
108.775720 6.111021 
108.938895 7.111021 
109.225035 8.111021 
109.497179 9.111021 
109.758308 10.111021 
110.011446 11.111021 
110.256584 12.111021 
110.495711 13.111020 
110.728852 14.111020 
110.957990 15.111019 
111.183138 16.111019 
111.404276 17.111019 
111.622411 18.111019 
111.837556 19.111019 
112.049703 20.111019 
112.259836 21.111019 
112.467949 22.111019 
112.674089 23.111019 
112.878235 24.111019 
113.080363 25.111019 
113.281496 26.111019 
113.480611 27.111019 
113.516779 28.111019 
113.587007 29.111019 
113.656243 30.111019 
113.724473 31.111019 
113.791695 32.111019 
113.857901 33.111019 
113.923117 34.111019 
113.987330 35.111019 
114.050573 36.111019 
114.112789 37.111019 
114.175004 38.111019 
114.236219 39.111019 
114.296444 40.111019 
114.356674 42.111019 
114.415895 43.111019 
114.475121 44.111019 
114.533335 44.111019 
114.591549 46.111019 
114.648763 46.111019 
114.705978 48.111019 
114.762194 48.111019 
114.818414 49.111015 
114.873670 50.111015 
114.928918 51.111015 
114.984144 52.111015 
115.038397 53.111015 
115.092627 54.111015 
115.146855 55.111015 
115.200076 56.111019 
115.253289 57.111019 
115.306533 58.111019 
115.358769 59.111015 
115.410998 60.111019 
115.463227 61.111019 
115.515439 62.111019 
115.566652 63.111019 
115.617869 64.111023 
115.669089 65.111023 
115.720300 66.111023 
115.770512 67.111023 
115.820724 68.111023 
115.870937 69.111023 
115.921150 70.111023 
115.971361 71.111023 
116.020574 72.111023 
116.069789 73.111023 
116.118996 74.111023 
116.168224 75.111023 
116.217460 76.111023 
116.265689 77.111023 
116.313923 78.111023 
116.362166 79.111023 
116.410394 80.111023 
116.458631 81.111023 
116.506866 82.111023 
116.555086 83.111023 
116.602335 84.111023 
116.649587 86.111023 
116.696847 86.111023 
116.744092 87.111023 
116.791325 88.111023 
116.838556 89.111023 
116.885757 90.111023 
116.931977 91.111023 
116.978183 92.111023 
117.024403 93.111023 
117.070617 94.111023 
117.116837 95.111023 
117.163055 96.111023 
117.209277 97.111023 
117.255486 98.111023 
117.301698 99.111023 
117.346908 100.111023 
117.392123 101.111023 
117.437336 102.111031 
117.482582 103.111031 
117.527817 104.111031 
117.573052 105.111031 
117.618287 106.111023 
117.663521 107.111023 
117.708755 108.111031 
117.753989 109.111031 
117.799224 110.111031 
117.808407 111.111031 
117.825656 113.111031 
117.842873 114.111038 
117.860104 115.111038 
117.877329 115.111038 
117.894537 116.111038 
117.911755 117.111031 
117.928968 119.111031 
117.946188 119.111031 
117.963419 120.111031 
117.980646 122.111031 
117.997857 123.111023 
118.015069 124.111015 
118.032282 125.111015 
118.048502 125.111015 
118.064748 126.111015 
118.080962 127.111015 
118.097175 128.111023 
118.113386 129.111023 
118.129625 130.111023 
118.145834 131.111023 
118.162042 132.111023 
118.178257 133.111023 
118.194461 134.111023 
118.210674 135.111023 
118.226876 136.111023 
118.243087 137.111023 
118.259291 138.111023 
118.275503 139.111023 
118.291716 140.111023 
118.307941 141.111023 
118.315103 142.111023 
118.328330 143.111023 
118.341550 144.111023 
118.354762 145.111023 
118.367971 146.111023 
118.381183 147.111023 
118.394395 148.111023 
118.407598 149.111023 
118.420808 150.111023 
118.434011 151.111023 
118.447222 152.111023 
118.460433 153.111023 
118.473623 154.111023 
118.486844 155.111023 
118.500048 156.111023 
118.513265 157.111023 
118.526489 158.111023 
118.539701 159.111023 
118.552912 160.111023 
118.566124 161.111023 
118.579344 162.111023 
118.592557 163.111023 
118.605765 164.111023 
118.618977 165.111023 
118.632197 166.111023 
118.644409 167.111023 
118.656620 168.111023 
118.668830 169.111023 
118.681050 170.111023 
118.693270 171.111023 
118.705483 172.111023 
118.717694 173.111023 
118.729902 174.111023 
118.742104 175.111023 
118.754316 176.111023 
118.766530 177.111023 
118.778742 178.111023 
118.790955 179.111023 
118.803168 180.111023 
118.815380 181.111008 
118.827593 182.111008 
118.839806 183.111008 
118.852019 184.111008 
118.864224 185.111008 
118.876436 186.111008 
118.888649 187.111008 
118.900859 188.111008 
118.913072 189.111008 
118.925278 190.111008 
118.937490 191.111008 
118.949700 192.111008 
118.961910 193.111008 
118.974123 194.111008 
118.986336 195.111008 
118.998548 196.110992 
119.010761 197.110992 
119.022973 198.110992 
119.035194 199.110992 
119.046399 200.110992 
119.057624 201.110992 
119.068836 202.110992 
119.080048 203.110992 
119.091260 204.110992 
119.102474 205.110992 
119.113683 206.110992 
119.124890 207.110992 
119.136105 208.110992 
119.147317 209.110992 
119.158531 210.110992 
119.169734 211.111008 
119.180951 212.111008 
119.192170 213.111023 
119.203382 214.111023 
119.214595 215.111023 
119.225797 216.111023 
119.237006 217.111023 
119.248219 218.111008 
119.259435 219.111008 
119.270647 220.110992 
119.281865 221.110992 
119.293067 222.110992 
119.304279 223.110977 
119.315501 224.110962 
119.326730 225.110962 
119.337945 226.110962 
119.349160 227.110962 
119.360372 228.110962 
119.371585 229.110962 
119.382790 230.110977 
119.394002 231.110962 
119.405218 232.110962 
119.416430 233.110962 
119.427642 234.110962 
119.438855 235.110977 
119.450067 236.110962 
119.461280 237.110947 
119.472486 238.110962 
119.483698 239.110947 
119.494919 240.110947 
119.506132 241.110962 
119.517357 242.110947 
119.528570 243.110931 
119.539782 244.110947 
119.550994 245.110931 
119.562209 246.110916 
119.573422 247.110916 
119.584635 248.110916 
119.595839 249.110916 
119.607049 249.110916 
119.618264 249.110916 
119.629477 248.110916 
119.640689 247.110916 
119.651902 246.110916 
119.663115 245.110901 
119.674329 244.110886 
119.685544 243.110886 
119.696721 242.110901 
119.707933 241.110901 
119.719146 240.110916 
119.730358 239.110916 
119.741586 238.110931 
119.752793 237.110931 
119.764018 236.110947 
119.775232 235.110947 
119.786452 234.110947 
119.797661 233.110931 
119.808883 232.110931 
119.820095 231.110947 
119.831313 230.110947 
119.842533 229.110962 
119.853741 228.110962 
119.864949 227.110962 
119.876162 226.110962 
119.887376 225.110962 
119.898590 224.110962 
119.909799 223.110962 
119.921008 222.110962 
119.932215 221.110977 
119.943451 220.110977 
119.954661 219.110992 
119.965878 218.110992 
119.977088 217.110992 
119.988295 215.110977 
119.999521 215.110977 
120.010751 214.110977 
120.021954 213.110977 
120.033165 212.110977 
120.044386 211.110977 
120.055598 210.110992 
120.066809 209.110992 
120.078020 208.110992 
120.089239 207.110992 
120.100456 206.110992 
120.111670 205.110992 
120.122882 204.110992 
120.134103 203.110992 
120.145315 202.110992 
120.156528 201.110992 
120.167758 200.110992 
120.179974 199.110992 
120.192183 198.110992 
120.204385 197.110992 
120.216598 196.110992 
120.228810 195.110992 
120.241045 194.110992 
120.253276 193.110992 
120.265514 192.110992 
120.277740 191.110992 
120.289960 190.110992 
120.302181 189.110992 
120.314413 188.110992 
120.326651 187.110992 
120.338872 186.110992 
120.351093 185.110992 
120.363329 184.110992 
120.375561 183.110992 
120.387787 182.110992 
120.400022 181.110992 
120.412259 180.110992 
120.424494 179.110992 
120.436714 178.110992 
120.448949 177.110992 
120.461169 176.110992 
120.473405 175.110992 
120.485615 174.110992 
120.497857 173.110992 
120.510082 172.110992 
120.522318 171.110992 
120.534555 170.110992 
120.546791 169.110992 
120.559023 168.110992 
120.571260 167.110992 
120.584481 166.110992 
120.597699 165.110992 
120.610910 164.110992 
120.624147 163.110992 
120.637362 162.110992 
120.650591 161.110992 
120.663817 160.110992 
120.677053 159.110992 
120.690266 158.110992 
120.703502 157.110992 
120.716750 156.110992 
120.722938 155.110992 
120.735052 154.110992 
120.747168 153.110992 
120.759259 152.110992 
120.771359 151.110992 
120.783459 150.110992 
120.795574 149.110992 
120.807682 148.110992 
120.819775 147.110992 
120.831889 146.110992 
120.843990 145.110992 
120.856105 144.110992 
120.868205 143.110992 
120.881321 142.110992 
120.894434 141.110992 
120.907525 140.110992 
120.920640 139.110992 
120.933738 138.110992 
120.946851 137.110992 
120.959955 136.110992 
120.973069 135.110992 
120.986167 134.110992 
120.999261 132.110992 
121.012361 132.110992 
121.025462 131.110992 
121.038576 130.110992 
121.051678 129.110992 
121.064777 127.110992 
121.077875 127.110992 
121.090957 125.110992 
121.104053 125.110992 
121.118209 124.110985 
121.126376 123.110985 
121.142545 122.110992 
121.158713 121.111000 
121.174870 120.111000 
121.191038 118.111015 
121.207192 118.111015 
121.223361 117.111023 
121.239591 116.111023 
121.247766 115.111023 
121.263863 114.111023 
121.279985 112.111023 
121.296092 112.111023 
121.313214 111.111031 
121.330336 110.111031 
121.347477 109.111031 
121.356643 108.111031 
121.374735 107.111031 
121.392831 106.111023 
121.410902 105.111023 
121.428966 104.111023 
121.447037 103.111023 
121.465108 101.111031 
121.483189 101.111031 
121.501306 100.111023 
121.510513 99.111023 
121.520748 98.111023 
121.541012 97.111023 
121.551200 96.111023 
121.571441 95.111023 
121.581617 94.111023 
121.601839 93.111023 
121.612011 92.111023 
121.632272 91.111023 
121.642449 90.111023 
121.653617 89.111023 
121.675834 88.111023 
121.698047 87.111023 
121.709203 86.111023 
121.731409 85.111023 
121.742600 84.111023 
121.753772 83.111023 
121.765925 82.111023 
121.790135 81.111023 
121.802297 80.111023 
121.826509 79.111023 
121.838672 78.111023 
121.850836 77.111023 
121.876044 76.111023 
121.889205 75.111023 
121.915422 74.111023 
121.928582 73.111023 
121.941741 72.111023 
121.968956 71.111023 
121.983118 70.111023 
122.011363 69.111023 
122.025538 68.111023 
122.039707 67.111023 
122.068963 66.111023 
122.084158 65.111023 
122.099322 64.111023 
122.129548 63.111023 
122.144703 62.111019 
122.160865 61.111019 
122.193079 60.111019 
122.225294 59.111015 
122.241456 58.111019 
122.258618 57.111019 
122.292840 56.111019 
122.310005 55.111019 
122.345217 54.111019 
122.363379 53.111023 
122.381541 52.111023 
122.418827 51.111027 
122.437992 50.111023 
122.457154 49.111023 
122.477313 48.111023 
122.497538 47.111019 
122.518773 46.111019 
122.539973 45.111019 
122.562149 44.111019 
122.584333 43.111019 
122.629564 42.111019 
122.675786 41.111019 
122.699955 40.111019 
122.749177 39.111019 
122.799399 38.111019 
122.849620 37.111019 
122.900843 36.111019 
122.928049 35.111019 
122.956250 34.111019 
122.985428 33.111019 
123.045694 32.111019 
123.076926 31.111019 
123.141046 30.111019 
123.206200 29.111019 
123.240441 28.111019 
123.275649 27.111019 
123.311832 26.111019 
123.350005 25.111019 
123.389165 24.111019 
123.430366 23.111019 
123.473547 22.111019 
123.518720 21.111019 
123.565924 20.111019 
123.615131 19.111019 
123.667340 18.111019 
123.722526 17.111019 
123.780698 16.111019 
123.842906 15.111019 
123.909104 14.111020 
123.979308 13.111020 
124.055562 12.111020 
124.137758 11.111020 
124.227925 10.111020 
124.326133 9.111020 
124.435312 8.111020 
124.558526 7.111020 
124.698720 6.111021 
124.861885 5.111021 
125.057060 4.111021 
125.300246 3.111021 
125.621414 2.111021 
126.094583 1.111021 
126.994787 0.111021 
127.412019 1.111021 
128.312209 2.111021 
128.785413 3.111021 
129.106597 4.111021 
129.349762 5.111021 
129.544932 6.111021 
129.880152 7.111021 
130.198371 8.111021 
130.502615 9.111021 
130.611791 10.111021 
130.811011 11.111021 
131.002222 12.111021 
131.187438 13.111020 
131.366671 14.111020 
131.541891 15.111019 
131.713112 16.111019 
131.880337 17.111019 
132.044546 18.111019 
132.205762 19.111019 
132.363971 20.111019 
132.520185 21.111019 
132.674400 22.111019 
132.826628 23.111019 
132.869798 24.111019 
132.910963 25.111019 
132.990181 26.111019 
133.067391 27.111019 
133.143609 28.111019 
