0.000027 11.111111 
0.090384 30.861111 
0.122624 50.361111 
0.141838 69.611115 
0.156082 88.611115 
0.167257 107.361115 
0.176445 125.861115 
0.183651 144.111115 
0.189845 162.111115 
0.196046 179.861115 
0.201259 197.361099 
0.206481 214.611099 
0.210654 231.611084 
0.214852 248.361084 
0.219069 264.861084 
0.222270 281.111084 
0.225481 297.111084 
0.228716 312.861084 
0.231914 328.361084 
0.235129 343.611084 
0.237353 358.611084 
0.239556 373.361084 
0.241775 387.861084 
0.243971 402.111084 
0.246158 416.111084 
0.248346 429.861053 
0.250539 443.361023 
0.252724 456.610992 
0.254944 469.611023 
0.257155 482.360992 
0.259396 494.860962 
0.261609 507.110962 
0.262824 519.110962 
0.264040 530.860962 
0.265243 542.360962 
0.266448 553.610962 
0.267662 564.610962 
0.268835 575.360962 
0.270039 585.860962 
0.271212 596.110962 
0.272385 606.110962 
0.273540 615.860962 
0.274681 625.360962 
0.275862 634.610962 
0.277047 643.610962 
0.278204 652.360962 
0.279397 660.860962 
0.280573 669.110962 
0.281780 677.110962 
0.282986 684.860962 
0.284188 692.360962 
0.285360 699.610962 
0.286556 706.610962 
0.287765 713.360962 
0.288937 719.860962 
0.290093 726.110962 
0.291295 732.110962 
0.292501 737.860962 
0.293733 743.360962 
0.294943 748.610962 
0.296123 753.610962 
0.297278 758.360962 
0.298489 762.860962 
0.299662 767.110962 
0.300835 771.110962 
0.301990 774.860901 
0.303140 778.360901 
0.304304 781.610901 
0.305472 784.610901 
0.306639 787.360840 
0.307811 789.860840 
0.309007 792.110840 
0.310196 794.110840 
0.311386 795.860840 
0.312563 797.360901 
0.313774 798.610901 
0.314976 799.610962 
0.316174 800.360962 
0.317349 800.860962 
0.318510 801.110901 
0.319666 801.110901 
0.320822 800.860901 
0.321993 800.360901 
0.323165 799.610962 
0.324337 798.610962 
0.325512 797.360962 
0.326693 795.860962 
0.327864 794.110962 
0.329027 792.110962 
0.330194 789.860962 
0.331363 787.360962 
0.332535 784.610962 
0.333708 781.610901 
0.334862 778.360901 
0.336010 774.860901 
0.337182 771.110901 
0.338361 767.110901 
0.339536 762.860962 
0.340701 758.360962 
0.341857 753.610962 
0.343027 748.610962 
0.344182 743.360962 
0.345351 737.860962 
0.346507 732.110962 
0.347666 726.110962 
0.348824 719.860962 
0.349988 713.360962 
0.351163 706.610962 
0.352320 699.610962 
0.353495 692.360962 
0.354658 684.860962 
0.355823 677.110962 
0.356987 669.110962 
0.358167 660.860962 
0.359355 652.360962 
0.360520 643.610962 
0.361682 634.610962 
0.362843 625.360962 
0.364004 615.860962 
0.365154 606.110962 
0.366314 596.110962 
0.367493 585.860962 
0.368693 575.360962 
0.369866 564.610962 
0.371041 553.610962 
0.372190 542.360962 
0.373350 530.860962 
0.374515 519.110962 
0.375682 507.110962 
0.376843 494.860962 
0.379010 482.360931 
0.381189 469.610901 
0.383368 456.610901 
0.385548 443.360901 
0.387730 429.860901 
0.389921 416.110931 
0.392105 402.110931 
0.394272 387.860931 
0.396420 373.360931 
0.398573 358.610931 
0.400728 343.610931 
0.402893 328.360931 
0.406061 312.860931 
0.409240 297.110931 
0.412455 281.110931 
0.415649 264.860931 
0.418855 248.360931 
0.423051 231.610931 
0.427229 214.610931 
0.431423 197.360931 
0.436639 179.860931 
0.441851 162.110931 
0.448047 144.110931 
0.454237 125.860931 
0.461436 107.360931 
0.470649 88.610931 
0.481890 69.610931 
0.496124 50.360931 
0.515363 30.860933 
0.547602 11.110933 
0.637813 11.110933 
0.728033 11.110933 
0.818277 11.110933 
0.908506 11.110933 
0.998735 11.110933 
1.088957 11.110933 
1.179186 11.110933 
1.269383 11.110933 
1.359598 11.110933 
1.449829 11.110933 
1.540048 11.110933 
1.630277 11.110933 
1.720487 11.110933 
1.810678 11.110933 
1.900858 11.110933 
1.991020 11.110933 
2.081172 11.110933 
2.171348 11.110933 
2.261517 11.110933 
2.351685 11.110933 
2.441853 11.110933 
2.532021 11.110933 
2.622190 11.110933 
2.712360 11.110933 
2.802532 11.110933 
2.892699 11.110933 
2.982869 11.110933 
3.073039 11.110933 
3.163200 11.110933 
3.253369 11.110933 
3.343523 11.110933 
3.433678 11.110933 
3.523835 0.110932 
3.948054 0.110932 
4.372274 0.110932 
4.796522 0.110932 
5.220806 0.110932 
5.645066 2.610932 
6.028274 8.532932 
6.145500 17.204933 
6.203713 26.126934 
6.241933 35.716934 
6.269109 45.306934 
6.291274 54.670937 
6.309446 64.034935 
6.324616 73.398933 
6.337776 82.512932 
6.349943 91.626930 
6.360095 100.490929 
6.369258 109.354935 
6.378419 117.968941 
6.386592 126.332939 
6.393799 134.446945 
6.400961 142.310944 
6.408129 149.948944 
6.414302 157.336945 
6.420468 164.474945 
6.426623 171.612946 
6.431796 178.500946 
6.436971 185.138947 
6.442143 191.526947 
6.447316 197.664948 
6.452485 203.552933 
6.456635 209.440933 
6.460809 215.078918 
6.464981 220.466904 
6.469154 225.604919 
6.473328 230.492920 
6.477510 235.130920 
6.481677 239.518921 
6.485828 243.906921 
6.489978 248.044907 
6.494150 251.932907 
6.497324 255.570908 
6.500490 258.958893 
6.503656 262.096893 
6.506829 264.984894 
6.510005 267.622894 
6.513180 270.260895 
6.516330 272.648895 
6.519497 274.786896 
6.522670 276.674896 
6.525844 278.312897 
6.529016 279.700897 
6.532169 280.838898 
6.535343 281.726898 
6.538526 282.364899 
6.541678 282.752899 
6.544831 283.140900 
6.547980 283.278900 
6.551153 283.166901 
6.554327 282.804901 
6.557501 282.192902 
6.560674 281.330902 
6.563847 280.218903 
6.567021 278.856903 
6.570194 277.244904 
6.573368 275.632904 
6.576518 273.770905 
6.579691 271.658905 
6.582864 269.296906 
6.586038 266.684906 
6.589212 263.822906 
6.592386 260.710907 
6.595552 257.348907 
6.598726 253.736908 
6.601911 249.874924 
6.606088 246.012939 
6.610241 241.900940 
6.614415 237.538940 
6.618588 232.926956 
6.622762 228.064972 
6.626934 222.952972 
6.631107 217.590973 
6.635282 212.228973 
6.639431 206.616974 
6.643606 200.754990 
6.647778 194.642975 
6.652952 188.280975 
6.658125 181.668976 
6.663297 174.806976 
6.668472 167.944977 
6.673645 160.832977 
6.679820 153.470978 
6.685993 145.858978 
6.692168 137.996979 
6.699341 130.134979 
6.706516 122.022972 
6.714688 113.660973 
6.722863 105.048981 
6.732039 96.436981 
6.742213 87.574982 
6.753389 78.462982 
6.765563 69.350983 
6.779761 59.988983 
6.795937 50.376987 
6.815116 40.586987 
6.839286 30.796986 
6.871459 20.756985 
6.919634 10.966984 
7.010809 1.176983 
7.860003 1.176983 
8.709229 1.176983 
9.558458 4.886983 
9.762640 15.596982 
9.826859 27.806984 
9.862069 40.016983 
9.886254 52.052982 
9.905423 64.338982 
9.920581 76.624985 
9.933736 88.660988 
9.944894 100.696991 
9.954047 112.482994 
9.962239 124.018990 
9.970406 135.304993 
9.977558 146.364990 
9.983702 157.174988 
9.989869 167.734985 
9.995032 178.044983 
10.000186 188.104980 
10.005332 197.914978 
10.010487 207.474976 
10.014636 216.784973 
10.018774 225.844986 
10.022936 234.654984 
10.027098 243.464966 
10.031257 252.024963 
10.034425 260.334961 
10.037574 268.394958 
10.040734 276.204956 
10.043876 283.764954 
10.047023 291.074951 
10.050181 298.134949 
10.053331 305.194946 
10.056479 312.004944 
10.059624 318.564941 
10.062761 324.874939 
10.065897 330.934937 
10.069047 336.744934 
10.071201 342.304932 
10.073346 347.614929 
10.075483 352.674927 
10.077635 357.484924 
10.079798 362.044891 
10.081967 366.604889 
10.084119 370.914886 
10.086264 374.974884 
10.088409 378.784882 
10.090545 382.344910 
10.092681 385.654907 
10.094812 388.714874 
10.096944 391.524872 
10.099082 394.084869 
10.101235 396.394867 
10.103385 398.454865 
10.105533 400.264862 
10.107677 401.824860 
10.109822 403.134857 
10.111978 404.444855 
10.114133 405.504822 
10.116304 406.314789 
10.118474 406.874786 
10.122678 407.184753 
10.124820 407.244751 
10.126972 407.054749 
10.129115 406.614746 
10.131255 405.924744 
10.133392 404.984741 
10.135535 403.794739 
10.139747 402.354736 
10.141918 400.914703 
10.144073 399.224731 
10.146236 397.284729 
10.148395 395.094727 
10.150548 392.654724 
10.152699 389.964691 
10.154844 387.024719 
10.156988 383.834717 
10.159139 380.394714 
10.161291 376.704712 
10.163429 372.764709 
10.165560 368.574707 
10.167703 364.134705 
10.169902 359.444702 
10.172065 354.754700 
10.174212 349.814697 
10.176359 344.624695 
10.178515 339.184692 
10.180672 333.494690 
10.182833 327.554688 
10.185995 321.364685 
10.189151 314.924683 
10.192315 308.234680 
10.195474 301.294678 
10.198629 294.104675 
10.201799 286.664673 
10.204946 279.224670 
10.208102 271.534668 
10.211258 263.594666 
10.214420 255.404663 
10.217581 246.964661 
10.221744 238.274658 
10.225925 229.334671 
10.230080 220.144669 
10.234258 210.954666 
10.238405 201.514664 
10.242582 191.824661 
10.247761 181.884659 
10.252934 171.694656 
10.258113 161.254654 
10.264291 150.564651 
10.270470 139.874649 
10.277633 128.934647 
10.284790 117.744644 
10.292938 106.304642 
10.302090 94.864632 
10.312251 83.174629 
10.324430 71.234627 
10.338611 59.294624 
10.354790 47.104622 
10.375956 34.914619 
10.404138 22.474619 
10.448305 10.034618 
10.547501 10.034618 
10.646685 10.034618 
10.745901 10.034618 
10.845102 10.034618 
10.944265 10.034618 
11.043438 0.488618 
13.943913 0.488618 
16.844373 14.442617 
16.913563 34.192619 
16.942732 53.942619 
16.960888 73.692619 
16.974059 93.442619 
16.984240 112.942619 
16.992419 132.442627 
16.999584 151.692627 
17.005763 170.692627 
17.010944 189.442627 
17.016122 208.192627 
17.020293 226.692612 
17.024451 244.942596 
17.028608 262.942596 
17.031770 280.692596 
17.034921 298.192596 
17.038070 315.442596 
17.041234 332.442596 
17.044399 349.442596 
17.046572 366.192596 
17.048744 382.692596 
17.052960 398.942596 
17.055133 414.942596 
17.057312 430.692566 
17.059467 446.192596 
17.061637 461.442566 
17.063791 476.442566 
17.065938 491.192566 
17.068086 505.692566 
17.069252 519.942566 
17.070433 533.942566 
17.071606 547.942566 
17.072771 561.692566 
17.073918 575.192566 
17.076118 588.442566 
17.077274 601.442566 
17.078430 614.192566 
17.079601 626.692566 
17.080750 638.942566 
17.082949 650.942566 
17.084120 662.692566 
17.085285 674.192566 
17.086441 685.442566 
17.087614 696.442566 
17.088762 707.192566 
17.089919 717.692566 
17.091075 727.942566 
17.092231 737.942566 
17.093388 747.692566 
17.094559 757.192566 
17.095724 766.442566 
17.096882 775.442566 
17.098043 784.192566 
17.099200 792.692566 
17.100358 800.942566 
17.101530 809.192566 
17.102680 817.192505 
17.103829 824.942505 
17.106025 832.442505 
17.107182 839.692505 
17.108346 846.692566 
17.110555 853.442566 
17.111712 859.942566 
17.112869 866.192566 
17.114025 872.192627 
17.115183 877.942566 
17.116340 883.442566 
17.117505 888.692566 
17.119707 893.692566 
17.120870 898.442566 
17.122028 902.942566 
17.123185 907.192566 
17.124343 911.192566 
17.125504 914.942566 
17.126671 918.442566 
17.127818 921.692566 
17.128979 924.692505 
17.130137 927.442505 
17.131295 930.192505 
17.132443 932.692444 
17.134646 934.942383 
17.135813 936.942383 
17.136977 938.692444 
17.138126 940.192505 
17.139275 941.442566 
17.141476 942.442566 
17.142634 943.192627 
17.143790 943.692566 
17.144947 943.942566 
17.146103 943.942566 
17.147260 943.692566 
17.148424 943.192627 
17.149582 942.442566 
17.150740 941.442566 
17.151897 940.192566 
17.153061 938.692505 
17.154218 936.942444 
17.155373 934.942383 
17.156515 932.692383 
17.157662 930.192383 
17.159865 927.442383 
17.161014 924.692444 
17.162172 921.692444 
17.163329 918.442444 
17.164494 914.942505 
17.165652 911.192566 
17.166817 907.192566 
17.167975 902.942566 
17.170177 898.442566 
17.171335 893.692566 
17.172493 888.692566 
17.173659 883.442566 
17.174817 877.942566 
17.175968 872.192627 
17.177118 866.192627 
17.178283 859.942627 
17.179434 853.442627 
17.180585 846.692627 
17.181736 839.692627 
17.183938 832.442688 
17.185103 824.942688 
17.186250 817.192688 
17.187396 809.192749 
17.188543 800.942749 
17.189691 792.442749 
17.190840 783.942688 
17.193049 775.192688 
17.195250 766.192688 
17.196416 756.942688 
17.197588 747.442688 
17.198769 737.692688 
17.199934 727.692688 
17.201107 717.442688 
17.202273 706.942688 
17.203445 696.192688 
17.204618 685.192688 
17.206828 673.942688 
17.207975 662.442688 
17.209131 650.692688 
17.210296 638.692688 
17.211469 626.442688 
17.213677 613.942688 
17.214842 601.192688 
17.216029 588.192688 
17.217190 574.942688 
17.218366 561.442688 
17.219534 547.692688 
17.220684 533.942688 
17.222883 519.942688 
17.224055 505.692688 
17.225211 491.192657 
17.227382 476.442688 
17.229553 461.442688 
17.231717 446.192688 
17.233901 430.692657 
17.236064 414.942657 
17.238236 398.942657 
17.240384 382.692657 
17.242562 366.192657 
17.244741 349.442657 
17.246922 332.442657 
17.250096 315.192657 
17.253245 297.942657 
17.256418 280.442657 
17.259582 262.692657 
17.262753 244.692673 
17.266931 226.442673 
17.271120 207.942673 
17.275299 189.192673 
17.280479 170.192673 
17.285642 151.192673 
17.291810 131.942673 
17.298967 112.442665 
17.307142 92.692665 
17.317309 72.692665 
17.330490 52.692665 
17.348656 32.692665 
17.378835 12.692665 
17.456999 12.692665 
17.535171 12.692665 
17.613336 12.692665 
17.691520 12.692665 
17.769696 12.692665 
17.847868 12.692665 
17.926034 12.692665 
18.004196 12.692665 
18.082359 12.692665 
18.160530 12.692665 
18.238689 12.692665 
18.316849 12.692665 
18.395008 12.692665 
18.473168 12.692665 
18.551308 12.692665 
18.629442 12.692665 
18.707589 12.692665 
18.785749 12.692665 
18.863917 12.692665 
18.942082 0.192664 
19.837281 0.192664 
20.732539 0.192664 
21.627805 2.192664 
22.083994 11.134665 
22.173160 23.244667 
22.216320 35.854668 
22.243507 48.464668 
22.263674 61.074673 
22.279840 73.684677 
22.293000 86.044678 
22.304167 98.404671 
22.314334 110.514671 
22.323492 122.374680 
22.331648 134.234680 
22.338805 145.844681 
22.344964 157.204681 
22.351130 168.314682 
22.356294 179.424683 
22.361455 190.284683 
22.366609 200.894684 
22.370749 211.254669 
22.374902 221.364670 
22.379060 231.224670 
22.383211 240.834671 
22.387357 250.444672 
22.390519 259.804688 
22.393676 268.914673 
22.396841 277.774658 
22.399993 286.384644 
22.403137 294.744629 
22.406300 302.854614 
22.409448 310.714600 
22.412604 318.574585 
22.415770 326.184570 
22.418932 333.544556 
22.421093 340.654541 
22.423248 347.514526 
22.425401 354.124512 
22.427546 360.484497 
22.429682 366.594482 
22.431813 372.454468 
22.433993 378.064453 
22.436149 383.424438 
22.438306 388.534424 
22.440459 393.394409 
22.442609 398.254364 
22.444771 402.864349 
22.448978 407.224335 
22.451127 411.334320 
22.453265 415.194305 
22.455405 418.804291 
22.457537 422.164307 
22.459683 425.274292 
22.461847 428.134277 
22.466068 430.744232 
22.468228 433.104248 
22.470382 435.214233 
22.472547 437.324219 
22.474701 439.184204 
22.476838 440.794189 
22.478971 442.154175 
22.481104 443.264191 
22.483235 444.124207 
22.485367 444.734161 
22.487500 445.094116 
22.489631 445.204102 
22.491776 445.064087 
22.493940 444.674072 
22.496104 444.034058 
22.498272 443.144043 
22.500418 442.004028 
22.502556 440.864014 
22.504701 439.474030 
22.506854 437.834015 
22.508992 435.944000 
22.511136 433.803986 
22.513281 431.413971 
22.515425 428.773956 
22.517562 425.883942 
22.519706 422.743896 
22.521848 419.353882 
22.523989 415.713867 
22.526138 411.823853 
22.528304 407.683838 
22.532511 403.293823 
22.534669 398.903809 
22.536829 394.263794 
22.538980 389.373779 
22.541113 384.233765 
22.543245 378.843719 
22.545378 373.203705 
22.547510 367.313690 
22.549641 361.173676 
22.551776 354.783661 
22.553931 348.143646 
22.556095 341.253632 
22.558244 334.113617 
22.560395 326.723602 
22.563550 319.333588 
22.566690 311.693573 
22.569835 303.803558 
22.572980 295.663544 
22.576112 287.273529 
22.579244 278.633514 
22.582376 269.743500 
22.585508 260.603485 
22.588652 251.213486 
22.591807 241.573471 
22.595958 231.933472 
22.600112 222.043472 
22.604252 211.903458 
22.608393 201.513458 
22.612531 190.873459 
22.617682 179.983459 
22.622837 168.843460 
22.627991 157.703461 
22.634130 146.313461 
22.640269 134.673462 
22.647424 122.783455 
22.655580 110.643456 
22.664746 98.503456 
22.674892 86.113457 
22.686043 73.473457 
22.699201 60.833458 
22.715359 47.943459 
22.735517 35.053459 
22.763683 21.913460 
22.808850 8.773459 
22.922008 8.773459 
23.035159 8.773459 
23.148311 8.773459 
23.261460 8.773459 
23.374631 8.773459 
23.487832 8.773459 
23.601053 8.773459 
23.714281 0.133459 
23.827448 0.133459 
23.940569 0.133459 
24.053639 0.133459 
24.166590 0.133459 
24.279456 0.133459 
24.392359 0.133459 
24.505307 0.133459 
24.618314 0.133459 
24.731354 0.133459 
24.844474 0.133459 
24.957626 0.133459 
25.070732 0.133459 
25.183871 0.133459 
25.296926 0.675459 
25.410022 1.967459 
25.918193 4.009459 
26.167357 9.801460 
26.269520 17.593460 
26.325694 25.885460 
26.363857 34.427460 
26.393063 42.969460 
26.416282 51.261459 
26.435479 59.803459 
26.451655 68.345459 
26.465820 76.637459 
26.479001 84.929459 
26.490211 92.971458 
26.500377 100.763458 
26.509535 108.535469 
26.518695 116.057472 
26.526851 123.329468 
26.535008 130.601471 
26.542170 137.623474 
26.549330 144.395477 
26.555482 151.167480 
26.561626 157.689484 
26.567772 163.961487 
26.573933 169.983490 
26.579090 175.755493 
26.584246 181.277496 
26.589391 186.799500 
26.594556 192.071518 
26.599709 197.093521 
26.604862 201.865524 
26.609018 206.387527 
26.613172 210.659531 
26.617311 214.931519 
26.621450 218.953522 
26.625587 222.725540 
26.629723 226.247543 
26.633862 229.519547 
26.638041 232.541550 
26.642220 235.313553 
26.646399 238.085541 
26.650578 240.607544 
26.654743 242.879547 
26.658896 244.901550 
26.663041 246.673553 
26.667186 248.195572 
26.671342 249.467590 
26.675521 250.739594 
26.678700 251.761597 
26.681854 252.533600 
26.685004 253.055603 
26.688149 253.327606 
26.691287 253.349609 
26.694432 253.121613 
26.697577 252.643616 
26.700714 251.915619 
26.703862 251.187622 
26.707021 250.209625 
26.710154 248.981613 
26.714286 247.503601 
26.718418 245.775589 
26.722576 243.797592 
26.726757 241.569611 
26.730907 239.091629 
26.735064 236.613632 
26.739243 233.885651 
26.743406 230.907654 
26.747560 227.679642 
26.751707 224.201660 
26.755860 220.473648 
26.760050 216.495651 
26.764218 212.267654 
26.768375 207.837631 
26.772509 203.157623 
26.776662 198.227631 
26.781799 193.047638 
26.786943 187.617645 
26.792123 181.937653 
26.797303 176.257660 
26.802482 170.327667 
26.807635 164.147675 
26.813783 157.717682 
26.819945 151.037689 
26.826100 144.357697 
26.832255 137.427704 
26.839394 130.247711 
26.846548 122.817711 
26.854739 115.137703 
26.862905 107.457703 
26.880115 99.527702 
26.890270 91.597702 
26.900452 83.417702 
26.911633 74.987701 
26.924806 66.557701 
26.939975 57.877701 
26.957131 49.197701 
26.977311 40.267700 
27.001492 31.337700 
27.032665 22.407700 
27.076846 13.477699 
27.151065 4.547699 
27.370243 4.547699 
27.589420 4.547699 
27.808606 4.547699 
28.027804 4.547699 
28.246977 1.439699 
28.941146 1.439699 
29.635365 5.331699 
29.822594 14.223700 
29.892809 23.865700 
29.933982 34.257698 
29.963147 44.649696 
29.985308 55.041695 
30.003464 65.433693 
30.018622 75.825691 
30.044839 85.967690 
30.055988 96.109688 
30.066149 106.001686 
30.075305 115.893677 
30.083462 125.535675 
30.090627 134.927673 
30.097799 144.319672 
30.103959 153.461670 
30.110123 162.353668 
30.116294 170.995667 
30.121474 179.387665 
30.126632 187.779663 
30.131780 195.921661 
30.136939 203.813660 
30.141088 211.455643 
30.149303 218.847641 
30.153468 225.989639 
30.157623 233.131638 
30.161770 240.023636 
30.165934 246.665634 
30.170097 253.057632 
30.177313 259.199646 
30.180470 265.091644 
30.183650 270.983643 
30.186826 276.625641 
30.193028 282.017639 
30.196193 287.159637 
30.199349 292.051636 
30.202522 296.693634 
30.208738 301.085632 
30.214950 305.227631 
30.218104 309.369629 
30.221251 313.261627 
30.227452 316.903625 
30.233666 320.295624 
30.239881 323.437622 
30.243045 326.579620 
30.249262 329.471619 
30.255469 332.113617 
30.260684 334.505615 
30.265900 336.647614 
30.271114 338.539612 
30.273279 340.431610 
30.277494 342.073608 
30.281701 343.465607 
30.285905 344.607605 
30.288055 345.499603 
30.290201 346.141602 
30.292344 346.533600 
30.294479 346.675598 
30.296623 346.567596 
30.298771 346.209595 
30.302979 345.601593 
30.305144 344.993591 
30.309354 344.135590 
30.311508 343.027588 
30.315701 341.669586 
30.317834 340.061584 
30.319989 338.203583 
30.324199 336.095581 
30.326357 333.737579 
30.328522 331.129578 
30.333736 328.271576 
30.336901 325.413574 
30.343115 322.305573 
30.349318 318.947571 
30.352476 315.339569 
30.355633 311.481567 
30.361847 307.373566 
30.365016 303.265564 
30.371229 298.907562 
30.377429 294.299561 
30.383644 289.441559 
30.389859 284.333557 
30.393027 279.225555 
30.399241 273.867554 
30.405457 268.259552 
30.411673 262.401550 
30.417890 256.293549 
30.425104 249.935547 
30.429269 243.577545 
30.437483 236.969543 
30.445694 230.111557 
30.453914 223.003555 
30.458075 215.895554 
30.462233 208.537552 
30.470446 200.929550 
30.474603 193.071548 
30.483819 184.963547 
30.488982 176.855545 
30.499197 168.497543 
30.509417 159.889542 
30.515568 151.281540 
30.521706 142.423538 
30.528855 133.315536 
30.544070 123.957535 
30.552235 114.599533 
30.569441 104.991524 
30.578595 95.383530 
30.588745 85.525528 
30.611952 75.417526 
30.625117 65.309525 
30.640281 54.951527 
30.658446 44.593525 
30.680611 33.985523 
30.709793 23.377522 
30.751963 12.769520 
30.830147 2.411519 
31.244308 2.411519 
31.658464 2.411519 
32.072621 2.411519 
32.486797 1.303519 
33.253976 3.195519 
33.566134 11.337520 
33.654305 21.729519 
33.700467 32.621521 
33.730642 43.763519 
33.752821 54.905518 
33.771005 66.047516 
33.786178 76.939514 
33.798360 87.831512 
33.809576 98.473511 
33.819755 108.865509 
33.828913 119.255508 
33.837079 129.395508 
33.844237 139.285507 
33.851394 149.175507 
33.864594 158.815506 
33.876801 168.205505 
33.881959 177.595505 
33.892170 186.735504 
33.897321 195.625504 
33.902523 204.265503 
33.911733 212.905502 
33.920945 221.295502 
33.930165 229.435501 
33.934334 237.575485 
33.938518 245.465485 
33.942686 253.105484 
33.945861 267.635498 
33.952123 267.635498 
33.955291 274.525513 
33.958460 281.165527 
33.964686 287.555542 
33.967861 293.945557 
33.974088 305.975586 
33.980311 311.615601 
33.986529 311.615601 
33.992753 317.005615 
33.995935 322.395630 
34.002136 327.535645 
34.008367 332.425659 
34.013569 337.065674 
34.018803 341.455688 
34.024020 345.595703 
34.026202 349.735718 
34.030403 353.625732 
34.034631 357.265747 
34.038854 360.655762 
34.041005 363.795776 
34.045230 366.685791 
34.047400 369.325806 
34.051624 371.715820 
34.053792 374.105835 
34.058026 376.245850 
34.062227 378.135834 
34.066451 379.775848 
34.070690 381.165833 
34.074916 382.305878 
34.079133 383.195892 
34.083350 383.835907 
34.085525 384.475922 
34.089757 384.865936 
34.093956 385.005951 
34.098171 384.895966 
34.100354 384.535980 
34.104557 383.925995 
34.106732 383.066010 
34.110949 381.955994 
34.113124 380.846008 
34.117354 379.485992 
34.121570 377.876007 
34.123747 376.015991 
34.127979 373.906006 
34.132208 371.546021 
34.134360 368.936035 
34.138596 366.076050 
34.142798 362.966064 
34.144981 359.856079 
34.149182 356.496094 
34.153407 352.886108 
34.157634 349.026123 
34.161856 344.916138 
34.166071 340.556152 
34.170291 335.946167 
34.172473 331.336182 
34.177675 326.476196 
34.182892 321.366211 
34.188128 310.396240 
34.193352 310.396240 
34.198552 304.536255 
34.203778 298.426270 
34.206953 292.316284 
34.213177 285.956299 
34.219409 279.346313 
34.225616 272.486328 
34.231821 265.376343 
34.235003 258.266357 
34.241204 250.906357 
34.248439 243.296356 
34.255656 235.436371 
34.262883 227.326385 
34.267052 219.216385 
34.275278 210.856369 
34.279456 202.246368 
34.288679 193.386368 
34.297897 184.276367 
34.303086 175.166367 
34.314305 165.806366 
34.325555 156.196365 
34.331722 146.336365 
34.337898 136.476364 
34.345067 126.366364 
34.360269 116.006371 
34.368452 105.646370 
34.385671 95.036369 
34.395847 84.426369 
34.407032 73.566368 
34.434237 62.456371 
34.450451 51.346371 
34.469629 39.986370 
34.494804 28.746368 
34.528957 17.256367 
34.586112 5.766366 
34.759293 5.766366 
34.932491 5.766366 
35.105691 5.766366 
35.278854 5.766366 
35.452023 5.766366 
35.625207 0.026366 
35.798421 0.026366 
35.971654 0.026366 
36.144805 0.026366 
36.317963 0.026366 
36.491134 0.036366 
36.664318 1.296366 
37.435503 3.306366 
37.737674 11.066366 
37.827846 21.076366 
37.875039 31.586367 
37.906214 42.346367 
37.955423 53.106369 
37.973601 64.116371 
37.988777 74.876373 
38.001954 85.636375 
38.013130 96.146370 
38.023282 106.656372 
38.032456 116.916382 
38.040624 126.926384 
38.047775 136.936386 
38.054952 146.696381 
38.068189 165.466370 
38.081413 165.466370 
38.087581 174.726364 
38.098808 183.736359 
38.110037 192.496368 
38.115212 201.256348 
38.124429 209.766342 
38.128612 218.026337 
38.136814 226.036331 
38.140997 234.046326 
38.149199 241.806305 
38.157426 249.316299 
38.164661 256.576294 
38.167813 263.836304 
38.174048 270.846313 
38.180273 277.606323 
38.186507 284.116333 
38.192742 290.376343 
38.195894 296.636353 
38.202095 302.646362 
38.208317 308.406372 
38.214541 313.916382 
38.220774 319.176392 
38.227009 324.436401 
38.233220 329.446411 
38.239435 334.206421 
38.244658 338.716431 
38.249956 347.236450 
38.255151 347.236450 
38.260375 351.246460 
38.265593 355.006470 
38.270825 358.516479 
38.276049 361.776489 
38.281248 364.786499 
38.283422 367.796509 
38.287625 370.556519 
38.291827 373.066528 
38.296044 375.326538 
38.300270 377.336548 
38.304495 379.096558 
38.308728 380.606567 
38.312943 381.866577 
38.315123 383.126587 
38.319323 384.136597 
38.323548 384.896606 
38.327748 385.406616 
38.331981 385.666626 
38.336182 385.676636 
38.340414 385.436646 
38.342605 385.196655 
38.346833 384.706665 
38.351050 383.966675 
38.355286 382.976685 
38.359487 381.736694 
38.363721 380.246704 
38.367922 378.506714 
38.372157 376.516724 
38.374310 374.526733 
38.378525 372.286774 
38.382759 369.796783 
38.386985 367.056793 
38.391219 364.066803 
38.395421 360.826813 
38.399656 357.336823 
38.403870 353.846832 
38.408098 350.106842 
38.412299 346.116852 
38.416533 341.876862 
38.420767 337.386871 
38.424993 332.646881 
38.430228 327.656891 
38.433389 322.666901 
38.439607 317.426910 
38.445839 311.936920 
38.452083 306.196930 
38.458296 300.206940 
38.464521 293.966949 
38.470748 287.726959 
38.476972 281.236969 
38.483197 274.496979 
38.489427 267.506989 
38.492608 260.516998 
38.498811 253.276993 
38.506014 245.787003 
38.513233 238.047012 
38.520451 230.057007 
38.524627 222.067017 
38.532861 213.827011 
38.541087 205.337006 
38.550322 196.597015 
38.555501 187.857010 
38.565726 178.867004 
38.575952 169.626999 
38.587197 160.136993 
38.598420 150.646988 
38.604595 140.906982 
38.617812 130.916977 
38.632033 120.926979 
38.647257 110.686989 
38.656440 100.446991 
38.676666 89.956993 
38.687834 79.466995 
38.700017 68.726997 
38.714193 57.987000 
38.731345 46.996998 
38.752514 36.006996 
38.779697 24.766994 
38.819873 13.526994 
38.893051 2.536993 
39.287227 2.536993 
39.681411 2.536993 
40.075587 2.536993 
40.469767 0.046993 
40.863943 0.806993 
41.258123 4.566993 
41.476306 10.576994 
41.570466 18.086994 
41.625653 26.096994 
41.663822 34.356995 
41.692999 42.616997 
41.716152 50.876999 
41.735329 59.137001 
41.751509 67.397003 
41.780738 75.407005 
41.793924 83.417007 
41.805092 91.427010 
41.815277 99.187012 
41.834479 106.697014 
41.843655 114.207024 
41.851807 121.467026 
41.859969 128.727020 
41.875196 135.737015 
41.890398 142.497009 
41.897574 149.257004 
41.910789 155.766998 
41.916965 162.276993 
41.928176 168.536987 
41.939411 174.546982 
41.944585 180.556976 
41.954811 186.316971 
41.965048 191.826965 
41.975268 197.086945 
41.980443 202.346939 
41.989670 207.356934 
41.998904 212.116943 
42.008107 216.626938 
42.012283 221.136917 
42.020518 225.396927 
42.028738 229.406921 
42.036940 233.166916 
42.045165 236.926926 
42.053399 240.436935 
42.061632 243.696930 
42.065783 246.956924 
42.073994 249.966919 
42.081228 252.726913 
42.088462 255.236908 
42.095703 257.496918 
42.098880 259.756927 
42.102059 263.526947 
42.108269 263.526947 
42.114486 265.036957 
42.120721 266.296967 
42.126923 267.556976 
42.133158 268.566986 
42.139384 269.326996 
42.145597 269.837006 
42.148770 270.097015 
42.154993 270.107025 
42.158169 270.117035 
42.164403 269.877045 
42.170637 269.387054 
42.176871 268.647064 
42.183104 267.657074 
42.186255 266.667084 
42.192489 265.427094 
42.198715 263.937103 
42.204950 262.197113 
42.211184 260.207123 
42.214369 258.217133 
42.220572 255.977127 
42.226797 253.487122 
42.233031 250.747116 
42.240257 247.757111 
42.247496 244.767090 
42.254715 241.527100 
42.261941 238.037094 
42.269175 234.297089 
42.276395 230.307098 
42.280570 226.317093 
42.288798 222.077072 
42.297025 217.587067 
42.305257 212.847046 
42.309434 208.107025 
42.317651 203.117020 
42.326877 197.877014 
42.336112 192.387024 
42.341264 186.897018 
42.351498 181.157013 
42.361735 175.167007 
42.371965 169.177002 
42.383183 162.936996 
42.394401 156.446991 
42.400555 149.956985 
42.412778 143.216980 
42.426004 136.226974 
42.433156 129.236969 
42.448390 121.996964 
42.463616 114.506966 
42.471784 107.016968 
42.490001 99.276970 
42.500170 91.536972 
42.510341 83.546974 
42.521511 75.556976 
42.534681 67.316978 
42.563907 58.826973 
42.580092 50.336971 
42.599244 41.846970 
42.622420 33.106968 
42.652590 24.366968 
42.693759 15.626967 
42.756928 7.136966 
42.897096 7.136966 
43.037294 7.136966 
43.177487 0.646966 
43.317679 0.646966 
43.457942 0.646966 
43.598185 0.646966 
43.738344 0.646966 
43.878355 0.646966 
44.018363 0.646966 
44.158377 0.406966 
44.298438 0.916966 
44.438540 1.426966 
45.138707 3.436966 
45.428883 10.946966 
45.520063 20.706966 
45.568242 30.966965 
45.600410 41.226967 
45.624586 51.736969 
45.643760 61.996971 
45.659934 72.256973 
45.673108 82.516975 
45.685282 92.526978 
45.695455 102.286972 
45.704628 112.046974 
45.712800 121.556976 
45.721015 130.816971 
45.728190 139.826965 
45.735362 148.698959 
45.741521 157.320953 
45.747679 165.692947 
45.753851 173.814941 
45.759022 181.936935 
45.764195 189.808929 
45.769369 197.430923 
45.774519 204.802917 
45.778676 211.924927 
45.782849 218.796906 
45.787023 225.668915 
45.791195 232.290909 
45.795369 238.662918 
45.799541 244.784927 
45.803721 250.656921 
45.806875 256.278931 
45.810046 261.650940 
45.813218 267.022949 
45.816390 272.144958 
45.819564 277.016968 
45.822737 281.638977 
45.825908 286.010986 
45.829125 290.132996 
45.832286 294.005005 
45.835434 297.627014 
45.838613 300.999023 
45.841778 304.121033 
45.844936 307.243042 
45.848109 310.115051 
45.851273 312.737061 
45.854445 315.109070 
45.857617 317.231079 
45.860776 319.103088 
45.863925 320.725098 
45.867083 322.097107 
45.870256 323.219116 
45.873429 324.341125 
45.876601 325.213135 
45.879781 325.835144 
45.882954 326.207153 
45.886127 326.329163 
45.889309 326.201172 
45.892479 325.823181 
45.895631 325.195190 
45.898789 324.317200 
45.901954 323.189209 
45.905111 322.061218 
45.908275 320.683228 
45.911448 319.055237 
45.914605 317.177246 
45.917777 315.049255 
45.920957 312.671265 
45.924128 310.043274 
45.927278 307.165283 
45.930451 304.037292 
45.933623 300.909302 
45.936781 297.531311 
45.939954 293.903320 
45.943127 290.025330 
45.946300 285.897339 
45.949472 281.519348 
45.952644 276.891357 
45.955794 272.013367 
45.958952 266.885376 
45.962124 261.507385 
45.965297 256.129395 
45.968470 250.501389 
45.971643 244.623367 
45.975815 238.495361 
45.979989 232.117355 
45.984162 225.489349 
45.988311 218.611343 
45.992484 211.483322 
45.996655 204.355301 
46.000828 196.977295 
46.006000 189.349289 
46.011180 181.471283 
46.016340 173.343277 
46.021512 164.965271 
46.027685 156.587265 
46.033859 147.959259 
46.040037 139.081253 
46.047196 129.953247 
46.054346 120.575249 
46.062519 111.197258 
46.070692 101.569252 
46.079860 91.691254 
46.090033 81.813255 
46.102206 71.685257 
46.115413 61.307255 
46.131588 50.679253 
46.150755 40.051254 
46.174928 29.423252 
46.208101 18.795252 
46.261315 8.167252 
46.383541 8.167252 
46.505780 8.167252 
46.628000 8.167252 
46.750237 8.167252 
46.872468 0.289251 
46.994606 0.289251 
47.116660 0.289251 
47.238726 0.289251 
47.360770 0.289251 
47.482813 0.289251 
47.604872 0.289251 
47.726915 0.289251 
47.848964 0.289251 
47.971023 0.289251 
48.093109 0.289251 
48.215260 0.289251 
48.337314 1.103251 
49.243509 2.667252 
49.617689 10.731252 
49.710873 21.545252 
49.757056 33.109253 
49.787232 44.673252 
49.809414 56.237247 
49.826597 67.801247 
49.840756 79.115250 
49.852914 90.429253 
49.864072 101.493248 
49.873224 112.557251 
49.890455 123.371262 
49.898638 134.185257 
49.912872 144.749252 
49.919028 155.063248 
49.925199 165.127243 
49.936424 175.191238 
49.947643 185.005234 
49.952800 194.569229 
49.962026 204.133224 
49.971244 213.447220 
49.980455 222.511215 
49.984637 231.575211 
49.992847 240.389191 
50.001060 248.953186 
50.008275 257.267181 
50.015478 265.331177 
50.018655 273.395172 
50.024870 281.209167 
50.031080 288.773163 
50.037308 296.087158 
50.040457 303.151154 
50.046673 310.215149 
50.052894 317.029144 
50.056063 323.593140 
50.062263 329.907135 
50.067487 335.971130 
50.069648 341.785126 
50.073850 347.599121 
50.078059 353.163116 
50.080221 358.477112 
50.084445 363.541107 
50.088663 368.355103 
50.092887 372.919098 
50.097108 377.233093 
50.101342 381.297119 
50.105567 385.361115 
50.109769 389.175110 
50.113988 392.739105 
50.118213 396.053101 
50.122432 399.117096 
50.126657 401.931091 
50.128805 404.495117 
50.133007 406.809113 
50.137217 409.123108 
50.141436 411.187073 
50.145662 413.001099 
50.149891 415.879089 
50.154118 415.879089 
50.158329 416.943085 
50.160491 417.757080 
50.164692 418.571075 
50.168908 419.135071 
50.171063 419.449066 
50.175264 419.513031 
50.179490 419.327026 
50.183709 418.891022 
50.187966 418.205017 
50.190138 417.269043 
50.192298 416.333038 
50.196500 415.147034 
50.200718 413.710999 
50.204943 412.024994 
50.209161 410.088989 
50.213385 407.902985 
50.217620 405.466980 
50.221844 402.780975 
50.224005 400.094971 
50.228207 397.158966 
50.232423 393.972961 
50.236649 390.536957 
50.240874 386.850922 
50.245091 382.914917 
50.249314 378.728912 
50.251468 374.292908 
50.253617 369.856903 
50.257834 365.170898 
50.262043 360.234894 
50.266260 355.048889 
50.270485 349.612885 
50.274694 343.926880 
50.278920 337.990875 
50.284139 331.804871 
50.287297 325.618866 
50.293499 319.182861 
50.299717 312.496857 
50.305934 305.560852 
50.312160 298.374847 
50.315311 291.188843 
50.321512 283.752838 
50.327738 276.066833 
50.333956 268.130829 
50.340170 259.944824 
50.343327 251.758820 
50.350529 243.322830 
50.357746 234.636826 
50.364964 225.700821 
50.372194 216.514832 
50.376365 207.328827 
50.385583 197.892822 
50.394789 188.206818 
50.403997 178.270813 
50.409145 168.334808 
50.420355 158.148804 
50.431581 147.712799 
50.443800 137.276794 
50.456009 126.590790 
50.469236 115.654785 
50.477395 104.718788 
50.495623 93.532791 
50.505783 82.346786 
50.529985 70.910782 
50.544144 59.474785 
50.578365 47.788788 
50.598546 36.102787 
50.625728 24.416788 
50.665909 12.730787 
50.744090 1.044786 
51.701238 1.044786 
52.658426 1.044786 
53.615608 4.608787 
53.831803 15.922787 
53.893966 28.736790 
53.928127 41.800789 
53.951307 54.864792 
53.969468 67.928795 
53.983638 80.992798 
53.995813 93.806801 
54.017031 106.370796 
54.026214 118.934792 
54.042509 131.248795 
54.049712 143.312790 
54.055900 155.244797 
54.067133 166.926804 
54.072307 178.608810 
54.082534 190.040817 
54.091752 201.222839 
54.095918 212.404846 
54.104150 223.336853 
54.112380 234.018860 
54.120600 244.450867 
54.127821 254.882874 
54.135041 265.064880 
54.142257 274.996887 
54.149473 284.678894 
54.156690 294.360901 
54.163902 303.792908 
54.171113 312.974915 
54.178328 321.906921 
54.185537 330.588928 
54.188694 339.270935 
54.193904 347.702942 
54.199115 355.884949 
54.204323 363.816956 
54.209532 371.498962 
54.214740 379.180969 
54.219941 386.612976 
54.225142 393.794983 
54.230342 400.726990 
54.235538 407.408997 
54.240752 413.841034 
54.245968 420.273041 
54.251167 426.455048 
54.256374 432.387054 
54.261590 438.069061 
54.266802 443.501068 
54.272018 448.683044 
54.277231 453.865051 
54.279389 458.797058 
54.283613 463.479095 
54.287811 467.911102 
54.292041 472.093079 
54.296258 479.707092 
54.300506 479.707092 
54.302684 483.139099 
54.304852 486.369080 
54.307003 489.349091 
54.309147 492.079102 
54.313335 494.559113 
54.317545 496.789124 
54.321761 498.769165 
54.324977 500.499176 
54.328182 501.979187 
54.331388 503.209198 
54.334602 504.439209 
54.337804 505.419220 
54.338945 506.149231 
54.341128 506.629242 
54.343316 506.859253 
54.344457 506.839264 
54.346662 506.569275 
54.348871 506.049286 
54.351064 505.279297 
54.352216 504.259308 
54.354430 501.469330 
54.356647 499.699371 
54.359862 499.699371 
54.363079 497.929352 
54.366297 495.909332 
54.369497 493.639343 
54.371638 491.119324 
54.375835 488.349335 
54.380030 485.329346 
54.384225 482.059357 
54.388424 478.539398 
54.392635 474.769440 
54.396855 470.999481 
54.401064 466.979523 
54.405271 462.709503 
54.409469 458.189514 
54.413669 453.419556 
54.417872 448.399567 
54.422090 443.129578 
54.426307 437.859619 
54.430516 432.339630 
54.434733 426.569641 
54.438940 420.549652 
54.443135 414.279663 
54.447344 407.759674 
54.451562 400.989685 
54.455778 394.219696 
54.459994 387.199707 
54.464188 379.929718 
54.466338 372.409729 
54.470548 364.639740 
54.474758 356.619751 
54.478955 348.349762 
54.483159 339.829773 
54.488369 331.309784 
54.493572 322.539795 
54.498770 313.519806 
54.503967 304.249817 
54.509159 294.729828 
54.514348 284.959839 
54.517483 275.189850 
54.520627 265.169861 
54.526830 254.899857 
54.534057 244.379852 
54.541274 233.609848 
54.548489 222.839844 
54.555693 211.819839 
54.562917 200.549835 
54.571133 189.029831 
54.579348 177.509827 
54.588551 165.739822 
54.597767 153.719818 
54.607984 141.449814 
54.618202 129.179810 
54.629423 116.659805 
54.641637 104.139809 
54.653843 91.369812 
54.669064 78.349808 
54.687282 65.329803 
54.709499 52.059807 
54.728685 38.789806 
54.753851 25.519808 
54.818118 12.249807 
54.899290 12.249807 
54.980451 12.249807 
55.061602 12.249807 
55.142772 0.325807 
55.223926 0.325807 
55.305139 0.325807 
55.386342 0.325807 
55.467612 0.325807 
55.548928 0.325807 
55.630227 0.325807 
55.711599 0.325807 
55.793051 0.325807 
55.874352 0.325807 
55.955729 0.325807 
56.037126 0.325807 
56.118410 0.325807 
56.199697 0.325807 
56.280997 0.325807 
56.362335 0.325807 
56.443727 0.325807 
56.525107 0.325807 
56.606563 0.325807 
56.688082 0.325807 
56.769447 0.325807 
56.850851 0.325807 
56.932304 0.325807 
57.013626 0.325807 
57.094956 0.325807 
57.176271 0.325807 
57.257646 0.325807 
57.339072 0.325807 
57.420509 0.325807 
57.502008 0.285807 
57.583544 0.245807 
57.665055 0.825807 
57.746614 1.405807 
58.457795 2.735807 
58.823007 9.065807 
58.933198 18.145809 
58.988369 27.975811 
59.023539 38.055813 
59.078756 48.135818 
59.098925 58.465824 
59.133141 68.545822 
59.165361 78.875824 
59.177526 89.205826 
59.199747 99.285828 
59.209922 109.365837 
59.228134 119.195831 
59.245349 129.025833 
59.252500 138.605835 
59.265716 148.185837 
59.278932 157.515839 
59.292146 166.595840 
59.304365 175.675842 
59.316575 184.505859 
59.328790 193.335861 
59.340005 201.915863 
59.351222 210.495865 
59.362440 218.825867 
59.373649 226.905853 
59.384864 234.985855 
59.396083 242.815857 
59.406287 250.395859 
59.409449 257.975861 
59.415651 265.305847 
59.421847 272.385834 
59.428052 279.215820 
59.431212 285.795807 
59.434378 292.125793 
59.437527 298.455780 
59.443721 304.535767 
59.449915 310.365753 
59.456115 315.945740 
59.459262 321.275726 
59.462411 326.355713 
59.465550 331.435699 
59.470737 336.265686 
59.475940 340.845673 
59.481150 345.175659 
59.486349 349.255646 
59.488496 353.085632 
59.490640 356.665619 
59.494844 360.245605 
59.499061 363.575592 
59.503266 366.655579 
59.507463 369.485565 
59.511660 372.065552 
59.515857 374.395538 
59.520058 376.475525 
59.524267 378.555511 
59.528485 380.385498 
59.532687 381.965485 
59.536896 383.295471 
59.541115 384.375458 
59.545333 385.205444 
59.549547 385.785431 
59.551710 386.115448 
59.553857 386.329437 
59.558059 386.293427 
59.562256 386.007416 
59.566451 385.471405 
59.570648 384.685394 
59.574844 383.649384 
59.579043 382.363373 
59.581197 380.827362 
59.585405 379.291351 
59.589622 377.505341 
59.593825 375.469330 
59.598032 373.183319 
59.602248 370.647308 
59.606472 367.861298 
59.610686 364.825287 
59.614894 361.789276 
59.619109 358.503265 
59.623311 354.967255 
59.627507 351.181244 
59.631702 347.145233 
59.635896 342.859222 
59.640094 338.323212 
59.642248 329.001190 
59.647456 329.001190 
59.652658 323.965179 
59.657853 318.679169 
59.663060 313.143158 
59.668277 307.357147 
59.673487 301.321136 
59.678693 295.285126 
59.683909 288.999115 
59.689111 282.463104 
59.694306 275.677094 
59.699504 268.641083 
59.702648 261.605072 
59.705796 254.319077 
59.712994 246.783081 
59.720193 238.997070 
59.727421 230.961075 
59.731623 222.675095 
59.735817 214.389099 
59.740006 205.853104 
59.744199 197.067123 
59.749413 188.031128 
59.755533 178.745132 
59.760703 169.209137 
59.765870 159.673141 
59.777084 149.887146 
59.789310 139.851151 
59.801528 129.565155 
59.808690 119.279152 
59.816872 108.743141 
59.826076 97.957138 
59.836273 87.171135 
59.847456 76.135132 
59.860640 64.849129 
59.875811 53.563129 
59.893984 42.027130 
59.917145 30.491133 
59.949358 18.955132 
60.001561 7.169132 
60.140762 7.169132 
60.279961 7.169132 
60.419182 7.169132 
60.558368 7.169132 
60.697542 7.169132 
60.836717 7.169132 
60.975936 0.633132 
61.115179 0.633132 
61.254371 0.633132 
61.393569 0.633132 
61.532769 0.633132 
61.671952 0.633132 
61.811136 0.633132 
61.950312 0.633132 
62.089517 0.847131 
62.228700 1.811131 
62.780889 3.775131 
63.045075 9.989132 
63.145263 18.203133 
63.199449 26.917133 
63.236625 35.881134 
63.295894 44.845135 
63.318081 53.809132 
63.336255 63.023132 
63.367474 72.237137 
63.397733 81.451141 
63.409904 90.415146 
63.421069 99.349144 
63.441279 108.283134 
63.460491 116.967140 
63.478702 125.651138 
63.496929 134.085144 
63.515146 142.519150 
63.532357 150.953156 
63.549583 159.137161 
63.565802 167.321167 
63.582028 175.255173 
63.598254 183.189178 
63.614463 190.873184 
63.630682 198.557205 
63.645908 206.241211 
63.661146 213.675217 
63.665308 220.859222 
63.669465 227.841217 
63.677666 234.573196 
63.685899 241.055191 
63.694117 247.287170 
63.701344 253.519165 
63.708547 259.501160 
63.715773 265.233154 
63.722991 270.715149 
63.730217 276.197144 
63.737431 281.429138 
63.744650 286.411133 
63.751877 291.143127 
63.759096 295.875122 
63.766316 300.357117 
63.773526 304.589111 
63.780736 308.571106 
63.787955 312.553101 
63.795188 316.285095 
63.802409 322.999084 
63.809635 322.999084 
63.816853 326.231079 
63.824081 329.213074 
63.831284 331.945068 
63.837503 334.427063 
63.843729 336.659058 
63.849954 338.891052 
63.856180 340.873047 
63.862407 342.605042 
63.868632 344.087036 
63.874851 345.319031 
63.881077 346.551025 
63.887298 347.533020 
63.893524 348.265015 
63.899743 348.747009 
63.905968 349.229004 
63.912195 349.460999 
63.918408 349.442993 
63.924626 349.174988 
63.930836 348.656982 
63.937063 348.138977 
63.943282 347.370972 
63.949486 346.352966 
63.955712 345.084961 
63.961938 343.566956 
63.968163 342.048950 
63.974383 340.280945 
63.980596 338.262939 
63.986822 335.994934 
63.993041 333.476929 
64.000267 330.958923 
64.007487 328.190918 
64.014699 325.172913 
64.021924 321.904907 
64.029135 318.636902 
64.036362 315.118896 
64.043565 311.350891 
64.050783 307.332886 
64.058010 303.314880 
64.065229 299.046875 
64.072432 294.528870 
64.079651 289.760864 
64.086878 284.992859 
64.094105 279.974854 
64.101318 274.706848 
64.108536 269.188843 
64.115763 263.420837 
64.122989 257.652832 
64.130209 251.634827 
64.138412 245.366821 
64.146631 238.848801 
64.154850 232.330795 
64.163086 225.562790 
64.171336 218.544785 
64.175512 211.276794 
64.179691 203.854797 
64.188912 196.182800 
64.198115 188.260803 
64.207341 180.088806 
64.216567 171.916809 
64.226771 163.494812 
64.236990 154.822815 
64.247209 146.150818 
64.258421 137.228821 
64.269631 128.056824 
64.281862 118.884834 
64.295068 109.462830 
64.308279 100.040833 
64.323500 90.368835 
64.334659 80.696838 
64.359879 70.774841 
64.387106 60.852840 
64.417343 50.930836 
64.452574 41.008835 
64.495786 31.086836 
64.554014 21.164835 
64.652254 11.492834 
65.051499 2.570833 
65.439670 2.570833 
65.827840 2.570833 
66.216009 1.898833 
66.742184 4.226833 
66.978363 9.804833 
67.079527 17.132833 
67.219743 25.210835 
67.258898 34.038834 
67.321120 42.866833 
67.379331 52.194832 
67.434540 61.772831 
67.450701 71.350830 
67.464856 80.928833 
67.490059 90.256836 
67.514281 99.584839 
67.537491 108.912842 
67.559718 118.240845 
67.580922 127.568848 
67.602141 136.646851 
67.622352 145.724854 
67.642579 154.802856 
67.662799 163.630859 
67.682027 172.458862 
67.701230 181.286865 
67.720449 189.864868 
67.739669 198.442871 
67.757894 207.020859 
67.776121 215.348862 
67.794340 223.676865 
67.812557 231.754852 
67.830793 239.832855 
67.848996 247.910843 
67.866215 255.738846 
67.883426 263.566833 
67.900637 271.144836 
67.917863 278.722839 
67.935098 286.050842 
67.952310 293.378845 
67.969513 300.706848 
67.986739 307.784851 
68.003958 314.862854 
68.021185 321.690857 
68.038396 328.518860 
68.054612 335.096863 
68.070839 341.674866 
68.087066 348.252869 
68.103291 354.580872 
68.119522 360.908875 
68.135740 366.986877 
68.151948 373.064880 
68.168167 378.892883 
68.184378 384.720886 
68.200588 390.298889 
68.216800 395.876862 
68.233032 401.204865 
68.249249 406.532867 
68.265464 411.610870 
68.281682 416.688873 
68.297909 421.766876 
68.314134 426.594879 
68.330360 431.422882 
68.346570 436.000885 
68.362769 440.578888 
68.378977 444.906891 
68.395202 449.234894 
68.411428 453.312897 
68.427631 457.390930 
68.443851 461.218903 
68.460053 465.046906 
68.476271 468.874908 
68.492490 472.452881 
68.508708 476.030914 
68.524929 479.358948 
68.541155 482.686951 
68.557374 485.764954 
68.573593 488.842987 
68.589811 491.670990 
68.606036 494.499023 
68.622259 497.076996 
68.638458 499.654999 
68.653686 501.983002 
68.668890 504.311005 
68.684120 506.389008 
68.685278 508.467010 
68.687504 510.295013 
68.689706 511.873016 
68.691940 513.200989 
68.694159 514.278992 
68.696369 515.106995 
68.698587 515.684998 
68.700813 516.013000 
68.703027 516.341003 
68.705260 516.247009 
68.707464 516.247009 
68.709691 515.825012 
68.711909 515.153015 
68.714132 514.231018 
68.716333 513.059021 
68.718534 511.637024 
68.720743 509.965027 
68.722957 508.043030 
68.725175 505.871033 
68.727400 503.449036 
68.729618 500.777039 
68.732844 498.105042 
68.736042 495.183044 
68.739258 492.011017 
68.742467 488.588989 
68.745691 484.916992 
68.748893 480.995026 
68.752092 476.822998 
68.755306 472.401001 
68.758515 467.728973 
68.761741 462.806976 
68.764943 457.885010 
68.768169 452.713013 
68.771388 447.290985 
68.774605 441.618958 
68.777826 435.696960 
68.781028 429.524963 
68.784231 423.102966 
68.787457 416.430969 
68.790660 409.508972 
68.793871 395.414978 
68.797101 395.414978 
68.800327 387.992981 
68.803530 380.320953 
68.806748 372.398956 
68.809952 364.226959 
68.813154 347.132965 
68.816373 347.132965 
68.819599 338.210968 
68.823818 329.288971 
68.828044 320.116974 
68.832277 310.694977 
68.836492 301.022980 
68.840696 291.100983 
68.844898 280.928986 
68.849125 270.506989 
68.853338 259.834991 
68.858549 249.162979 
68.863775 238.240982 
68.868995 227.069000 
68.874226 203.974991 
68.879438 203.974991 
68.885648 192.302994 
68.891866 180.380997 
68.898102 168.209000 
68.905308 155.787003 
68.912580 143.115005 
68.918766 130.193008 
68.925924 117.159012 
68.942135 103.875015 
68.960349 90.591019 
68.979552 77.057022 
69.001772 63.523022 
69.029001 49.989021 
69.063222 36.205021 
69.090406 22.671021 
69.226633 9.137020 
69.335807 9.137020 
69.444999 9.137020 
69.554202 9.137020 
69.663368 9.137020 
69.772542 9.137020 
69.881750 9.137020 
69.990976 9.137020 
70.100145 0.723020 
71.686667 0.723020 
73.273217 5.059020 
73.470392 21.645020 
73.516560 39.731018 
73.579770 57.817017 
73.596925 76.153015 
73.624149 94.489021 
73.649356 112.825020 
73.673578 131.161026 
73.696783 149.247025 
73.719004 167.333023 
73.741232 185.419022 
73.762468 203.505020 
73.783674 221.341034 
73.804893 239.177032 
73.825129 257.013031 
73.845363 274.599030 
73.865576 292.185028 
73.885796 309.771027 
73.906010 327.107025 
73.925245 344.443024 
73.944458 361.779022 
73.963663 378.865021 
73.982874 395.951019 
74.002089 413.036987 
74.021313 429.873016 
74.040524 446.708984 
74.059736 463.545013 
74.078946 480.131012 
74.098168 496.717041 
74.116382 513.053040 
74.134607 529.389038 
74.152833 545.725037 
74.171053 561.811035 
74.189265 577.897034 
74.207479 593.733032 
74.225705 609.569031 
74.243917 625.405029 
74.262127 640.991028 
74.280349 656.577026 
74.298563 672.163025 
74.316790 687.499023 
74.335016 702.835022 
74.353226 717.921021 
74.371453 733.007019 
74.389655 748.093018 
74.407890 762.929016 
74.426117 777.765015 
74.444335 792.351013 
74.462564 806.937012 
74.480777 821.523071 
74.499012 835.859070 
74.517231 850.195068 
74.535451 864.281006 
74.553712 878.367004 
74.554905 892.203003 
74.556056 919.624939 
74.558259 919.624939 
74.560469 946.046997 
74.562704 946.046997 
74.564913 971.469055 
74.567132 971.469055 
74.569365 995.891113 
74.571584 995.891113 
74.572808 1007.727112 
74.574015 1030.649170 
74.575214 1041.735229 
74.576413 1041.735229 
74.577618 1052.571289 
74.578799 1063.157349 
74.579992 1073.493408 
74.581203 1093.915527 
74.582428 1093.915527 
74.583617 1103.751587 
74.584798 1113.337646 
74.585989 1122.673706 
74.587188 1140.595825 
74.588388 1149.181885 
74.589599 1157.517944 
74.590798 1165.604004 
74.591987 1165.604004 
74.593167 1173.440063 
74.594360 1181.026123 
74.595559 1195.448242 
74.596759 1202.284302 
74.597958 1202.284302 
74.599156 1215.206421 
74.600356 1221.292480 
74.601555 1227.128540 
74.602787 1227.128540 
74.604002 1238.050659 
74.605205 1243.136719 
74.606417 1243.136719 
74.607642 1247.972778 
74.608824 1252.558838 
74.610018 1256.894897 
74.611222 1265.317017 
74.612425 1265.317017 
74.613628 1272.739136 
74.614830 1272.739136 
74.616033 1279.161255 
74.617234 1281.997314 
74.618460 1281.997314 
74.619667 1286.919434 
74.620870 1289.005493 
74.622075 1289.005493 
74.623271 1290.841553 
74.624504 1293.763672 
74.625728 1294.849731 
74.626919 1294.849731 
74.628102 1295.685791 
74.629294 1296.607910 
74.630526 1296.607910 
74.631759 1296.530029 
74.632961 1296.116089 
74.634159 1296.116089 
74.635366 1294.538208 
74.636585 1293.374268 
74.637819 1291.960327 
74.639022 1290.296387 
74.640224 1290.296387 
74.641421 1286.718506 
74.642625 1286.718506 
74.643827 1282.140625 
74.645039 1279.476685 
74.646238 1276.562744 
74.647435 1273.398804 
74.648668 1269.984863 
74.649920 1269.984863 
74.651122 1266.320923 
74.652314 1262.406982 
74.653512 1253.829102 
74.654713 1249.165161 
74.655913 1244.251221 
74.657113 1239.087280 
74.658329 1239.087280 
74.659553 1228.009399 
74.660751 1228.009399 
74.661932 1222.095459 
74.663124 1209.517578 
74.664324 1202.853638 
74.665525 1195.939697 
74.666721 1195.939697 
74.667902 1188.775757 
74.669110 1173.697876 
74.670346 1173.697876 
74.671621 1165.783936 
74.671771 1157.829956 
74.671951 1149.625977 
74.672131 1141.171997 
74.672343 1132.468018 
74.672522 1123.514038 
74.672702 1114.310059 
74.672881 1104.856079 
74.673061 1095.152100 
74.673241 1085.198120 
74.673422 1074.994141 
74.673602 1064.540161 
74.673783 1053.836182 
74.673965 1042.882202 
74.674146 1031.678223 
74.674328 1020.224243 
74.674509 1008.520264 
74.675691 996.566345 
74.676872 984.362366 
74.678065 971.908325 
74.679269 959.204285 
74.680466 946.250244 
74.681660 933.046204 
74.682839 919.592285 
74.684030 905.888306 
74.685225 891.934265 
74.686430 877.730286 
74.687625 863.276306 
74.688821 848.572266 
74.690016 833.618286 
74.691212 818.414246 
74.692407 802.960266 
74.693602 787.256287 
74.694797 771.302307 
74.696008 755.098328 
74.697203 738.644348 
74.698398 721.940369 
74.699594 704.986389 
74.700789 670.828430 
74.701984 670.828430 
74.703179 653.374451 
74.704375 635.670471 
74.705570 599.512512 
74.706765 599.512512 
74.707960 581.058533 
74.709155 562.354553 
74.710357 543.400574 
74.711560 524.196594 
74.712762 504.742584 
74.714955 485.038544 
74.717142 465.084534 
74.719341 445.084534 
74.721543 425.084534 
74.723746 405.084534 
74.725948 385.084534 
74.728150 365.084534 
74.730352 345.084534 
74.733562 325.084534 
74.736758 305.084534 
74.739960 285.084534 
74.743163 265.084534 
74.747365 245.084518 
74.751567 225.084503 
74.755771 205.084488 
74.760990 185.084488 
74.767202 165.084488 
74.773396 145.084488 
74.780599 125.084488 
74.789802 105.084488 
74.801013 85.084488 
74.816225 65.084488 
74.838436 45.084488 
74.860617 25.084486 
75.078876 5.084486 
75.275063 5.084486 
75.471223 5.084486 
75.667391 5.084486 
75.863559 5.084486 
76.059727 5.084486 
76.255896 5.084486 
76.452058 5.084486 
76.648241 5.084486 
76.844408 5.084486 
77.040597 5.084486 
77.236776 5.084486 
77.432947 0.334486 
77.629112 0.334486 
77.825281 0.334486 
78.021446 0.334486 
78.217630 1.084486 
78.712851 3.334486 
79.012024 9.334486 
79.119177 17.584486 
79.175339 26.584486 
79.258559 35.834488 
79.336809 45.334488 
79.359027 54.834488 
79.396164 64.834488 
79.431309 74.834488 
79.444552 84.584488 
79.467721 94.584488 
79.489870 104.334488 
79.511014 114.084488 
79.532165 123.834496 
79.540354 133.334503 
79.555420 142.746506 
79.569478 151.908508 
79.583532 161.070511 
79.596581 169.982513 
79.609631 187.556519 
79.622678 187.556519 
79.635714 196.218521 
79.647759 204.630524 
79.659814 212.792526 
79.671866 220.954544 
79.683943 228.866547 
79.688116 236.528549 
79.692266 244.190567 
79.699464 251.602570 
79.706658 258.764557 
79.713872 265.676544 
79.721095 279.250519 
79.728313 285.662506 
79.735524 285.662506 
79.742729 291.824493 
79.749944 297.986481 
79.757163 309.560455 
79.764376 309.560455 
79.771574 314.972443 
79.778785 320.384430 
79.786000 325.546417 
79.793216 330.458405 
79.799485 335.120392 
79.801655 339.532379 
79.805724 343.742371 
79.809815 347.702362 
79.813896 354.872345 
79.817988 358.082336 
79.822066 361.042358 
79.826151 363.752350 
79.830230 363.752350 
79.834305 366.462341 
79.838372 371.132355 
79.842449 373.092346 
79.846542 373.092346 
79.850619 376.262329 
79.854690 376.262329 
79.858794 377.472321 
79.862886 378.432343 
79.866963 379.392334 
79.871056 380.562317 
79.875118 380.562317 
79.879195 380.772308 
79.883263 380.442291 
79.887329 380.442291 
79.891398 379.902283 
79.895475 379.362274 
79.899544 378.572266 
79.903636 377.532257 
79.907720 376.242279 
79.911812 374.702271 
79.915882 372.912292 
79.919955 370.872284 
79.924023 368.832275 
79.928108 366.542267 
79.932185 364.002258 
79.936254 361.212250 
79.940325 358.172241 
79.944385 354.882233 
79.948463 351.342224 
79.952534 347.552216 
79.956619 343.762207 
79.960697 339.722198 
79.964766 335.432190 
79.969858 330.892181 
79.974939 326.102173 
79.980010 321.062164 
79.985070 316.022156 
79.990148 310.732147 
79.995232 299.402130 
80.000310 299.402130 
80.005379 293.362122 
80.010472 287.072113 
80.015528 280.782104 
80.020594 274.242096 
80.025671 267.452087 
80.030741 253.122086 
80.035828 253.122086 
80.041896 245.582092 
80.047956 238.042084 
80.054034 222.212128 
80.060103 222.212128 
80.066172 213.922134 
80.072242 205.382156 
80.079304 196.842163 
80.086373 188.052170 
80.093442 179.012177 
80.100512 169.722168 
80.108581 160.432159 
80.116674 150.892151 
80.125744 141.102142 
80.134830 131.062134 
80.144884 121.022125 
80.155935 110.732124 
80.166999 100.192123 
80.180093 89.652122 
80.194224 78.862122 
80.206405 67.822121 
80.220588 56.604118 
80.256793 45.386116 
80.300020 34.168114 
80.357251 22.950113 
80.454489 11.982113 
81.128727 1.514112 
81.788941 1.514112 
82.449112 1.046112 
83.404323 5.828113 
83.575494 17.610113 
83.631662 30.392113 
83.710885 43.424114 
83.784106 56.956116 
83.854328 70.738113 
83.921550 85.020111 
83.987778 99.552109 
84.052015 114.334099 
84.115253 129.366104 
84.177483 144.648102 
84.239728 160.180099 
84.300964 176.212097 
84.362199 192.494095 
84.422428 209.026077 
84.482657 225.808060 
84.542887 242.840073 
84.602121 260.122070 
84.605301 294.936096 
84.611525 294.936096 
84.617753 311.968109 
84.623966 345.282135 
84.629193 345.282135 
84.634421 361.564148 
84.639641 393.878174 
84.644876 393.878174 
84.650081 409.660156 
84.655293 425.192169 
84.660514 440.474182 
84.665726 455.756165 
84.670963 485.570221 
84.676168 485.570221 
84.680373 500.102234 
84.684592 514.384216 
84.688825 542.198181 
84.693029 542.198181 
84.697256 569.512146 
84.701477 582.794128 
84.705709 582.794128 
84.709921 608.608093 
84.714157 621.140076 
84.718377 633.422058 
84.722604 633.422058 
84.726815 645.704041 
84.731051 657.736023 
84.735277 669.518005 
84.739480 681.049988 
84.743701 703.363953 
84.747936 714.145935 
84.752144 714.145935 
84.756355 735.459900 
84.760574 735.459900 
84.764810 755.773865 
84.769036 765.555847 
84.773249 775.087830 
84.777458 775.087830 
84.781678 784.369873 
84.785899 793.651855 
84.790134 811.465820 
84.794367 819.997803 
84.798595 828.279785 
84.802802 828.279785 
84.807019 844.093872 
84.811261 844.093872 
84.812440 851.625793 
84.814551 866.439758 
84.816661 873.471741 
84.818799 873.471741 
84.820922 886.785828 
84.823041 893.067810 
84.825180 893.067810 
84.827291 904.881775 
84.829403 910.413757 
84.831513 915.695740 
84.833655 920.727783 
84.835751 925.509827 
84.837865 930.041809 
84.840014 930.041809 
84.842125 934.573792 
84.844259 942.887695 
84.846377 942.887695 
84.848504 950.201721 
84.850623 950.201721 
84.852764 956.515808 
84.854899 959.297729 
84.857026 961.829651 
84.859148 964.111633 
84.861267 966.143677 
84.863378 967.925659 
84.865505 969.457581 
84.867646 969.457581 
84.869780 970.739563 
84.871923 972.021545 
84.874042 973.053528 
84.876184 974.367432 
84.878302 974.367432 
84.880429 974.681519 
84.882571 974.463562 
84.884697 973.995605 
84.886840 973.277527 
84.888988 972.309509 
84.891099 971.091492 
84.893210 969.623413 
84.895337 969.623413 
84.897479 965.937378 
84.899597 965.937378 
84.901724 961.751343 
84.903852 961.751343 
84.905994 956.565308 
84.908121 953.597229 
84.910263 953.597229 
84.912389 946.911255 
84.914532 943.193237 
84.916644 939.225159 
84.918754 935.007141 
84.920866 930.539124 
84.922977 930.539124 
84.925096 920.853088 
84.927238 915.635071 
84.929380 915.635071 
84.930575 910.166992 
84.932747 898.757019 
84.934913 892.677002 
84.937094 886.347046 
84.939290 886.347046 
84.941463 872.937012 
84.943660 865.856995 
84.945841 858.526978 
84.948037 858.526978 
84.950237 843.116943 
84.952413 835.036926 
84.954587 835.036926 
84.956760 818.126953 
84.958956 809.296936 
84.961137 809.296936 
84.963310 791.386841 
84.965483 782.056824 
84.967665 772.476746 
84.969861 762.646667 
84.972039 752.566589 
84.974220 742.236572 
84.976416 731.656555 
84.978596 731.656555 
84.980782 709.746521 
84.982961 698.416504 
84.985126 686.836487 
84.987307 675.006470 
84.989504 675.006470 
84.991685 651.096436 
84.993892 638.766418 
84.996057 626.186401 
84.998239 626.186401 
85.000420 600.276367 
85.002593 586.946350 
85.004790 573.366333 
85.006971 559.536316 
85.009165 559.536316 
85.011330 531.126282 
85.013496 516.546265 
85.015668 501.716278 
85.017865 486.636292 
85.021042 486.636292 
85.024223 456.226318 
85.027436 440.646332 
85.030605 424.816345 
85.033778 408.736359 
85.036959 392.406342 
85.040153 392.406342 
85.043311 375.826355 
85.046461 358.996368 
85.049624 341.916382 
85.053806 307.506409 
85.057980 307.506409 
85.062153 272.096436 
85.066326 254.016434 
85.070521 254.016434 
85.075685 217.106430 
85.080851 217.106430 
85.087026 198.526428 
85.093200 160.616425 
85.100376 160.616425 
85.108542 121.706421 
85.117724 121.706421 
85.127921 102.126419 
85.141104 82.296417 
85.158278 62.466415 
85.182476 42.466415 
85.227674 22.466415 
85.633845 2.466415 
86.039023 2.466415 
86.444195 2.466415 
87.254423 2.466415 
87.659609 2.466415 
88.064786 0.216415 
88.390002 0.966415 
88.952281 4.216415 
89.360549 11.966415 
89.729826 22.716415 
89.774035 35.716415 
89.838157 49.216415 
89.858320 62.966415 
89.891533 76.716415 
89.922740 90.466415 
89.951968 104.216415 
89.980188 117.966415 
90.007415 131.716415 
90.033653 145.466415 
90.059914 159.216415 
90.066103 172.716415 
90.077203 186.176437 
90.088324 199.386444 
90.098430 212.346451 
90.108526 225.306458 
90.118646 238.016449 
90.127751 250.476456 
90.136850 262.936462 
90.145965 275.146454 
90.155059 287.106445 
90.164165 310.776428 
90.173286 310.776428 
90.182392 322.236420 
90.190504 333.696411 
90.198593 355.866394 
90.206697 366.576385 
90.214794 366.576385 
90.222913 377.286377 
90.231032 397.956360 
90.239129 407.916351 
90.247233 417.876373 
90.255338 417.876373 
90.263458 427.586365 
90.271564 437.046326 
90.279660 455.716309 
90.287760 464.676300 
90.295856 473.386322 
90.303961 473.386322 
90.312059 482.096313 
90.320156 490.556305 
90.328267 506.726318 
90.335388 506.726318 
90.342494 514.686340 
90.349590 529.856384 
90.356710 537.066406 
90.363815 537.066406 
90.370936 544.276428 
90.378025 557.946472 
90.385129 564.406494 
90.392250 564.406494 
90.399351 570.866516 
90.406474 577.076538 
90.413593 588.746582 
90.420691 588.746582 
90.427811 594.456604 
90.434920 605.126648 
90.442049 605.126648 
90.449154 614.796692 
90.456273 614.796692 
90.463372 623.966736 
90.470462 628.176758 
90.477566 632.136780 
90.484663 632.136780 
90.491775 636.096802 
90.498906 639.806824 
90.506025 646.476868 
90.513131 646.476868 
90.520252 652.646912 
90.527360 652.646912 
90.534464 657.816956 
90.541585 657.816956 
90.548689 660.276978 
90.555807 662.487000 
90.562892 666.157043 
90.570040 666.157043 
90.571211 667.617065 
90.573302 669.979126 
90.575392 669.979126 
90.577482 671.341187 
90.579596 671.647217 
90.581710 671.703247 
90.583823 671.509277 
90.585907 671.065308 
90.587989 670.371338 
90.590079 669.427368 
90.592192 668.233398 
90.594292 666.789429 
90.596405 665.095459 
90.598504 665.095459 
90.600610 663.151489 
90.602709 661.207520 
90.604823 656.569580 
90.606906 653.875610 
90.609005 650.931641 
90.611118 647.737671 
90.613209 644.293701 
90.615292 644.293701 
90.617375 636.655762 
90.619457 632.461792 
90.621555 628.017822 
90.623668 623.323853 
90.625767 618.379883 
90.627880 613.185913 
90.629979 613.185913 
90.632084 602.547974 
90.634173 596.854004 
90.636264 590.910034 
90.638362 584.716064 
90.640476 578.272095 
90.642590 571.578125 
90.644703 564.634155 
90.646797 557.440186 
90.648889 549.996216 
90.651003 542.302246 
90.653116 534.358276 
90.655215 526.164307 
90.657328 517.720337 
90.659427 517.720337 
90.661541 500.582336 
90.663624 491.638367 
90.666705 482.444397 
90.669819 473.000397 
90.672934 463.306396 
90.676042 463.306396 
90.679110 453.362396 
90.682180 443.168396 
90.685251 432.724396 
90.688321 422.030396 
90.691391 411.086426 
90.694452 400.142426 
90.697520 388.948425 
90.700590 377.504425 
90.703659 365.810425 
90.706735 341.672424 
90.709817 329.228424 
90.713936 316.534424 
90.718034 303.590424 
90.722149 303.590424 
90.726231 290.646423 
90.730330 264.008423 
90.734443 250.314423 
90.738543 250.314423 
90.743634 236.370438 
90.748746 207.732437 
90.753843 207.732437 
90.759963 193.288422 
90.766063 178.594421 
90.773178 148.456421 
90.780268 148.456421 
90.788360 117.818413 
90.797472 117.818413 
90.807576 86.180412 
90.819682 86.180412 
90.834773 70.236412 
90.853891 37.848408 
90.881047 37.848408 
90.907220 21.654408 
91.116480 5.460407 
91.299701 5.460407 
91.482901 5.460407 
91.666059 5.460407 
92.032278 5.460407 
92.398509 5.460407 
92.764737 5.460407 
92.947909 1.766407 
93.514079 1.766407 
94.341351 3.822407 
94.602554 11.878408 
94.686735 21.684410 
94.801944 31.990410 
94.909157 43.046410 
95.011375 54.602406 
95.109571 66.908409 
95.205802 79.714409 
95.302015 93.020409 
95.312179 106.826408 
95.330385 120.632408 
95.347607 134.188416 
95.363814 147.744415 
95.380018 161.050415 
95.395234 174.356415 
95.410438 187.412415 
95.424650 200.468414 
95.438853 213.274414 
95.453074 226.080414 
95.467286 238.636398 
95.480504 263.498413 
95.493721 263.498413 
95.506939 287.860413 
95.520161 287.860413 
95.533382 311.722412 
95.546603 323.278412 
95.559827 323.278412 
95.572047 346.140411 
95.584270 346.140411 
95.596489 368.502411 
95.608708 379.308411 
95.620920 379.308411 
95.633136 390.114410 
95.645360 400.670410 
95.657579 421.532379 
95.669798 421.532379 
95.682010 431.838379 
95.694228 451.700378 
95.706444 451.700378 
95.718662 471.062408 
95.730883 471.062408 
95.743093 489.924408 
95.755313 498.980408 
95.767529 498.980408 
95.778749 516.842407 
95.789968 516.842407 
95.801181 534.204468 
95.812401 542.510498 
95.823616 542.510498 
95.834827 558.872559 
95.846046 566.678589 
95.857262 566.678589 
95.868482 582.040649 
95.879700 582.040649 
95.890912 589.596680 
95.902130 603.958740 
95.913349 603.958740 
95.924561 617.820801 
95.935779 624.376831 
95.946995 624.376831 
95.958213 630.932861 
95.969424 637.238892 
95.980648 643.544922 
95.991867 655.406982 
96.003089 655.406982 
96.014305 661.213013 
96.025509 672.075073 
96.036729 672.075073 
96.047941 682.437134 
96.059160 687.243164 
96.070380 687.243164 
96.081600 696.605225 
96.092819 696.605225 
96.104041 701.161255 
96.115267 709.523315 
96.126486 709.523315 
96.137708 717.385376 
96.148927 720.941406 
96.160146 720.941406 
96.171357 727.803467 
96.182576 727.803467 
96.193795 734.165466 
96.205015 736.971497 
96.216234 736.971497 
96.227456 739.777527 
96.238676 744.639587 
96.249899 744.639587 
96.261110 746.945618 
96.272330 749.001648 
96.283542 751.057678 
96.294754 754.419739 
96.305972 754.419739 
96.317192 757.281799 
96.328411 758.337830 
96.339631 758.337830 
96.350854 760.199890 
96.362074 760.199890 
96.373294 761.561951 
96.384505 761.867920 
96.395723 761.867920 
96.406943 762.229980 
96.418162 762.036011 
96.429381 762.036011 
96.440605 761.398071 
96.451824 761.398071 
96.463053 760.260193 
96.474263 759.316223 
96.485482 759.316223 
96.496703 758.372253 
96.507912 757.178284 
96.519131 755.734314 
96.530350 752.596375 
96.541569 752.596375 
96.552789 748.958435 
96.564002 746.764404 
96.575221 746.764404 
96.586441 742.126465 
96.597652 739.432495 
96.608871 739.432495 
96.620091 733.794556 
96.631302 733.794556 
96.642521 727.656616 
96.653740 724.212646 
96.664960 724.212646 
96.676179 717.074707 
96.687391 713.130737 
96.698609 713.130737 
96.709829 709.186768 
96.721090 704.992798 
96.722270 700.548828 
96.724378 691.214844 
96.726473 691.214844 
96.728563 686.172852 
96.730651 680.880859 
96.732739 675.338867 
96.734827 669.546875 
96.736927 663.504883 
96.739024 650.670898 
96.741127 643.878906 
96.743228 636.836914 
96.745323 636.836914 
96.747414 629.544922 
96.749514 622.002930 
96.751623 606.668945 
96.753732 598.626953 
96.755827 598.626953 
96.757917 590.334961 
96.760004 581.792969 
96.762093 573.000977 
96.764180 563.958984 
96.766273 554.666992 
96.768364 535.333008 
96.770478 525.291016 
96.772581 514.999023 
96.774669 514.999023 
96.776759 504.457031 
96.779859 493.665039 
96.782968 471.831055 
96.786078 460.539093 
96.789173 460.539093 
96.792262 448.997070 
96.795350 437.205048 
96.798453 412.871063 
96.801563 400.329071 
96.804658 387.537079 
96.807768 374.495087 
96.810876 374.495087 
96.813986 348.161102 
96.817095 334.619110 
96.820191 334.619110 
96.824281 320.827118 
96.828371 306.785126 
96.832468 277.951141 
96.836570 277.951141 
96.840680 263.159149 
96.845787 248.367142 
96.850894 218.033127 
96.856004 202.491119 
96.861113 186.699112 
96.867215 170.657104 
96.873326 170.657104 
96.880434 138.323105 
96.888557 138.323105 
96.897658 104.989113 
96.907768 104.989113 
96.919875 88.197113 
96.934975 71.155113 
96.954084 54.113113 
96.982182 36.821114 
97.034278 19.529112 
97.437401 2.487110 
97.839578 2.487110 
98.241758 2.487110 
98.643927 2.487110 
99.448154 2.487110 
99.850334 2.695110 
100.221513 6.153111 
100.672735 12.361111 
101.088953 22.069111 
101.488169 35.027111 
101.878386 50.985111 
101.897551 69.193115 
101.927763 87.401115 
101.955972 105.609116 
101.983197 123.817123 
102.009411 160.233124 
102.034626 160.233124 
102.058840 196.399139 
102.083052 196.399139 
102.106265 214.357147 
102.129480 232.315140 
102.151696 250.273132 
102.173912 285.939148 
102.196124 285.939148 
102.218337 303.647156 
102.240550 339.063171 
102.261763 356.521179 
102.282980 373.979187 
102.304192 373.979187 
102.325406 408.645203 
102.346618 408.645203 
102.367830 443.061188 
102.389043 460.019196 
102.410255 476.977234 
102.431471 476.977234 
102.452692 493.935242 
102.472910 527.601257 
102.493115 527.601257 
102.513333 544.309265 
102.533550 577.475281 
102.553766 577.475281 
102.573978 610.391296 
102.594188 626.599304 
102.614424 626.599304 
102.634636 659.015320 
102.654850 674.973328 
102.675053 674.973328 
102.695283 690.931335 
102.715496 722.597351 
102.735701 738.305359 
102.755914 738.305359 
102.776127 769.471436 
102.796342 769.471436 
102.816555 784.929443 
102.836765 800.387451 
102.856981 830.803528 
102.877194 846.011536 
102.897406 860.969543 
102.917614 860.969543 
102.937842 890.885498 
102.958065 905.593506 
102.978274 905.593506 
102.998501 920.301514 
103.018711 949.467468 
103.038937 949.467468 
103.059148 963.925537 
103.079381 992.841614 
103.099605 1007.049622 
103.118823 1007.049622 
103.138033 1035.215576 
103.157235 1035.215576 
103.176444 1049.173584 
103.195643 1063.131592 
103.214835 1076.839600 
103.234038 1104.255615 
103.253237 1104.255615 
103.272462 1117.713623 
103.291671 1144.629639 
103.310883 1157.837646 
103.330093 1157.837646 
103.349311 1184.253662 
103.368520 1197.211670 
103.387731 1197.211670 
103.406940 1222.877686 
103.426150 1235.585693 
103.445359 1235.585693 
103.464562 1260.751709 
103.483772 1273.209717 
103.502982 1285.667725 
103.522190 1285.667725 
103.541415 1297.875732 
103.560620 1322.291748 
103.579832 1334.249756 
103.599044 1334.249756 
103.618246 1357.915771 
103.637457 1357.915771 
103.656668 1369.623779 
103.675877 1392.789795 
103.695087 1392.789795 
103.714295 1404.247803 
103.733519 1426.913818 
103.752730 1426.913818 
103.771942 1438.121826 
103.791152 1460.287842 
103.810363 1471.245850 
103.829574 1482.203857 
103.848784 1492.911865 
103.867994 1492.911865 
103.887204 1514.077881 
103.906414 1514.077881 
103.906570 1524.535889 
103.906748 1534.743896 
103.906925 1544.701904 
103.907103 1554.409912 
103.907279 1563.867920 
103.907457 1573.075928 
103.907635 1582.033813 
103.907815 1590.741699 
103.907992 1599.199829 
103.908170 1607.407837 
103.908348 1615.365845 
103.908527 1623.073853 
103.908706 1630.531860 
103.908885 1637.739990 
103.909064 1644.697998 
103.909242 1651.406006 
103.909421 1657.864014 
103.909600 1664.072021 
103.909779 1670.030151 
103.909958 1675.738159 
103.910137 1681.196167 
103.910317 1686.404175 
103.910496 1691.362305 
103.910676 1696.070312 
103.910855 1700.528198 
103.911034 1704.736206 
103.911219 1712.402222 
103.911406 1715.860229 
103.911592 1719.068237 
103.911779 1722.026245 
103.911964 1724.734253 
103.912149 1727.192139 
103.912333 1729.400269 
103.912518 1731.358154 
103.912703 1733.066162 
103.912888 1734.524170 
103.913074 1735.732178 
103.913258 1736.690186 
103.913443 1737.398315 
103.913627 1737.856323 
103.913812 1738.064453 
103.913997 1738.064453 
103.914181 1737.730469 
103.914366 1737.188477 
103.914550 1736.396484 
103.914735 1735.354492 
103.914919 1734.062500 
103.915104 1732.520508 
103.915288 1730.728394 
103.915473 1728.686401 
103.915657 1726.394409 
103.915842 1723.852417 
103.916027 1721.060425 
103.916212 1718.018433 
103.916396 1714.726440 
103.916581 1711.184448 
103.916765 1707.392456 
103.916950 1703.350342 
103.917135 1699.058350 
103.917320 1694.516235 
103.917504 1689.724243 
103.917689 1684.682251 
103.917873 1679.390259 
103.918070 1679.390259 
103.918254 1668.056274 
103.918439 1662.014282 
103.918624 1655.722290 
103.918810 1649.180176 
103.918997 1649.180176 
103.919181 1635.346313 
103.919365 1635.346313 
103.919548 1621.012329 
103.919732 1613.470337 
103.919916 1605.678345 
103.920100 1597.636353 
103.920284 1589.344360 
103.920468 1580.802246 
103.920651 1572.010254 
103.920835 1562.968262 
103.921019 1553.676270 
103.921202 1544.134277 
103.921387 1534.342285 
103.921570 1524.300293 
103.921754 1514.008301 
103.921939 1514.008301 
103.922122 1492.674316 
103.922306 1481.632324 
103.922490 1470.340332 
103.922674 1458.798340 
103.922858 1447.006348 
103.923042 1434.964355 
103.923226 1422.672363 
103.923423 1422.672363 
103.923614 1410.130371 
103.923805 1397.338379 
103.923996 1384.296387 
103.924187 1371.004395 
103.924378 1357.462402 
103.924569 1343.670410 
103.924767 1329.628418 
103.924958 1315.336426 
103.925148 1300.794434 
103.925339 1286.002441 
103.925530 1270.960449 
103.925713 1240.126465 
103.925897 1240.126465 
103.926080 1208.292480 
103.926264 1192.000488 
103.926447 1175.458496 
103.926631 1158.666504 
103.926815 1141.624512 
103.926998 1124.332520 
103.927182 1106.790527 
103.927365 1088.998535 
103.927549 1070.956543 
103.927733 1052.664551 
103.927917 1034.122559 
103.928101 1015.330566 
103.928283 1015.330566 
103.929474 996.288513 
103.930659 976.996460 
103.931856 937.662476 
103.933046 917.662476 
103.934232 917.662476 
103.935417 897.662476 
103.936603 877.662415 
103.937798 857.662415 
103.938994 817.662415 
103.940191 817.662415 
103.941369 797.662415 
103.942560 777.662415 
103.943746 737.662415 
103.944939 737.662415 
103.946132 717.662415 
103.947339 697.662415 
103.948546 677.662415 
103.949752 657.662415 
103.950956 617.662415 
103.952179 597.662415 
103.953391 597.662415 
103.954601 577.662415 
103.955786 537.662415 
103.956979 537.662415 
103.958187 517.662415 
103.960381 497.662445 
103.962590 477.662476 
103.964800 457.662476 
103.966999 417.662445 
103.969205 397.662445 
103.971414 397.662445 
103.973620 377.662445 
103.975824 357.662445 
103.978017 337.662445 
103.981209 317.662445 
103.984411 297.662445 
103.987612 277.662445 
103.990804 257.662445 
103.995004 237.662445 
103.999207 197.662430 
104.004416 197.662430 
104.009671 177.662430 
104.014843 157.662430 
104.026921 137.662430 
104.040011 117.662422 
104.055109 77.662422 
104.072191 77.662422 
104.094280 37.662418 
104.125370 37.662418 
104.186458 17.662418 
104.247570 17.662418 
104.308644 17.662418 
104.369731 17.662418 
104.430803 17.662418 
104.486964 17.662418 
104.599165 17.662418 
104.655359 17.662418 
104.711525 17.662418 
104.767549 0.282417 
104.823572 0.282417 
104.879590 0.282417 
104.935625 0.282417 
104.991659 0.282417 
105.047718 0.282417 
105.103820 0.282417 
105.159825 0.282417 
105.215870 0.282417 
105.271793 0.282417 
105.327714 0.282417 
105.383619 0.282417 
105.439535 0.282417 
105.495496 0.282417 
105.551482 0.282417 
105.607493 0.282417 
105.663361 0.282417 
105.719256 0.282417 
105.775153 0.282417 
105.831022 0.282417 
105.886938 0.282417 
105.942845 0.282417 
105.998812 0.282417 
106.054812 0.282417 
106.110844 0.282417 
106.166717 0.282417 
106.222591 0.282417 
106.278469 0.282417 
106.334343 0.282417 
106.390270 0.282417 
106.446229 0.282417 
106.502220 0.282417 
106.558103 0.282417 
106.613986 0.282417 
106.669871 0.282417 
106.725756 0.282417 
106.781643 0.282417 
106.837567 0.282417 
106.893508 0.282417 
106.949322 0.282417 
107.005199 0.282417 
107.060941 0.282417 
107.116671 0.282417 
107.172422 0.282417 
107.228208 0.282417 
107.284011 0.282417 
107.339731 0.282417 
107.395482 0.282417 
107.451094 0.282417 
107.506706 0.282417 
107.562310 0.282417 
107.617951 0.282417 
107.673620 0.282417 
107.729223 0.282417 
107.784849 0.282417 
107.840519 0.282417 
107.896099 0.282417 
107.951731 0.282417 
108.007267 0.282417 
108.062879 0.282417 
108.118374 0.282417 
108.173958 0.282417 
108.229383 0.282417 
108.284705 0.282417 
108.340014 0.282417 
108.395341 0.282417 
108.450670 0.282417 
108.505989 0.282417 
108.561320 0.282417 
108.616646 0.282417 
108.671956 0.282417 
108.727333 0.282417 
108.782684 0.282417 
108.838071 0.282417 
108.893401 0.282417 
108.948774 0.282417 
109.004040 0.282417 
109.059396 0.282417 
109.114613 0.282417 
109.169792 0.282417 
109.224990 0.282417 
109.280075 0.282417 
109.335223 0.282417 
109.390282 0.282417 
109.445356 0.282417 
109.500296 0.282417 
109.555271 0.282417 
109.610277 0.282417 
109.665228 0.040417 
109.720189 0.040417 
109.775089 0.298417 
109.830014 0.556417 
110.763857 1.136417 
111.643059 8.466417 
111.761258 22.796417 
111.905503 37.876419 
112.041781 53.956421 
112.059976 70.036423 
112.089155 86.616425 
112.116327 103.196426 
112.142486 119.776428 
112.167648 136.356430 
112.191799 152.686432 
112.214943 169.016434 
112.238097 185.346436 
112.260268 201.676437 
112.282424 234.086426 
112.304568 234.086426 
112.325719 250.166428 
112.346868 266.246429 
112.368044 282.076416 
112.371227 297.656403 
112.377385 313.236389 
112.383549 328.566376 
112.388681 358.976349 
112.393806 358.976349 
112.398952 388.386322 
112.404100 388.386322 
112.409225 402.716309 
112.414359 416.796295 
112.419488 430.876282 
112.424627 444.706268 
112.429758 471.616241 
112.434907 471.616241 
112.440034 484.696259 
112.445172 510.606232 
112.449303 510.606232 
112.453451 535.516235 
112.457598 535.516235 
112.461729 559.426270 
112.465861 559.426270 
112.470007 571.006287 
112.474139 582.586304 
112.478262 604.996338 
112.482394 604.996338 
112.486543 626.406372 
112.490690 636.736389 
112.494812 646.816406 
112.498961 646.816406 
112.503086 656.646423 
112.507224 666.476440 
112.511347 685.386475 
112.515479 685.386475 
112.519617 694.466492 
112.523750 711.876526 
112.527882 720.206543 
112.532019 720.206543 
112.536187 736.616577 
112.540327 744.446594 
112.544447 744.446594 
112.548589 759.356628 
112.552731 759.356628 
112.556880 773.266663 
112.561023 773.266663 
112.565140 786.676697 
112.569289 786.676697 
112.573408 799.086731 
112.577551 799.086731 
112.581695 810.496765 
112.585834 810.496765 
112.589975 815.826721 
112.594092 826.236755 
112.598236 826.236755 
112.602371 831.066833 
112.606514 839.976807 
112.610657 844.056824 
112.614800 847.886780 
112.618970 851.466736 
112.623086 851.466736 
112.627233 858.376770 
112.631366 861.456787 
112.635488 864.286804 
112.639619 866.866821 
112.643766 869.196838 
112.647904 871.276855 
112.652011 871.276855 
112.656146 873.356934 
112.660269 876.766968 
112.664416 876.766968 
112.665584 879.177063 
112.667794 880.007141 
112.670003 880.587158 
112.672235 880.587158 
112.674453 880.997253 
112.676685 880.827271 
112.678924 880.407288 
112.681146 880.407288 
112.683359 879.317200 
112.685568 878.397217 
112.687771 878.397217 
112.689982 875.807251 
112.692200 874.137329 
112.694418 872.217346 
112.696644 870.047363 
112.698877 867.627441 
112.701078 864.957458 
112.703310 862.037476 
112.705544 858.867493 
112.707763 855.447510 
112.709973 855.447510 
112.712200 852.027527 
112.714413 844.437561 
112.716622 840.267578 
112.718841 835.847595 
112.721051 835.847595 
112.723284 826.257751 
112.725485 821.087769 
112.727710 821.087769 
112.729943 809.997803 
112.732145 804.077820 
112.734346 797.907837 
112.736563 791.487854 
112.738782 784.817871 
112.740991 784.817871 
112.743235 771.227905 
112.745445 764.057922 
112.747678 756.637939 
112.749898 748.967957 
112.752115 741.047974 
112.754319 732.877991 
112.756520 724.458008 
112.758729 715.788025 
112.760948 706.868042 
112.763166 697.698059 
112.765375 688.278076 
112.767626 688.278076 
112.769828 678.608093 
112.772046 668.938110 
112.774264 648.848145 
112.776473 648.848145 
112.778718 627.942139 
