0.000024 11.111111 
0.090358 41.805557 
0.113605 56.902782 
0.130830 64.201393 
0.146078 67.600693 
0.160319 69.050346 
0.174559 69.525177 
0.188802 69.512589 
0.203034 69.256294 
0.217277 68.878143 
0.231531 68.439072 
0.245778 67.969536 
0.259995 67.484772 
0.274199 66.992386 
0.288423 66.496193 
0.303647 65.998093 
0.318857 65.499046 
0.334063 64.999527 
0.349272 64.499763 
0.364469 63.999882 
0.379674 63.499947 
0.394884 62.999973 
0.410108 62.499992 
0.426303 61.999992 
0.442507 61.499992 
0.458752 60.999996 
0.475008 60.500004 
0.491222 60.000008 
0.507455 59.500008 
0.523696 59.000004 
0.539946 58.500008 
0.557212 58.000000 
0.574439 57.500000 
0.591697 57.000000 
0.608894 56.499996 
0.626099 56.000000 
0.643331 55.499996 
0.661561 55.000000 
0.679813 54.500000 
0.698024 54.000000 
0.716290 53.500000 
0.734530 53.000004 
0.752799 52.500000 
0.772047 51.999996 
0.791294 51.499996 
0.810522 51.000000 
0.829764 50.499996 
0.848946 50.000000 
0.869196 49.500000 
0.889434 49.000000 
0.909656 48.500000 
0.929866 48.000000 
0.950092 47.500000 
0.971295 47.000000 
0.992491 46.500000 
1.013713 46.000000 
1.034914 45.500000 
1.056129 45.000000 
1.078358 44.500000 
1.100570 44.000000 
1.122777 43.500000 
1.144992 43.000000 
1.168211 42.500000 
1.191427 42.000000 
1.214606 41.500000 
1.238798 41.000000 
1.263007 40.500000 
1.287214 40.000000 
1.312449 39.500000 
1.337653 39.000000 
1.362846 38.500000 
1.388069 38.000000 
1.414282 37.500000 
1.440495 37.000000 
1.467737 36.500000 
1.494972 36.000000 
1.522185 35.500000 
1.550404 35.000000 
1.578617 34.500000 
1.606795 34.000000 
1.635997 34.000000 
1.665200 33.250000 
1.695422 32.625000 
1.725677 32.062500 
1.756906 31.531250 
1.788113 31.015625 
1.820287 30.507812 
1.852454 30.253908 
1.885617 30.126955 
1.918775 30.063478 
1.951939 30.281736 
1.985103 30.390867 
2.017260 30.445436 
2.049424 30.472719 
2.081579 30.486359 
2.113738 30.493179 
2.145897 30.496592 
2.178102 30.499146 
2.242273 30.499146 
2.274430 30.749571 
2.306590 30.874784 
2.338768 30.937391 
2.370958 31.218699 
2.403133 31.359348 
2.434307 31.429674 
2.465483 31.464836 
2.496663 31.482418 
2.527838 31.491209 
2.559020 31.495605 
2.590212 31.497803 
2.621387 31.498901 
2.652568 31.499451 
2.683758 31.499725 
2.714927 31.499863 
2.746107 31.499931 
2.777280 31.499966 
2.808461 31.499983 
2.839627 31.499992 
2.870809 31.499996 
2.901992 31.499998 
2.933177 31.500000 
2.964356 31.500000 
2.995538 31.500000 
3.026711 31.500000 
3.057877 31.500000 
3.089057 31.750000 
3.120237 31.875000 
3.151417 31.937500 
3.182598 31.968750 
3.213778 31.984375 
3.244952 31.992188 
3.276125 31.996094 
3.307306 31.998047 
3.338486 31.999023 
3.369679 31.999512 
3.400846 31.999756 
3.432014 31.999876 
3.463179 31.999939 
3.494368 31.999969 
3.525527 31.999985 
3.556700 31.999992 
3.587894 31.999996 
3.619051 31.999998 
3.650219 32.000000 
3.681387 32.000000 
3.712602 32.000000 
3.743806 32.000000 
3.774996 32.000000 
3.806155 32.000000 
3.837331 32.000000 
3.868507 32.250000 
3.899672 32.375000 
3.929831 32.437500 
3.959981 32.468750 
3.990139 32.484375 
4.020314 32.492188 
4.050471 32.496094 
4.080629 32.498047 
4.110780 32.499023 
4.140955 32.499512 
4.171113 32.499756 
4.201278 32.499878 
4.231436 32.499939 
4.261601 32.499969 
4.291758 32.499985 
4.321916 32.499992 
4.352073 32.499996 
4.382239 32.500000 
4.412389 32.500000 
4.442547 32.500000 
4.472706 32.500000 
4.502855 32.500000 
4.533033 32.500000 
4.563237 32.500000 
4.593416 32.500000 
4.623589 32.500000 
4.653753 32.500000 
4.683933 32.500000 
4.714104 32.500000 
4.744284 32.500000 
4.774464 32.500000 
4.804643 32.500000 
4.834822 32.500000 
4.865002 32.500000 
4.895152 32.500000 
4.925332 32.500000 
4.955512 32.500000 
4.985711 32.500000 
5.015885 32.250000 
5.047061 32.249001 
5.078248 32.248501 
5.109433 32.248253 
5.140604 32.248127 
5.171758 32.248062 
5.202911 32.248032 
5.234076 32.248016 
5.265243 32.248009 
5.296403 32.248005 
5.327566 32.248001 
5.358730 32.248001 
5.389892 32.248001 
5.421047 32.248001 
5.452209 32.248001 
5.483386 32.248001 
5.514548 32.248001 
5.545731 32.248001 
5.576902 32.248001 
5.608123 32.248001 
5.639297 32.248001 
5.670481 32.368000 
5.700663 32.428001 
5.730841 32.458000 
5.761003 32.473000 
5.791186 32.480499 
5.821366 32.484249 
5.851548 32.486122 
5.881768 32.487061 
5.911949 32.237530 
5.943136 32.160767 
5.974309 32.122383 
6.005480 32.103191 
6.036666 32.093597 
6.067849 32.088799 
6.099033 32.086399 
6.130215 32.085197 
6.161398 32.084599 
6.192573 32.084297 
6.223748 32.084148 
6.254912 32.084076 
6.286095 32.084038 
6.317278 32.084019 
6.348465 32.084007 
6.379633 32.084003 
6.410816 32.084000 
6.441984 32.084000 
6.473149 32.084000 
6.504324 32.084000 
6.535509 32.084000 
6.566681 32.084000 
6.597846 32.084000 
6.629029 32.334000 
6.659189 32.209000 
6.690353 32.290501 
6.720523 32.331253 
6.750680 32.351627 
6.780879 32.361816 
6.811051 32.116909 
6.842225 32.018456 
6.873394 31.969227 
6.904561 31.944613 
6.935721 31.932304 
6.966885 31.926151 
6.998063 31.923075 
7.029225 31.921535 
7.060408 31.920767 
7.091591 31.920383 
7.122773 31.920191 
7.153956 31.920094 
7.185128 31.920046 
7.216294 31.920021 
7.247469 31.920010 
7.278649 31.920004 
7.309823 31.920002 
7.340980 31.920000 
7.372154 31.919998 
7.403329 31.919998 
7.434504 31.919998 
7.465680 31.919998 
7.496862 31.919998 
7.528068 31.919998 
7.559244 31.919998 
7.590443 32.063999 
7.621642 32.136002 
7.652818 32.172001 
7.683984 32.190002 
7.715155 32.199001 
7.746313 32.203499 
7.777465 32.205750 
7.808694 32.206875 
7.839870 31.957438 
7.871038 32.082718 
7.902199 32.145359 
7.933387 32.176682 
7.964560 31.942341 
7.995739 31.897171 
8.026906 31.874586 
8.058071 31.863293 
8.089228 31.857647 
8.120382 31.854824 
8.151531 31.853413 
8.182710 31.852707 
8.213890 31.852354 
8.245068 31.852177 
8.276248 31.852089 
8.307474 31.852045 
8.338639 31.852024 
8.369822 31.924011 
8.400971 31.960005 
8.432151 31.978001 
8.463329 31.987000 
8.494516 31.991499 
8.525691 31.993748 
8.556879 31.994873 
8.588059 31.995436 
8.619243 31.995716 
8.650416 31.995857 
8.681602 31.995928 
8.712778 31.995964 
8.743942 31.995981 
8.775123 31.995991 
8.806302 31.995995 
8.837492 31.995996 
8.868661 31.995998 
8.899842 31.995998 
8.931019 31.995998 
8.962222 31.995998 
8.993391 31.745998 
9.024559 31.870998 
9.055722 31.933498 
9.086930 31.964748 
9.118152 31.730373 
9.149346 32.113186 
9.180543 32.304592 
9.210747 32.150295 
9.241916 31.991148 
9.273076 31.911575 
9.304230 31.871788 
9.335413 31.851894 
9.366583 31.841948 
9.397756 31.836975 
9.428930 31.834488 
9.460104 31.833244 
9.491283 31.832623 
9.522446 31.582312 
9.553633 31.707157 
9.584786 31.769579 
9.615974 31.800789 
9.647169 31.566395 
9.678334 31.699198 
9.709500 31.765598 
9.740696 31.798800 
9.771867 31.565399 
9.803029 31.698700 
9.834183 31.765350 
9.865352 31.798676 
9.896527 31.565338 
9.927703 31.698669 
9.958897 32.015335 
9.990104 31.923668 
10.021268 31.771833 
10.052443 31.695915 
10.083618 31.657957 
10.114796 31.638977 
10.145973 31.629488 
10.177149 31.624744 
10.208318 31.622372 
10.239487 31.621185 
10.270655 31.620592 
10.301833 31.620296 
10.333001 31.620148 
10.364181 31.620073 
10.395390 31.620037 
10.426592 31.370018 
10.457768 31.495008 
10.488939 31.557503 
10.520135 31.588751 
10.551352 31.354374 
10.582536 31.487186 
10.613712 31.553593 
10.644912 31.586796 
10.676133 31.353397 
10.707319 31.486698 
10.738523 31.803349 
10.769698 31.711674 
10.800874 31.809837 
10.832030 31.858919 
10.863188 31.883461 
10.894377 31.895731 
10.925556 31.651867 
10.956713 31.779934 
10.987883 31.843967 
11.019104 31.875984 
11.050288 31.641993 
11.081468 31.774998 
11.112621 31.841499 
11.143832 31.874750 
11.175016 31.641376 
11.206187 31.596687 
11.237339 31.574343 
11.268509 31.563171 
11.299687 31.557585 
11.330863 31.554790 
11.362037 31.553394 
11.393226 31.552696 
11.424431 31.552347 
11.455605 31.302174 
11.486773 31.427086 
11.517965 31.489542 
11.549125 31.520771 
11.580281 31.608385 
11.611457 31.652191 
11.642635 31.674095 
11.673806 31.685047 
11.704983 31.690523 
11.736158 31.693260 
11.767334 31.694630 
11.798512 31.695314 
11.829698 31.695656 
11.860867 31.695827 
11.892045 31.695913 
11.923253 31.695957 
11.954429 31.445978 
11.985605 31.570988 
12.016782 31.633493 
12.047982 31.664745 
12.079157 31.430372 
12.110334 31.563187 
12.141503 31.629593 
12.172721 31.662796 
12.203913 31.429398 
12.235087 31.562698 
12.266255 31.629349 
12.297437 31.662674 
12.328614 31.429337 
12.359783 31.206669 
12.391952 31.595335 
12.423147 31.789669 
12.454322 31.636835 
12.485485 31.584419 
12.516642 31.558210 
12.547818 31.545105 
12.578999 31.538553 
12.610177 31.535278 
12.641347 31.533640 
12.672516 31.532822 
12.703702 31.532412 
12.734880 31.532207 
12.766062 31.532104 
12.828306 31.532053 
12.859491 31.532028 
12.890658 31.782015 
12.921822 31.907009 
12.953018 31.969505 
12.984240 31.750753 
13.015432 31.891376 
13.046601 31.961689 
13.077804 31.996845 
13.109004 31.764423 
13.140219 32.148212 
13.171413 32.340107 
13.201624 32.186054 
13.232792 32.003029 
13.263952 32.161514 
13.295108 32.240757 
13.326318 32.280380 
13.356505 32.050190 
13.387673 31.959095 
13.418842 31.913548 
13.450018 31.890774 
13.481199 31.879387 
13.512369 31.873693 
13.543538 31.870846 
13.574714 31.869423 
13.605890 31.868711 
13.637066 31.868355 
13.668235 31.868177 
13.699412 31.868088 
13.730623 31.868044 
13.761800 31.618023 
13.792963 31.743011 
13.824128 31.805506 
13.855336 31.836754 
13.886511 31.602377 
13.917676 31.735188 
13.948841 32.051594 
13.980009 31.959797 
14.011173 32.033897 
14.042327 32.070950 
14.073481 32.089478 
14.104693 32.098740 
14.135854 31.853371 
14.167010 31.754684 
14.198171 31.705341 
14.229323 31.680670 
14.260493 31.668335 
14.291651 31.662167 
14.322811 31.659082 
14.353970 31.657539 
14.385125 31.656769 
14.416282 31.656384 
14.447448 31.656191 
14.478606 31.656094 
14.509811 31.656046 
14.540988 31.406021 
14.572152 31.531010 
14.603313 31.593504 
14.634513 31.624752 
14.665684 31.390375 
14.696842 31.523186 
14.728030 31.589592 
14.759202 31.622795 
14.790360 31.759398 
14.821522 31.827698 
14.852702 31.861849 
14.883915 31.878925 
14.915098 31.637463 
14.946256 31.766731 
14.977409 31.831366 
15.008628 31.863682 
15.039809 31.629841 
15.070982 31.762920 
15.102163 31.829460 
15.133369 31.862730 
15.164564 31.629364 
15.195735 31.584682 
15.226898 31.562342 
15.258062 31.551170 
15.320266 31.545586 
15.351432 31.792793 
15.382591 31.916397 
15.413799 31.978199 
15.444982 31.759100 
15.476163 31.899551 
15.507358 31.969776 
15.538537 32.004890 
15.569715 32.094444 
15.600893 32.139221 
15.632080 32.161610 
15.663264 32.172806 
15.694414 32.178402 
15.725574 32.181198 
15.756735 32.182598 
15.787885 32.183296 
15.819036 32.183647 
15.850186 32.183823 
15.881344 32.183910 
15.912532 32.183952 
15.943708 31.933975 
15.974888 32.058987 
16.006081 32.121490 
16.037290 32.152744 
16.068471 31.918371 
16.099631 32.051186 
16.130789 32.117592 
16.161994 32.150795 
16.193153 31.917397 
16.224310 32.050697 
16.255469 32.117348 
16.286669 32.150673 
16.317884 31.917336 
16.349061 31.694668 
16.380230 32.083336 
16.411422 32.277668 
16.441590 32.124832 
16.472750 32.072418 
16.503906 32.046211 
16.535058 32.033104 
16.566235 32.026550 
16.597400 32.023277 
16.628558 32.021637 
16.659716 32.020821 
16.690874 32.020409 
16.722032 32.020203 
16.753202 32.020103 
16.784360 32.020050 
16.815549 32.020027 
16.846744 31.770014 
16.877914 31.895008 
16.909078 31.957504 
16.940287 31.988752 
16.971488 31.754375 
17.002661 31.887188 
17.033825 31.953594 
17.065012 31.986797 
17.096228 31.753399 
17.127408 31.886700 
17.158595 32.203350 
17.189773 32.111675 
17.220936 32.209839 
17.252094 32.258919 
17.282248 32.283459 
17.312430 32.295731 
17.342596 32.051865 
17.373777 32.179932 
17.404958 32.243965 
17.436170 32.275982 
17.466343 32.041992 
17.497501 31.972996 
17.528658 31.938498 
17.559816 31.921249 
17.590985 31.912624 
17.622142 31.908312 
17.653292 31.906155 
17.684460 31.905077 
17.715610 31.904537 
17.746769 31.904268 
17.777935 31.904133 
17.809086 31.904066 
17.840292 31.904034 
17.871472 31.654016 
17.902635 31.779007 
17.933793 31.841503 
17.964976 31.872751 
17.996175 31.638374 
18.027353 31.771187 
18.058542 32.087593 
18.089712 31.995796 
18.120868 32.069901 
18.152021 32.106949 
18.183178 32.125473 
18.214401 32.134735 
18.245567 31.889368 
18.276748 32.016685 
18.307928 32.080345 
18.339161 32.112175 
18.370335 31.878088 
18.401508 32.011044 
18.432696 32.077522 
18.463899 32.110764 
18.495087 31.877382 
18.526251 31.832691 
18.557422 31.810345 
18.588615 31.799171 
18.619798 31.793585 
18.650982 31.790791 
18.682140 31.789394 
18.713291 31.788696 
18.744486 31.788347 
18.775663 31.538174 
18.806825 31.663086 
18.838028 31.725542 
18.869193 31.756771 
18.900345 31.844385 
18.931536 31.888191 
18.962716 31.910095 
18.993896 31.921047 
19.025076 31.926523 
19.056256 31.929260 
19.087444 31.930630 
19.118627 31.931314 
19.149806 31.931656 
19.180978 31.931828 
19.212149 31.931913 
19.243354 31.931957 
19.274535 31.681978 
19.305715 31.806988 
19.336894 31.869493 
19.368107 31.900745 
19.399290 31.666372 
19.430458 31.799187 
19.461619 31.865593 
19.492825 31.898796 
19.523990 31.665398 
19.555145 31.798698 
19.586295 31.865349 
19.617524 31.898674 
19.648753 31.665337 
19.679965 31.442669 
19.711143 31.581335 
19.742312 31.650669 
19.773475 31.685335 
19.804632 31.702667 
19.835809 31.711334 
19.866981 31.715668 
19.898143 31.717834 
19.929297 31.718918 
19.960448 31.719460 
19.991601 31.719730 
20.022753 31.719866 
20.053937 31.719933 
20.085110 31.719967 
20.116295 31.719984 
20.147489 31.719994 
20.178659 31.469997 
20.209842 31.594999 
20.240994 31.657501 
20.272187 31.688751 
20.303368 31.454376 
20.334531 31.587189 
20.365692 31.653595 
20.396899 31.686798 
20.428105 31.453400 
20.459285 31.836700 
20.490470 32.028351 
20.521667 31.874176 
20.552829 31.715088 
20.583986 31.885544 
20.615148 31.970772 
20.646372 32.013386 
20.677598 31.784693 
20.708778 31.694347 
20.739968 31.649174 
20.771142 31.626587 
20.802323 31.615294 
20.833504 31.609646 
20.864695 31.606823 
20.895856 31.605412 
20.927046 31.604706 
20.958206 31.604353 
20.989373 31.604176 
21.020533 31.604088 
21.051715 31.604044 
21.082882 31.354023 
21.114042 31.479012 
21.145205 31.541506 
21.176394 31.572754 
21.207575 31.338377 
21.238739 31.721188 
21.269925 31.912594 
21.301082 31.758297 
21.332236 31.801149 
21.363387 31.822575 
21.394545 31.833288 
21.425736 31.838646 
21.456911 31.591324 
21.488092 31.717663 
21.519282 31.780832 
21.550487 31.812416 
21.581686 31.578209 
21.612862 31.711105 
21.644026 31.777554 
21.675215 31.810778 
21.706447 31.577389 
21.737630 31.710695 
21.768801 31.777348 
21.799992 31.810675 
21.831164 31.577335 
21.862326 31.556667 
21.893482 31.546333 
21.924634 31.541166 
21.955826 31.538582 
21.987020 31.287291 
22.018186 31.661644 
22.049374 31.848822 
22.080541 31.692410 
22.111701 31.662205 
22.142882 31.647102 
22.174069 31.635777 
22.236278 31.635777 
22.267437 31.883888 
22.298604 32.007942 
22.329772 32.069969 
22.360923 32.100983 
22.392082 32.116493 
22.423249 32.124245 
22.454480 32.128120 
22.485647 31.880060 
22.516829 32.006031 
22.548023 32.069016 
22.579225 32.100510 
22.610410 31.866255 
22.641593 31.999126 
22.672787 32.065563 
22.703944 32.098782 
22.735112 31.865391 
22.766266 31.998695 
22.797446 32.065346 
22.828667 32.098671 
22.859834 32.009335 
22.891009 32.214668 
22.922163 32.317333 
22.952375 32.368668 
22.982549 32.144333 
23.013708 32.056168 
23.044897 32.012085 
23.076071 31.990042 
23.107252 31.979019 
23.138442 31.973509 
23.169615 31.970753 
23.200796 31.969376 
23.231985 31.968687 
23.263159 31.968342 
23.294340 31.968170 
23.325520 31.968084 
23.356729 31.968040 
23.387936 31.718019 
23.419106 31.843010 
23.450269 31.905504 
23.481462 31.936752 
23.512629 31.702375 
23.543783 31.835186 
23.574956 31.901592 
23.606160 31.934795 
23.637360 31.701397 
23.668536 32.084698 
23.699726 32.276348 
23.729919 32.122173 
23.761079 31.939087 
23.792236 31.847544 
23.823395 31.801773 
23.854555 31.778887 
23.885721 31.767445 
23.916873 31.761723 
23.948041 31.758862 
23.979193 31.757431 
24.010348 31.756716 
24.041521 31.756359 
24.072705 31.756180 
24.103903 31.756090 
24.135070 31.756046 
24.166265 31.756023 
24.197448 31.756012 
24.228621 31.756006 
24.259818 31.756004 
24.290978 31.506002 
24.322139 31.631001 
24.353305 31.693501 
24.384505 31.724751 
24.415685 31.490376 
24.446847 31.623188 
24.478030 31.689594 
24.509195 31.722797 
24.540347 31.883398 
24.571506 31.963699 
24.602673 32.003849 
24.633864 32.023926 
24.665047 31.783962 
24.696206 31.913980 
24.727394 31.978989 
24.758596 32.011494 
24.789771 31.777746 
24.820944 31.910873 
24.852132 31.977436 
24.883339 32.010719 
24.914531 31.777359 
24.945691 31.732679 
24.976866 31.710339 
25.008026 31.699169 
25.039177 31.693584 
25.070344 31.690792 
25.101504 31.689396 
25.132655 31.688698 
25.163846 31.688349 
25.195020 31.438175 
25.226203 31.563087 
25.257416 31.625544 
25.288606 31.656773 
25.319780 31.744387 
25.350962 31.788193 
25.382143 31.810097 
25.413324 31.821049 
25.444506 31.826525 
25.475686 31.829262 
25.506876 31.830631 
25.538084 31.831657 
25.600264 31.831657 
25.631457 32.081829 
25.662641 32.206917 
25.693817 32.019459 
25.724999 32.175728 
25.756162 32.253864 
25.787361 32.292931 
25.817523 32.062466 
25.848699 32.197235 
25.879850 32.264618 
25.910031 32.298309 
25.940207 32.065155 
25.971368 32.198578 
26.002528 32.265289 
26.032743 32.298645 
26.062916 32.065323 
26.094083 31.842661 
26.125266 31.981331 
26.156425 32.050667 
26.187630 32.085335 
26.218857 31.852667 
26.250048 32.236332 
26.311321 32.428169 
26.341542 32.274086 
26.371721 32.697044 
26.401926 32.908524 
26.432093 32.764263 
26.462261 32.764130 
26.492413 32.764065 
26.522566 32.764030 
26.552774 32.764015 
26.582949 32.514008 
26.613124 32.639004 
26.643306 32.701500 
26.673532 32.732750 
26.703706 32.498375 
26.733871 32.429188 
26.764052 32.394592 
26.794226 32.377296 
26.824416 32.368649 
26.854589 32.364326 
26.884771 32.362164 
26.914989 32.361084 
26.945179 32.360542 
26.975361 32.360271 
27.005533 32.360138 
27.035696 32.360069 
27.065911 32.360035 
27.096098 32.110016 
27.127281 32.235008 
27.158452 32.297504 
27.188688 32.328751 
27.218890 32.094376 
27.250112 32.073189 
27.281287 32.062592 
27.312447 32.057297 
27.343606 32.054649 
27.374768 32.053322 
27.405923 32.052658 
27.437092 32.052330 
27.468281 32.052162 
27.499450 32.052078 
27.530607 32.052040 
27.561774 32.052017 
27.592985 32.052010 
27.624179 31.802004 
27.655352 31.927002 
27.686518 31.989500 
27.717723 32.020748 
27.748946 31.786373 
27.780125 32.169186 
27.811330 32.360592 
27.841547 32.206295 
27.872721 31.999147 
27.903890 32.145573 
27.935048 32.218788 
27.966264 32.255394 
27.997438 32.023697 
28.028620 32.157848 
28.059801 32.224922 
28.091026 32.258461 
28.121227 32.025230 
28.152406 31.956615 
28.183572 31.922308 
28.214737 31.905155 
28.245908 31.896578 
28.277065 31.892288 
28.308228 31.890144 
28.339417 31.889072 
28.370624 31.888536 
28.401791 31.638268 
28.432982 31.763134 
28.464153 31.825567 
28.495383 31.856785 
28.526550 31.622393 
28.557719 31.755196 
28.588923 32.071598 
28.620089 31.979799 
28.651271 32.029900 
28.682452 32.054951 
28.713641 32.067474 
28.744843 32.073738 
28.776020 31.826870 
28.807187 31.953436 
28.838359 32.016720 
28.869557 32.048363 
28.900721 31.814182 
28.931874 31.947092 
28.963024 32.013546 
28.994217 32.046776 
29.025438 31.813389 
29.056616 31.768694 
29.087786 31.746346 
29.118953 31.735172 
29.150128 31.729586 
29.181289 31.726791 
29.212441 31.725395 
29.243600 31.724697 
29.274813 31.724348 
29.306002 31.474174 
29.337153 31.599087 
29.368347 31.911543 
29.399506 31.817772 
29.430665 31.842886 
29.461824 31.855442 
29.492990 31.861721 
29.524141 31.864861 
29.555298 31.866430 
29.586456 31.867214 
29.617615 31.867607 
29.648772 31.867804 
29.679931 31.867901 
29.711090 31.867950 
29.742248 31.867975 
29.773443 31.867989 
29.804617 31.617994 
29.835799 31.742996 
29.866980 31.805498 
29.898209 31.836750 
29.929381 31.602375 
29.960556 31.735188 
29.991723 31.801594 
30.022923 31.834797 
30.054088 31.601398 
30.085240 31.734699 
30.116426 31.801350 
30.147611 31.834675 
30.178817 31.601337 
30.210002 31.378668 
30.241172 31.517334 
30.272343 31.586666 
30.303513 31.621332 
30.334679 31.638664 
30.365839 31.647331 
30.396995 31.651665 
30.428173 31.653831 
30.459343 31.654915 
30.490513 31.655457 
30.521683 31.655727 
30.552868 31.655863 
30.584037 31.655930 
30.615206 31.655964 
30.646383 31.655981 
30.677583 31.655991 
30.708784 31.405994 
30.739970 31.530996 
30.771145 31.593498 
30.802339 31.624748 
30.833510 31.390373 
30.864666 31.523186 
30.895833 31.589592 
30.927028 31.622795 
30.958229 31.389397 
30.989413 31.772697 
31.020608 31.964348 
31.051780 31.810173 
31.082939 31.901087 
31.114092 31.946545 
31.145261 31.969273 
31.176462 31.980637 
31.207646 31.736319 
31.238820 31.864159 
31.269990 31.928080 
31.301200 31.960041 
31.332380 31.726021 
31.363556 31.859011 
31.394726 31.925507 
31.425941 31.958754 
31.457093 31.725376 
31.488280 31.680689 
31.519459 31.658344 
31.550645 31.647173 
31.581834 31.641586 
31.613005 31.638794 
31.644193 31.637398 
31.675348 31.636700 
31.706547 31.636351 
31.737744 31.386177 
31.768914 31.761089 
31.800108 31.948545 
31.831283 31.792274 
31.862446 31.786137 
31.893603 31.783068 
31.924757 31.781532 
31.955927 31.780766 
31.987105 31.780382 
32.018276 31.780190 
32.049461 31.780094 
32.080658 31.780046 
32.111835 31.530022 
32.143011 31.655010 
32.174196 31.717505 
32.205414 31.748753 
32.236593 31.514376 
32.267770 31.647186 
32.298947 31.713593 
32.330150 31.746796 
32.361338 31.513397 
32.392507 31.646698 
32.423677 31.713348 
32.454892 31.746674 
32.486072 31.513336 
32.517248 31.646667 
32.548440 31.963333 
32.579653 31.871666 
32.610829 31.719833 
32.641999 31.643917 
32.673168 31.605959 
32.704346 31.586979 
32.735522 31.577490 
32.766692 31.572746 
32.797863 31.570374 
32.829040 31.569187 
32.860211 31.568594 
32.891389 31.568298 
32.922568 31.568150 
32.984824 31.568075 
33.015997 31.568039 
33.047158 31.818020 
33.078312 31.943010 
33.109512 32.005505 
33.140686 31.786753 
33.171856 31.927376 
33.203009 31.997688 
33.234218 32.032845 
33.265384 31.800423 
33.296560 31.934212 
33.327771 32.001106 
33.358953 32.034554 
33.390130 32.195274 
33.421306 32.275635 
33.451476 32.315819 
33.481684 32.335907 
33.511860 32.095955 
33.543037 32.225975 
33.574207 32.290985 
33.604416 32.323494 
33.634585 32.089745 
33.665799 32.020874 
33.696972 31.986437 
33.728146 31.969219 
33.759312 31.960609 
33.790480 31.956305 
33.821644 31.954151 
33.852826 31.953075 
33.884006 31.952538 
33.915188 31.952269 
33.946355 31.952133 
33.977536 31.952066 
34.008768 31.952034 
34.039932 31.702017 
34.071085 31.827007 
34.102274 31.889503 
34.133491 31.920752 
34.164672 31.686375 
34.195844 31.819187 
34.227025 31.885593 
34.258204 31.918797 
34.289378 32.055397 
34.320559 32.123699 
34.351767 32.157852 
34.382929 32.174927 
34.414083 32.183464 
34.445235 32.187733 
34.476398 32.189865 
34.507588 32.190933 
34.538758 31.941467 
34.569930 32.066734 
34.601083 32.129368 
34.632282 32.160683 
34.663461 31.926342 
34.694622 31.881170 
34.725805 31.858585 
34.756964 31.847292 
34.788154 31.841644 
34.819329 31.838821 
34.850511 31.837410 
34.881697 31.836704 
34.912910 31.836351 
34.944085 31.586174 
34.975245 31.711086 
35.006413 31.773542 
35.037595 31.804771 
35.068773 31.570385 
35.099940 31.953192 
35.131130 32.144596 
35.162299 31.990297 
35.193454 32.009148 
35.224606 32.018574 
35.255773 32.023285 
35.286964 32.025642 
35.318141 32.026821 
35.349322 32.027412 
35.380512 32.027706 
35.411718 32.027855 
35.442895 31.777927 
35.474053 31.965481 
35.536291 31.965481 
35.567473 31.996740 
35.598641 32.262371 
35.628805 32.395187 
35.659012 32.461594 
35.689214 32.244797 
35.720388 32.386398 
35.750552 32.457199 
35.780745 32.492599 
35.810913 32.260300 
35.841067 32.264153 
35.871235 32.266075 
35.901411 32.267036 
35.931625 32.267517 
35.961809 32.017761 
35.992985 32.142883 
36.024145 32.205444 
36.055365 32.236725 
36.086533 32.002365 
36.117724 32.135185 
36.148910 32.451591 
36.179080 32.359795 
36.209255 32.385899 
36.239445 32.398949 
36.269614 32.405476 
36.299825 32.408737 
36.329992 32.160370 
36.361166 32.286186 
36.391347 32.349091 
36.421565 32.380547 
36.451733 32.146271 
36.482914 32.077133 
36.514094 32.042564 
36.545253 32.025284 
36.576412 32.016640 
36.607571 32.012321 
36.638729 32.010162 
36.669888 32.009079 
36.701069 32.008537 
36.732224 32.008270 
36.763377 32.008133 
36.825616 32.008064 
36.856771 32.008034 
36.887930 32.258018 
36.919087 32.383011 
36.949274 32.445507 
36.979442 32.226753 
37.010593 32.367378 
37.040760 32.437691 
37.070952 32.472847 
37.101131 32.240425 
37.132286 32.374214 
37.162450 32.441109 
37.192644 32.474556 
37.222851 32.241280 
37.254023 32.018639 
37.285189 32.157318 
37.316348 32.226662 
37.347534 32.261330 
37.377730 32.028664 
37.408899 32.412331 
37.439098 32.604164 
37.469277 32.450081 
37.499449 32.421040 
37.529620 32.406517 
37.559779 32.399258 
37.589935 32.395630 
37.620115 32.393814 
37.650279 32.392906 
37.680441 32.392452 
37.710657 32.392227 
37.740844 32.142113 
37.772021 32.267056 
37.802174 32.329529 
37.832348 32.360764 
37.862522 32.126381 
37.893683 32.081192 
37.924843 32.058594 
37.955992 32.047295 
37.987138 32.041649 
38.018278 32.038826 
38.049457 32.037415 
38.080615 32.036705 
38.111783 32.036354 
38.142949 32.036179 
38.174117 32.036087 
38.205284 32.036041 
38.236469 32.036018 
38.267633 31.786009 
38.298807 31.911003 
38.329988 31.973501 
38.361202 32.004749 
38.392378 31.770374 
38.423562 31.903187 
38.454741 31.969593 
38.485951 32.002796 
38.517153 31.769398 
38.548336 32.152699 
38.579538 32.344349 
38.609738 32.190174 
38.640911 32.007088 
38.672073 32.165543 
38.703237 32.244774 
38.734450 32.284386 
38.764659 32.054192 
38.795829 31.963097 
38.827007 31.917549 
38.858178 31.894775 
38.889365 31.883389 
38.920536 31.877695 
38.951706 31.874847 
38.982876 31.873425 
39.014069 31.872356 
39.076285 31.872356 
39.107474 32.122177 
39.138702 32.247089 
39.169908 32.059547 
39.201081 32.215775 
39.232252 32.293888 
39.262449 32.332947 
39.292631 32.102474 
39.323804 32.237236 
39.354997 32.304619 
39.416271 32.338310 
39.446495 32.105156 
39.477680 32.488579 
39.507871 32.680290 
39.538075 32.670147 
39.568277 32.665077 
39.598441 32.662540 
39.628602 32.661270 
39.658787 32.660637 
39.689005 32.660320 
39.749233 32.660164 
39.779407 32.910084 
39.809588 33.035042 
39.839769 33.097523 
39.869951 33.128761 
39.900131 33.144382 
39.930293 33.152191 
39.960474 33.156097 
39.990654 33.158051 
40.020872 33.159027 
40.051054 32.909515 
40.081229 32.880756 
40.111410 32.866379 
40.141589 32.859188 
40.171770 32.855591 
40.201951 32.853794 
40.232130 32.852898 
40.262311 32.852448 
40.292493 32.852222 
40.322674 32.852112 
40.352855 32.852055 
40.383036 32.852028 
40.413203 32.852013 
40.443370 32.852005 
40.473551 32.852001 
40.503733 32.851997 
40.533950 32.851997 
40.564134 32.601997 
40.594286 32.726997 
40.624445 32.789497 
40.654656 32.820747 
40.684815 32.586372 
40.714974 32.589188 
40.745133 32.590595 
40.775292 32.591301 
40.805450 32.591652 
40.835609 32.591827 
40.865767 32.591915 
40.895926 32.591957 
40.926091 32.591980 
40.956246 32.341991 
40.986414 32.466995 
41.016567 32.529499 
41.046762 32.560753 
41.076922 32.326378 
41.107082 32.281189 
41.137232 32.258595 
41.167390 32.247299 
41.198559 32.241650 
41.229712 32.238823 
41.260901 32.237411 
41.323127 32.236706 
41.354317 32.486351 
41.384517 32.611176 
41.414683 32.673588 
41.444888 32.704796 
41.475081 32.470398 
41.505261 32.603199 
41.535443 32.669601 
41.565655 32.702801 
41.595821 32.469398 
41.626000 32.602699 
41.656187 32.669350 
41.686399 32.702675 
41.716576 32.469337 
41.746756 32.472668 
41.776938 32.474335 
41.807119 32.475166 
41.837326 32.475582 
41.867509 32.225792 
41.898662 32.350899 
41.928822 32.413448 
41.959013 32.444725 
41.989185 32.210365 
42.020341 32.343185 
42.050512 32.409592 
42.080731 32.442795 
42.110902 32.209396 
42.142083 32.342697 
42.172277 32.409348 
42.202469 32.442673 
42.232630 32.209335 
42.263804 32.188667 
42.294970 32.178333 
42.326165 32.173164 
42.357343 32.170582 
42.388538 31.919291 
42.419720 32.293644 
42.449904 32.480820 
42.480075 32.324409 
42.510227 32.294205 
42.540390 32.279102 
42.570542 32.271553 
42.600706 32.267776 
42.630863 32.265888 
42.661023 32.264946 
42.691184 32.264473 
42.721345 32.264236 
42.751505 32.264118 
42.781665 32.264061 
42.811825 32.264030 
42.842044 32.264015 
42.872218 32.014008 
42.903400 31.961004 
42.934583 31.934502 
42.965781 31.921251 
42.996944 31.914627 
43.028124 31.911314 
43.059290 31.909657 
43.090470 31.908829 
43.121633 31.908415 
43.152828 31.908207 
43.184090 31.908104 
43.215320 31.908052 
43.246537 31.908028 
43.277726 31.658014 
43.308900 31.783009 
43.340087 31.845505 
43.371292 31.876753 
43.402476 31.642376 
43.433644 31.775188 
43.464828 31.841595 
43.496043 31.874798 
43.527222 31.641399 
43.558406 32.024700 
43.589614 32.216351 
43.620820 32.062176 
43.651982 31.879087 
43.683142 32.037544 
43.714301 32.116772 
43.745492 32.156387 
43.776669 31.926193 
43.807837 31.835096 
43.839020 31.789547 
43.870202 31.766773 
43.901383 31.755386 
43.932564 31.749693 
43.963746 31.746845 
43.994928 31.745422 
44.026110 31.744711 
44.057291 31.744354 
44.088481 31.744177 
44.119665 31.744087 
44.150873 31.744043 
44.182066 31.619011 
44.244189 31.619011 
44.275397 31.931505 
44.306571 31.837753 
44.337729 32.040878 
44.368920 32.392441 
44.399084 32.318222 
44.429243 32.401112 
44.459400 32.442558 
44.489567 32.463280 
44.519746 32.473640 
44.549914 32.228821 
44.581086 32.130409 
44.612249 32.081207 
44.643406 32.056602 
44.674563 32.044304 
44.705729 32.038155 
44.736879 32.035080 
44.768042 32.033539 
44.799196 32.032768 
44.830349 32.032387 
44.861501 32.032196 
44.892653 32.032097 
44.923851 32.032051 
44.955012 31.782026 
44.986171 31.907013 
45.017337 31.969507 
45.048533 32.000755 
45.079723 31.766378 
45.110894 31.899189 
45.142063 31.998798 
45.204316 31.998798 
45.235543 31.765400 
45.266736 32.148701 
45.297911 32.340351 
45.328118 32.186176 
45.359293 32.609085 
45.389496 32.820541 
45.419729 32.676270 
45.449914 32.522133 
45.480077 32.695065 
45.510239 32.781532 
45.540454 32.824764 
45.570629 32.596382 
45.600788 32.506191 
45.630947 32.461098 
45.661108 32.438549 
45.691266 32.427277 
45.721425 32.421638 
45.751593 32.418819 
45.781746 32.417412 
45.811918 32.416706 
45.842105 32.416351 
45.872286 32.416176 
45.902451 32.416088 
45.932670 32.416046 
45.962854 32.166023 
45.994049 32.086510 
46.056294 32.086510 
46.087476 32.323257 
46.117670 32.441628 
46.147851 32.500813 
46.208054 32.530403 
46.238236 32.795200 
46.268418 32.927597 
46.298600 32.993797 
46.328812 33.026897 
46.359013 32.793449 
46.389190 32.926723 
46.419358 32.993362 
46.449566 33.026680 
46.479774 32.793339 
46.509960 32.926666 
46.540132 32.993332 
46.570322 33.026665 
46.600541 32.793331 
46.630723 32.796669 
46.660895 32.798336 
46.691059 32.799171 
46.721218 32.799587 
46.751374 32.799797 
46.781524 32.799900 
46.811706 32.799950 
46.841935 32.799976 
46.872123 32.549988 
46.902298 32.674995 
46.932481 32.737499 
46.962716 32.768753 
46.992885 32.534378 
47.023083 32.667191 
47.053258 32.733597 
47.083479 32.766800 
47.113655 32.533401 
47.143837 32.512699 
47.174020 32.502350 
47.204193 32.497173 
47.234375 32.494583 
47.264557 32.493290 
47.294740 32.492645 
47.324922 32.492321 
47.355136 32.492157 
47.385322 32.242081 
47.416491 32.367043 
47.446658 32.429520 
47.476891 32.460758 
47.507082 32.226379 
47.538266 32.359192 
47.568419 32.425594 
47.598641 32.458794 
47.628811 32.225395 
47.660001 32.204697 
47.691179 32.194347 
47.722336 32.189171 
47.753519 32.186584 
47.784679 31.935291 
47.815842 32.059647 
47.847004 32.121822 
47.878166 32.152908 
47.909321 32.216454 
47.940480 32.248226 
47.971640 32.264114 
48.001800 32.272057 
48.031961 32.276028 
48.062116 32.278015 
48.092264 32.279007 
48.122408 32.279503 
48.152551 32.279751 
48.182696 32.279877 
48.212842 32.279938 
48.243004 32.279968 
48.273169 32.029984 
48.304321 31.976992 
48.335466 31.950497 
48.366628 31.937248 
48.397781 31.930624 
48.428923 31.927311 
48.460065 31.925655 
48.491209 31.924828 
48.522352 31.924414 
48.553488 31.924206 
48.584624 31.924103 
48.615760 31.924051 
48.646911 31.924026 
48.678077 31.674013 
48.709211 31.799007 
48.740347 31.861504 
48.771497 31.892752 
48.802655 31.658375 
48.833806 31.791187 
48.864941 31.857594 
48.896101 31.890797 
48.927252 31.657398 
48.958396 32.040699 
48.989549 32.232349 
49.020705 32.078175 
49.051869 31.895086 
49.083024 32.053543 
49.114179 32.132774 
49.145416 32.172386 
49.176599 31.942192 
49.207782 31.851095 
49.238964 31.805546 
49.270149 31.782772 
49.301316 31.771385 
49.332474 31.765692 
49.363634 31.762844 
49.394794 31.761421 
49.425950 31.760710 
49.457094 31.760353 
49.488257 31.760176 
49.519416 31.760086 
49.550624 31.760042 
49.581799 31.510021 
49.612969 31.635010 
49.644107 31.697504 
49.675293 31.728752 
49.706471 31.494375 
49.737632 31.627186 
49.768827 31.943592 
49.800004 31.851795 
49.831163 31.925900 
49.862329 31.962950 
49.893497 31.981476 
49.924696 31.990738 
49.955873 31.745369 
49.987038 31.872684 
50.018207 31.936342 
50.049409 31.968170 
50.080588 31.734085 
50.111756 31.867043 
50.142923 31.933521 
50.174099 31.966761 
50.205314 31.733379 
50.236506 31.688690 
50.267689 31.666346 
50.298866 31.655174 
50.330039 31.649588 
50.361202 31.646793 
50.392363 31.645397 
50.423524 31.644699 
50.454716 31.644350 
50.485888 31.394176 
50.517058 31.519089 
50.548255 31.831545 
50.579421 31.737774 
50.610586 31.762886 
50.641739 31.775442 
50.672893 31.781719 
50.704044 31.784859 
50.735208 31.786428 
50.766359 31.787212 
50.797535 31.787605 
50.828688 31.787802 
50.859840 31.787899 
50.890993 31.787949 
50.922161 31.787973 
50.953363 31.787987 
50.984539 31.537992 
51.015713 31.662994 
51.046867 31.725496 
51.078083 31.756748 
51.109266 31.522373 
51.140418 31.655186 
51.171578 31.721592 
51.202769 31.754795 
51.233941 31.521397 
51.265093 31.654697 
51.296253 31.721348 
51.327442 31.754673 
51.358644 31.521336 
51.389825 31.904667 
51.421034 32.096333 
51.452249 31.942165 
51.483424 31.783083 
51.514584 31.703541 
51.545749 31.663771 
51.576925 31.643887 
51.608091 31.633944 
51.639258 31.628971 
51.670433 31.626486 
51.701607 31.625244 
51.763830 31.624622 
51.794997 31.874311 
51.826173 31.999157 
51.888442 32.061577 
51.919664 32.342789 
51.949854 32.483395 
51.980049 32.553696 
52.010233 32.338848 
52.040400 32.481422 
52.070561 32.552711 
52.100744 32.588356 
52.130908 32.356178 
52.161092 32.490089 
52.191287 32.557045 
52.221491 32.590523 
52.251685 32.357262 
52.281863 32.384632 
52.312034 32.398315 
52.342196 32.405159 
52.372385 32.408581 
52.402590 32.160290 
52.433772 32.286144 
52.463943 32.349072 
52.494137 32.380539 
52.524355 32.146271 
52.555541 32.279137 
52.585716 32.345566 
52.615907 32.378784 
52.646097 32.145393 
52.677289 32.278694 
52.707467 32.595348 
52.737635 32.503677 
52.767794 32.553837 
52.797952 32.578918 
52.828113 32.591457 
52.858312 32.597725 
52.888490 32.350861 
52.918660 32.251431 
52.949833 32.201714 
52.980989 32.176857 
53.012137 32.164429 
53.043306 32.158215 
53.074480 32.155106 
53.105658 32.153553 
53.136819 32.152779 
53.168003 32.152390 
53.199188 32.152195 
53.230372 32.152100 
53.261557 32.152050 
53.292739 31.902025 
53.323892 32.027012 
53.355054 32.089508 
53.386260 32.120754 
53.417431 31.886377 
53.448602 32.019188 
53.479795 32.085594 
53.511023 32.118797 
53.542195 31.885399 
53.573378 32.018700 
53.604546 32.085350 
53.635759 32.118675 
53.666936 31.885338 
53.698105 32.018669 
53.729294 32.335335 
53.759485 32.243668 
53.790648 32.115833 
53.821808 32.051918 
53.852968 32.019958 
53.884128 32.003979 
53.915297 31.995989 
53.946459 31.991993 
53.977642 31.989996 
54.008825 31.988998 
54.040015 31.988499 
54.071177 31.988249 
54.102340 31.988125 
54.133514 31.988062 
54.164697 31.988029 
54.195876 31.988014 
54.227037 31.988007 
54.258205 31.988003 
54.289399 31.988001 
54.320589 31.737999 
54.351754 31.862999 
54.382923 31.925499 
54.414124 31.956747 
54.445306 31.722374 
54.476463 31.855186 
54.507642 31.921593 
54.538840 31.954796 
54.569996 32.115398 
54.601151 32.195702 
54.632306 32.235851 
54.663501 32.255928 
54.694673 32.015965 
54.725834 32.145981 
54.756994 32.210991 
54.788189 32.243496 
54.819374 32.009750 
54.850536 31.940876 
54.881703 31.906439 
54.912871 31.889221 
54.944039 31.880611 
54.975199 31.876307 
55.006382 31.874153 
55.037559 31.873077 
55.068719 31.872540 
55.099901 31.872271 
55.131069 31.872135 
55.162229 31.872068 
55.193423 31.872036 
55.224600 31.622019 
55.255769 31.747009 
55.286928 31.809505 
55.318116 31.840754 
55.349323 31.606377 
55.380503 31.989189 
55.411696 32.180595 
55.442868 32.026299 
55.474028 32.069149 
55.505192 32.090576 
55.536345 32.101288 
55.567526 32.106644 
55.598700 32.109322 
55.629861 32.110661 
55.661021 32.111328 
55.692212 32.111664 
55.723414 31.861832 
55.754586 31.986916 
55.785754 32.049458 
55.816946 32.080727 
55.848118 31.846363 
55.879275 31.979181 
55.910430 32.045589 
55.941632 32.078796 
55.972795 31.845398 
56.003983 31.978699 
56.035175 32.045349 
56.066360 32.078674 
56.097539 31.845337 
56.128715 31.598669 
56.159906 31.975334 
56.191073 32.163666 
56.222243 32.007835 
56.253403 31.953918 
56.284560 31.926960 
56.315715 31.913481 
56.346868 31.906742 
56.378028 31.903372 
56.409210 31.901688 
56.440388 31.900845 
56.471544 31.900423 
56.502713 31.900211 
56.533874 31.900106 
56.565035 31.900055 
56.596238 31.900028 
56.627440 31.650015 
56.658620 31.775009 
56.689788 31.837505 
56.720981 31.868753 
56.752152 31.634377 
56.783310 31.767189 
56.814464 31.833595 
56.845656 31.866798 
56.876855 31.633400 
56.908038 31.766701 
56.939233 32.083351 
56.970424 31.991676 
57.001597 31.839838 
57.032754 31.763920 
57.063907 31.725960 
57.095076 31.706980 
57.126261 31.697491 
57.157451 31.692745 
57.188628 31.690372 
57.219825 31.689186 
57.251016 31.688593 
57.282191 31.688297 
57.313355 31.688148 
57.344517 31.688074 
57.375712 31.688038 
57.406893 31.438019 
57.438078 31.563009 
57.469289 31.625504 
57.500474 31.656752 
57.531645 31.422375 
57.562810 31.555187 
57.593973 31.621593 
57.625171 31.654797 
57.656376 31.421398 
57.687540 31.554699 
57.718708 31.871349 
57.749906 31.779675 
57.781073 31.627838 
57.812232 31.551920 
57.843385 31.513962 
57.874553 31.494982 
57.905714 31.485493 
57.936874 31.480747 
57.968035 31.478374 
57.999196 31.477188 
58.030357 31.476595 
58.061518 31.476299 
58.092679 31.476151 
58.123839 31.476076 
58.155055 31.476040 
58.186240 31.226021 
58.218401 31.351011 
58.249586 31.413506 
58.280779 31.444754 
58.311964 31.210377 
58.344133 31.343189 
58.375303 31.409595 
58.406493 31.442799 
58.437719 31.209398 
58.469920 31.592701 
58.501133 31.784351 
58.532313 31.630177 
58.563475 31.697088 
58.594633 31.730547 
58.625787 31.747272 
58.657019 31.755636 
58.688206 31.509819 
58.719374 31.636909 
58.750525 31.700455 
58.781713 31.732227 
58.812886 31.498114 
58.844070 31.631058 
58.875246 31.697529 
58.906457 31.730764 
58.937636 31.497383 
58.968798 31.630692 
58.999974 31.697346 
59.031192 31.730673 
59.062373 31.497337 
59.093535 31.476669 
59.124713 31.466335 
59.155876 31.461168 
59.187067 31.458584 
59.218253 31.207293 
59.250420 31.581646 
59.281614 31.768824 
59.312778 31.612411 
59.343940 31.582205 
59.375116 31.567101 
59.406294 31.559549 
59.437462 31.555775 
59.468646 31.553886 
59.499837 31.552942 
59.530997 31.552471 
59.562199 31.552235 
59.593394 31.302116 
59.624555 31.427057 
59.655723 31.489529 
59.686926 31.520763 
59.718106 31.286381 
59.749288 31.419189 
59.781722 31.485594 
59.812920 31.518795 
59.844104 31.285397 
59.875270 31.418697 
59.906431 31.485348 
59.937613 31.518673 
59.968803 31.285336 
59.999968 31.668667 
60.031159 31.860332 
60.062339 31.706165 
60.093505 31.523083 
60.124663 31.681541 
60.155825 31.760771 
60.187009 31.800385 
60.218197 31.570192 
60.249358 31.705097 
60.280541 31.772549 
60.311766 31.806274 
60.342945 31.573137 
60.374107 31.504570 
60.405269 31.470285 
60.436436 31.453144 
60.467605 31.444572 
60.498779 31.440287 
60.529949 31.438145 
60.561132 31.437073 
60.592327 31.436537 
60.623509 31.186268 
60.655675 31.311134 
60.686835 31.373568 
60.718028 31.404785 
60.749234 31.170393 
60.781410 31.553196 
60.812603 31.744598 
60.843777 31.590300 
60.874935 31.609150 
60.906092 31.618574 
60.937253 31.623287 
60.968421 31.625643 
60.999586 31.626820 
61.030760 31.627409 
61.061944 31.627705 
61.093156 31.627851 
61.124358 31.377926 
61.155534 31.502962 
61.186702 31.565479 
61.217891 31.596739 
61.249061 31.362370 
61.280224 31.495184 
61.311386 31.561592 
61.342584 31.594795 
61.373773 31.361397 
61.404961 31.494698 
61.436115 31.561348 
61.467309 31.594673 
61.498514 31.361336 
61.529683 31.614668 
61.560849 31.741333 
61.592062 31.804667 
61.623237 31.586334 
61.654396 31.501167 
61.685552 31.458584 
61.716721 31.437292 
61.747874 31.426647 
61.779044 31.421324 
61.810208 31.418663 
61.841377 31.417332 
61.872544 31.416666 
61.903726 31.416332 
61.934909 31.416166 
61.966092 31.416084 
61.997291 31.416042 
62.028509 31.166019 
62.060715 31.291010 
62.091895 31.353504 
62.123088 31.384752 
62.154312 31.150377 
62.186495 31.283188 
62.217687 31.349594 
62.248856 31.382797 
62.280020 31.519398 
62.311177 31.587698 
62.342331 31.621849 
62.373492 31.638924 
62.404653 31.647461 
62.435821 31.651730 
62.466982 31.653864 
62.498176 31.654930 
62.529354 31.405464 
62.560528 31.530731 
62.591722 31.593365 
62.622929 31.624681 
62.654125 31.390339 
62.685318 31.523169 
62.716494 31.589584 
62.747682 31.622791 
62.778870 31.389395 
62.810025 31.368698 
62.841183 31.358349 
62.872346 31.353174 
62.903572 31.350586 
62.934794 31.099293 
62.966992 31.223648 
62.999192 31.535824 
63.030367 31.441912 
63.061527 31.442955 
63.092681 31.443478 
63.123833 31.443739 
63.154993 31.443871 
63.186150 31.443935 
63.217310 31.443968 
63.248479 31.443985 
63.279641 31.443993 
63.310801 31.443996 
63.341983 31.443998 
63.373151 31.444000 
63.404361 31.444000 
63.435547 31.194002 
63.467718 31.319000 
63.498878 31.381500 
63.530085 31.412750 
63.561256 31.178375 
63.593438 31.311188 
63.624606 31.377594 
63.655800 31.410797 
63.686995 31.177399 
63.719169 31.560699 
63.750363 31.752350 
63.781572 31.598175 
63.812742 31.415087 
63.843918 31.573544 
63.875069 31.652773 
63.906270 31.692387 
63.937451 31.462193 
63.968611 31.371096 
63.999772 31.325546 
64.030932 31.302773 
64.062094 31.291386 
64.093253 31.285692 
64.124438 31.282845 
64.155622 31.281422 
64.186791 31.280710 
64.217960 31.280354 
64.249149 31.280176 
64.280324 31.280087 
64.311540 31.280043 
64.342724 31.030020 
64.374889 31.155012 
64.407049 31.217505 
64.439209 31.248753 
64.471361 31.360376 
64.502522 31.416187 
64.533684 31.444094 
64.564846 31.458046 
64.596016 31.465023 
64.627177 31.468512 
64.658360 31.470257 
64.689587 31.471128 
64.720770 31.221565 
64.752931 31.346783 
64.784122 31.409391 
64.815345 31.440697 
64.846546 31.206348 
64.878722 31.339174 
64.909903 31.405586 
64.941101 31.438793 
64.972336 31.205397 
65.004539 31.338699 
65.035709 31.405350 
65.066902 31.438675 
65.098107 31.205338 
65.130277 31.588669 
65.161475 31.780334 
65.192686 31.626167 
65.223859 31.443083 
65.255018 31.601540 
65.286176 31.680769 
65.317385 31.720383 
65.348573 31.490191 
65.379734 31.625095 
65.410894 31.692547 
65.442099 31.726273 
65.473271 31.493135 
65.504425 31.424568 
65.535586 31.390284 
65.566747 31.373142 
65.597909 31.364571 
65.629069 31.360285 
65.660238 31.358143 
65.691399 31.357071 
65.722560 31.356535 
65.753739 31.356266 
65.784908 31.356133 
65.816069 31.356066 
65.847262 31.356033 
65.878450 31.106018 
65.910619 31.481009 
65.941808 31.668503 
65.972972 31.512251 
66.004128 31.530125 
66.035282 31.539062 
66.066444 31.543531 
66.097605 31.545765 
66.128774 31.546883 
66.159935 31.547441 
66.191108 31.547722 
66.222314 31.547861 
66.253512 31.297932 
66.284684 31.422966 
66.315844 31.485483 
66.347047 31.516743 
66.378229 31.282372 
66.409391 31.415186 
66.440552 31.481594 
66.471749 31.514797 
66.502927 31.281399 
66.534095 31.414700 
66.565275 31.481350 
66.596479 31.514675 
66.627676 31.281338 
66.658862 31.534668 
66.690036 31.661333 
66.721243 31.724667 
66.752422 31.506332 
66.783591 31.421165 
66.814757 31.378582 
66.845930 31.357290 
66.877113 31.346645 
66.908296 31.341322 
66.939481 31.338661 
66.970663 31.337330 
67.001848 31.336664 
67.033017 31.336330 
67.064183 31.336164 
67.095351 31.336082 
67.126574 31.336040 
67.157746 31.086021 
67.189914 31.211012 
67.222082 31.273506 
67.253289 31.304752 
67.284486 31.070377 
67.316663 31.203188 
67.348858 31.269592 
67.380031 31.302795 
67.411194 31.439398 
67.442354 31.507698 
67.473526 31.541849 
67.504724 31.558926 
67.535907 31.317463 
67.567069 31.446732 
67.598232 31.511366 
67.629448 31.543682 
67.660637 31.309841 
67.691810 31.442921 
67.722986 31.509460 
67.754202 31.542730 
67.785418 31.309364 
67.816617 31.264683 
67.847794 31.242342 
67.879957 31.231169 
67.912116 31.225584 
67.944272 31.222792 
67.976445 31.221397 
68.008648 31.220697 
68.040823 31.220348 
68.072989 31.268173 
68.104158 31.292086 
68.135326 31.304043 
68.166494 31.310020 
68.197677 31.313009 
68.228861 31.314503 
68.260045 31.315250 
68.291227 31.315624 
68.322396 31.315811 
68.353579 31.315905 
68.384763 31.315952 
68.415945 31.315975 
68.447131 31.315987 
68.478301 31.315992 
68.509477 31.315994 
68.540661 31.315996 
68.571847 31.065998 
68.604023 31.190998 
68.636194 31.253498 
68.667394 31.284748 
68.698620 31.050375 
68.730825 31.433186 
68.762030 31.624594 
68.793248 31.470295 
68.824429 31.287148 
68.855598 31.445574 
68.886767 31.524788 
68.917974 31.564394 
68.949151 31.334198 
68.980325 31.469099 
69.011510 31.536549 
69.042744 31.570274 
69.073928 31.337137 
69.105096 31.268570 
69.136289 31.234287 
69.168465 31.217144 
69.200649 31.208574 
69.232832 31.204287 
69.265003 31.202145 
69.297227 31.201075 
69.329418 31.200539 
69.361594 31.248272 
69.393780 31.272137 
69.424965 31.284069 
69.456149 31.290035 
69.487326 31.293018 
69.518488 31.294510 
69.549665 31.295256 
69.580842 31.295628 
69.612018 31.295815 
69.643208 31.295908 
69.674383 31.295956 
69.705567 31.295979 
69.736751 31.295990 
69.767935 31.295996 
69.799127 31.295998 
69.830304 31.296000 
69.861480 31.296001 
69.892663 31.296001 
69.923846 31.296001 
69.955049 31.296001 
69.986241 31.296001 
70.017419 31.296001 
70.048630 31.546001 
70.079797 31.421001 
70.110955 31.502501 
70.142118 31.543251 
70.173301 31.563625 
70.204532 31.573812 
70.235703 31.328907 
70.266880 31.456453 
70.298041 31.520226 
70.360305 31.552113 
70.391484 31.818056 
70.422667 31.951027 
70.453869 32.017513 
70.485051 31.800756 
70.516220 31.942379 
70.547403 32.013191 
70.578602 32.048595 
70.609781 31.816298 
70.640971 31.796150 
70.672131 31.786076 
70.703315 31.781038 
70.734500 31.778519 
70.765675 31.777260 
70.796853 31.776630 
70.828041 31.776316 
70.859217 31.776157 
70.890402 31.824080 
70.921593 31.848042 
70.952760 31.860022 
70.983937 31.866013 
71.015110 31.869007 
71.046277 31.870504 
71.077461 31.871254 
71.108645 31.871628 
71.139829 31.871815 
71.171011 31.871908 
71.202244 31.871956 
71.233441 31.871979 
71.264637 31.871990 
71.295817 31.871996 
71.326987 31.871998 
71.358185 31.872000 
71.389412 31.622002 
71.420598 31.747002 
71.451771 31.809502 
71.482964 31.840752 
71.514145 31.606377 
71.545306 31.739189 
71.576465 31.805595 
71.607652 31.838799 
71.638856 31.605400 
71.670032 31.988701 
71.732308 32.180351 
71.763552 32.026176 
71.794746 32.367088 
71.824911 32.537544 
71.855114 32.622772 
71.885277 32.415386 
71.915434 32.335693 
71.945589 32.295845 
71.975763 32.275925 
72.005944 32.265961 
72.036114 32.260979 
72.066285 32.258492 
72.096452 32.257248 
72.127629 32.256622 
72.158817 32.006310 
72.190004 32.131157 
72.221194 32.193581 
72.252360 32.224792 
72.283529 31.990396 
72.314690 32.123199 
72.345850 32.189598 
72.377016 32.222801 
72.408196 31.989401 
72.439365 32.122700 
72.470532 32.189350 
72.501714 32.222675 
72.532886 31.989338 
72.564051 31.992668 
72.595239 31.994333 
72.626403 31.995167 
72.657571 31.995583 
72.688745 32.245789 
72.719921 32.370895 
72.750147 32.433449 
72.780335 32.214722 
72.811511 32.153358 
72.842685 32.122681 
72.873860 32.107338 
72.905032 32.099670 
72.936215 32.095833 
72.967398 32.093918 
72.998581 32.092957 
73.029765 32.092476 
73.060948 32.092239 
73.092131 32.092117 
73.123322 32.092056 
73.154485 32.092026 
73.185662 32.092010 
73.216819 32.092003 
73.247978 32.092003 
73.279175 32.092003 
73.310355 31.842001 
73.341523 31.966999 
73.372690 32.029499 
73.403870 32.060749 
73.435043 31.826374 
73.466217 31.959187 
73.497423 32.025593 
73.528638 32.058796 
73.559817 31.969398 
73.621948 31.924700 
73.653129 32.152351 
73.684282 32.266174 
73.714436 32.323090 
73.744590 32.351543 
73.774750 32.365768 
73.804913 32.372883 
73.835098 32.376442 
73.865261 32.378220 
73.895443 32.379108 
73.925627 32.379555 
73.955803 32.379776 
73.985971 32.379887 
74.016162 32.379944 
74.046355 32.379971 
74.076543 32.129986 
74.107724 32.254993 
74.138887 32.317497 
74.169089 32.348747 
74.199308 32.114372 
74.230496 32.117188 
74.261673 32.118591 
74.292845 32.119293 
74.324013 32.119644 
74.355198 32.119820 
74.386381 32.119911 
74.448602 32.119957 
74.479775 32.369980 
74.509939 32.494991 
74.540107 32.557495 
74.570311 32.588749 
74.600475 32.604378 
74.630643 32.612190 
74.660826 32.616096 
74.691044 32.618050 
74.721239 32.369026 
74.751416 32.494514 
74.811677 32.557259 
74.841855 32.588631 
74.872020 32.724316 
74.902197 32.792160 
74.962445 32.826080 
74.992617 33.093040 
75.022799 33.226521 
75.052972 33.293259 
75.083157 33.326630 
75.113335 33.343315 
75.142518 33.351658 
75.171686 33.355827 
75.200886 33.357914 
75.230079 33.108955 
75.260245 33.234478 
75.290405 33.297241 
75.320593 33.328621 
75.350808 33.094311 
75.380998 33.073158 
75.411170 33.062580 
75.441336 33.057289 
75.471503 33.054646 
75.501663 33.053322 
75.531816 33.052662 
75.561984 33.052330 
75.592176 33.052166 
75.622346 33.052086 
75.652516 33.052044 
75.682681 33.052025 
75.712915 33.052013 
75.743110 32.802010 
75.773277 32.927006 
75.803444 32.989502 
75.833640 33.020752 
75.863854 32.786377 
75.894044 32.765190 
75.924220 32.754597 
75.954383 32.749298 
75.984542 32.746651 
76.014700 32.745327 
76.044876 32.744667 
76.075044 32.744335 
76.105222 32.744171 
76.135399 32.744087 
76.165568 32.744045 
76.195728 32.744026 
76.225916 32.744015 
76.256119 32.494011 
76.286283 32.619007 
76.316448 32.681503 
76.346656 32.712753 
76.376869 32.478378 
76.407080 32.457188 
76.467285 32.696594 
76.497455 32.816296 
76.527615 32.900146 
76.557769 32.942074 
76.587929 32.963036 
76.618098 32.973518 
76.648277 32.978760 
76.678444 32.981380 
76.708619 32.982689 
76.738839 32.983345 
76.769020 32.733673 
76.799189 32.656837 
76.829373 32.618420 
76.859556 32.599213 
76.889743 32.589607 
76.919940 32.584805 
76.950153 32.582405 
76.980330 32.581203 
77.040556 32.580605 
77.100778 32.830303 
77.160997 33.205154 
77.220216 33.642578 
77.279458 34.111290 
77.308625 34.595646 
77.365856 34.837822 
77.394040 34.958912 
77.422229 35.019455 
77.450413 35.049728 
77.506672 35.064865 
77.534845 35.072433 
77.563028 35.220215 
77.619263 35.294106 
77.675485 35.581051 
77.703658 35.974525 
77.730841 36.171265 
77.785100 36.269634 
77.812303 36.318817 
77.866503 36.343410 
77.920734 36.605705 
77.947894 36.986851 
77.975056 37.177429 
78.028296 37.272713 
78.054486 37.570354 
78.106704 37.469177 
78.158968 37.668587 
78.185175 38.018291 
78.237417 38.193146 
78.263607 38.280571 
78.289773 38.218285 
78.315933 38.187141 
78.342100 38.171570 
78.394353 38.163784 
78.420534 38.159889 
78.446695 38.181946 
78.498914 37.942974 
78.551134 38.073486 
78.603354 38.388744 
78.654573 38.796371 
78.705790 39.000187 
78.730959 39.352097 
78.781216 39.528049 
78.806405 39.616028 
78.831588 39.482014 
78.881836 39.415009 
78.932048 39.631504 
78.982265 39.989754 
79.031480 40.168877 
79.080737 40.508438 
79.104928 40.428219 
79.129101 40.638107 
79.177351 40.743053 
79.201525 40.795525 
79.225685 40.893764 
79.273928 40.692879 
79.322159 40.842442 
79.370386 41.167221 
79.418625 41.329613 
79.466860 41.660809 
79.514095 41.826401 
79.561359 42.159203 
79.584530 42.325603 
79.607696 42.230804 
79.653910 42.183403 
79.700125 42.409702 
79.746335 42.522850 
79.769495 42.829426 
79.815710 42.982712 
79.861955 43.059357 
79.885111 43.347679 
79.931335 43.241840 
79.977603 43.438919 
80.000798 43.287460 
80.023983 43.461731 
80.069230 43.548866 
80.091402 43.592434 
80.113559 43.460220 
80.158770 43.394112 
80.202996 43.611057 
80.247215 43.719528 
80.291435 44.023766 
80.335669 44.175884 
80.379886 44.251945 
80.424106 44.539974 
80.468367 44.683990 
80.490585 44.755997 
80.534695 45.042000 
80.578820 45.185001 
80.600993 45.256500 
80.623150 45.138252 
80.667354 45.079128 
80.711591 45.299561 
80.755828 45.409782 
80.799063 45.464893 
80.842298 45.742447 
80.863490 45.881222 
80.905739 45.950607 
80.947952 45.985306 
80.990238 46.252655 
81.011426 46.136330 
81.032618 46.328167 
81.074833 46.424080 
81.117089 46.472042 
81.138301 46.246017 
81.159496 46.383011 
81.201725 46.451508 
81.244007 46.485756 
81.265251 46.252880 
81.286466 46.386436 
81.328734 46.453220 
81.349936 46.486610 
81.392037 46.397305 
81.413263 46.102654 
81.434444 46.205326 
81.476669 46.256657 
81.518943 46.282326 
81.540191 46.045162 
81.582320 46.426582 
81.624494 46.617294 
81.645731 46.462646 
81.687886 46.635323 
81.730022 46.971661 
81.751230 46.889832 
81.772417 46.670918 
81.793629 46.561462 
81.835860 46.506733 
81.878102 46.479370 
81.899280 46.465687 
81.920463 46.708847 
81.962674 46.580425 
82.004921 46.766212 
82.026092 46.609108 
82.047275 46.578556 
82.089512 46.563278 
82.131733 46.555641 
82.173938 46.551823 
82.216174 46.799911 
82.258425 46.923958 
82.279604 46.985981 
82.300786 46.814995 
82.343014 46.729496 
82.385218 46.686752 
82.427431 46.915375 
82.469644 47.029686 
82.511857 47.336842 
82.554100 47.490429 
82.596335 47.567215 
82.637556 47.855610 
82.678776 47.999809 
82.719989 48.321903 
82.761208 48.482956 
82.802464 48.563477 
82.822659 48.353737 
82.862780 48.498867 
82.902929 48.821434 
82.923115 48.732716 
82.963237 48.938366 
83.003360 49.041183 
83.023564 49.092590 
83.043742 48.868294 
83.083835 48.900146 
83.123928 48.916073 
83.164054 48.924034 
83.184235 48.928017 
83.204400 48.930008 
83.244636 48.931000 
83.284907 48.931499 
83.305092 48.931747 
83.325259 48.729870 
83.365469 48.628937 
83.405688 48.578472 
83.445910 48.803238 
83.486120 48.915615 
83.526353 48.971809 
83.566570 49.249905 
83.606783 49.388954 
83.647005 49.458477 
83.687269 49.743240 
83.707446 49.635620 
83.747565 49.831810 
83.787720 49.929905 
83.807896 49.978951 
83.848013 49.849472 
83.887096 50.034737 
83.926190 50.127369 
83.945369 50.173683 
83.983595 50.196842 
84.021820 50.208420 
84.060069 50.214214 
84.098301 50.467110 
84.136528 50.593555 
84.174757 50.656776 
84.213012 50.688389 
84.232211 50.454193 
84.270346 50.587097 
84.308513 50.903553 
84.327753 50.811775 
84.365885 50.861889 
84.403993 50.886948 
84.442084 50.899475 
84.480172 50.905743 
84.518256 51.158875 
84.556353 51.285439 
84.594501 51.348721 
84.613692 51.130363 
84.651826 51.271183 
84.689976 51.341591 
84.709150 51.376797 
84.747224 51.216400 
84.785321 51.386200 
84.823413 51.471096 
84.861510 51.513550 
84.899600 51.534775 
84.937691 51.795387 
84.975781 51.925694 
85.013879 51.990845 
85.051987 52.023422 
85.090110 52.289711 
85.109291 52.172855 
85.147452 52.364422 
85.185607 52.460213 
85.223791 52.508110 
85.243010 52.282055 
85.281146 52.419029 
85.319296 52.487511 
85.338480 52.521751 
85.376537 52.408878 
85.414585 52.352440 
85.452627 52.574219 
85.489734 52.685112 
85.507923 52.490559 
85.544035 52.643280 
85.580160 52.719643 
85.616306 52.757824 
85.634493 52.526909 
85.670605 52.661457 
85.706713 52.728733 
85.742869 52.762367 
85.761092 52.529190 
85.797242 52.662594 
85.833424 52.979294 
85.851613 52.887650 
85.887724 52.687824 
85.923826 52.837914 
85.941979 52.912960 
85.978220 52.700478 
85.996392 52.594242 
86.015571 52.315125 
86.034752 52.175568 
86.072980 51.855782 
86.111203 51.945889 
86.149439 51.990944 
86.187685 52.013474 
86.225914 52.274734 
86.264151 52.405369 
86.302376 52.470688 
86.340596 52.503345 
86.377833 52.769676 
86.415047 52.902840 
86.452262 52.969421 
86.489521 53.002712 
86.507695 53.019356 
86.525856 52.873672 
86.562076 52.800835 
86.598301 52.764412 
86.616459 52.746204 
86.652680 52.737106 
86.688889 52.732552 
86.725116 52.730274 
86.761331 52.729141 
86.797545 52.978569 
86.833766 53.103279 
86.870014 53.165638 
86.906306 53.196823 
86.924492 52.962414 
86.942659 53.095207 
86.978887 53.161602 
87.015137 53.194801 
87.033308 52.961403 
87.051471 53.094696 
87.087684 52.911346 
87.123955 53.069668 
87.142128 52.898834 
87.160294 52.683418 
87.197514 52.575714 
87.234751 52.521858 
87.271965 52.494926 
87.308227 52.731464 
87.344439 52.849731 
87.380652 52.908867 
87.416900 52.938435 
87.435137 52.703217 
87.471272 52.835609 
87.507413 52.901806 
87.525596 52.934906 
87.561684 52.773453 
87.597776 52.692726 
87.633865 52.902359 
87.669949 53.007175 
87.706041 53.059582 
87.742145 53.085796 
87.778236 53.098896 
87.814323 53.355446 
87.850406 53.483723 
87.886499 53.547859 
87.922629 53.579926 
87.940853 53.345963 
87.976998 53.478981 
88.013129 53.545490 
88.049279 53.578743 
88.067521 53.345371 
88.103648 53.478683 
88.139779 53.545345 
88.157973 53.578674 
88.194050 53.408672 
88.230128 53.408672 
88.266221 53.630333 
88.302336 53.741169 
88.320518 53.546585 
88.338698 53.699291 
88.374934 53.525642 
88.411203 53.438828 
88.429388 53.395416 
88.447558 53.171711 
88.483776 53.059864 
88.520008 53.003937 
88.556232 52.975967 
88.592450 52.961983 
88.628669 53.204990 
88.664888 53.326500 
88.701117 53.387249 
88.737343 53.417625 
88.773563 53.682816 
88.809821 53.815407 
88.828000 53.631699 
88.846180 53.789848 
88.882398 53.618927 
88.918656 53.533463 
88.936843 53.490730 
88.972936 53.315365 
89.009007 53.227684 
89.045086 53.433842 
89.081175 53.536919 
89.117279 53.588459 
89.153390 53.614227 
89.189525 53.627113 
89.207697 53.633553 
89.243798 53.434772 
89.279910 53.335388 
89.316022 53.535694 
89.352132 53.635849 
89.388242 53.685921 
89.424361 53.710968 
89.460443 53.723484 
89.496523 53.979748 
89.532621 54.107868 
89.568733 54.171932 
89.604846 54.203964 
89.640950 54.219978 
89.677048 54.477997 
89.713169 54.607002 
89.731376 54.421505 
89.767508 54.578751 
89.803630 54.657379 
89.839779 54.696693 
89.857957 54.466347 
89.894081 54.601177 
89.912247 54.668587 
89.948479 54.702297 
89.966642 54.469151 
89.984794 54.246574 
90.021012 54.135292 
90.057249 54.079647 
90.093526 54.301815 
90.111698 54.162903 
90.129883 54.093449 
90.166135 54.058723 
90.202372 54.041363 
90.238669 54.032681 
90.256857 53.778336 
90.292972 53.901169 
90.329113 53.962585 
90.347292 53.993294 
90.383361 53.830647 
90.419424 53.749329 
90.455500 53.958664 
90.491567 54.063328 
90.527642 54.115665 
90.563704 54.141838 
90.599811 54.154919 
90.617992 54.161465 
90.636160 54.164738 
90.672382 54.166374 
90.708607 54.167187 
90.744875 54.167595 
90.763104 53.917801 
90.781288 54.042900 
90.817528 54.105453 
90.853817 54.136726 
90.871991 53.902363 
90.890148 53.881187 
90.926357 53.620594 
90.962569 53.490292 
90.998785 53.675148 
91.035017 53.767574 
91.071251 53.813786 
91.107518 53.836899 
91.125680 53.848450 
91.143863 53.652222 
91.180099 53.554111 
91.216316 53.505058 
91.252551 53.480534 
91.288788 53.468273 
91.325000 53.712132 
91.361238 53.834068 
91.397474 53.895035 
91.433711 53.925514 
91.469946 53.940758 
91.506182 54.198383 
91.542422 54.327194 
91.578653 54.391590 
91.614890 54.423798 
91.651167 54.439896 
91.669355 54.197945 
91.687525 54.326981 
91.723743 54.391491 
91.760001 54.423744 
91.778169 54.189880 
91.796324 54.322937 
91.832530 54.139465 
91.868773 54.297729 
91.886954 54.126862 
91.905138 53.935432 
91.941347 53.839718 
91.977565 53.791855 
92.013825 54.017925 
92.032011 53.880955 
92.068184 53.812473 
92.104352 54.028236 
92.140554 54.136116 
92.158740 53.940060 
92.194848 54.092026 
92.230957 54.168015 
92.267103 54.206009 
92.285273 53.975006 
92.321379 54.109505 
92.357480 54.176754 
92.393623 54.210377 
92.411800 53.977188 
92.447908 54.177303 
92.484014 54.177303 
92.520160 54.210651 
92.538395 53.977322 
92.556611 53.730663 
92.574788 53.607330 
92.611016 53.295666 
92.647240 53.389832 
92.683459 53.436913 
92.719670 53.460457 
92.755875 53.472229 
92.792089 53.478115 
92.828323 53.731060 
92.864558 53.857529 
92.900802 53.920765 
92.937032 53.952381 
92.973236 54.218197 
93.009472 54.351093 
93.045753 54.417549 
93.063931 54.200771 
93.100051 54.342384 
93.136163 54.413189 
93.172320 54.448593 
93.190503 54.216301 
93.226623 54.350147 
93.262736 54.417076 
93.298878 54.450539 
93.317080 54.217266 
93.353184 54.350632 
93.389316 54.417316 
93.407497 54.450661 
93.443560 54.385334 
93.461781 54.102665 
93.497909 54.211334 
93.534018 54.265671 
93.570161 54.292843 
93.588374 54.056416 
93.624481 54.188210 
93.660604 54.254108 
93.678786 54.287056 
93.714826 54.101528 
93.750860 54.008755 
93.786889 54.212372 
93.822980 54.314186 
93.841152 54.115089 
93.877268 54.265549 
93.913375 54.340775 
93.949556 54.378384 
93.967779 54.147186 
94.003918 54.281593 
94.040036 54.348797 
94.076202 54.382397 
94.094424 54.149189 
94.130546 54.282600 
94.166651 54.349297 
94.202781 54.382648 
94.220997 54.149330 
94.239168 54.282665 
94.275404 54.349327 
94.311681 54.382668 
94.329905 54.149334 
94.348082 53.902664 
94.384224 54.029331 
94.420361 54.092670 
94.456534 54.124336 
94.474759 53.890171 
94.510848 54.023087 
94.546928 54.089542 
94.583040 54.122772 
94.601204 53.889393 
94.619356 54.022697 
94.655574 54.089355 
94.691819 54.122684 
94.710043 53.889339 
94.728243 53.594666 
94.746418 53.197338 
94.782649 52.998672 
94.818879 52.899338 
94.855096 52.849667 
94.891314 52.824837 
94.927550 53.062420 
94.963786 53.181213 
95.000023 53.240608 
95.036258 53.270306 
95.072473 53.285156 
95.108707 53.542583 
95.126883 53.671295 
95.163116 53.485649 
95.199347 53.642830 
95.235632 53.721416 
95.253839 53.510712 
95.289974 53.655357 
95.326114 53.727684 
95.362295 53.763844 
95.380539 53.531921 
95.416677 53.665962 
95.452779 53.732979 
95.488927 53.766487 
95.507178 53.533245 
95.543274 53.666626 
95.579393 53.733315 
95.597598 53.766659 
95.633654 53.701324 
95.651858 53.418663 
95.687975 53.527332 
95.724100 53.581661 
95.760248 53.608833 
95.778476 53.372417 
95.796686 53.504211 
95.832934 53.570107 
95.869196 53.603054 
95.887391 53.369530 
95.923488 53.300770 
95.959579 53.266388 
95.995666 53.249195 
96.031799 53.240601 
96.049997 52.986301 
96.068164 53.109154 
96.104384 53.170578 
96.140639 53.201286 
96.158817 52.966644 
96.194921 53.099323 
96.231017 53.165665 
96.267164 53.198833 
96.285355 52.965412 
96.321500 53.098709 
96.357659 53.165359 
96.375840 53.198681 
96.411903 53.061340 
96.447961 52.992672 
96.484028 53.208336 
96.520137 53.316166 
96.538318 53.120090 
96.556509 53.272049 
96.592729 53.098026 
96.628988 53.011013 
96.647157 52.967506 
96.665359 52.743755 
96.701573 52.631874 
96.738808 52.575939 
96.776037 52.547970 
96.813274 52.533985 
96.849512 52.776993 
96.885749 52.898495 
96.921986 52.959244 
96.958215 52.989628 
96.994443 53.254814 
97.030703 53.387409 
97.048890 53.203705 
97.085009 53.361855 
97.121138 53.440929 
97.157305 53.480461 
97.175537 53.250233 
97.211666 53.385113 
97.247786 53.452557 
97.283935 53.486279 
97.302105 53.253136 
97.338201 53.386570 
97.374295 53.453285 
97.410427 53.486641 
97.428634 53.253323 
97.464727 53.386658 
97.500818 53.453331 
97.518987 53.486671 
97.555071 53.421337 
97.573249 53.138676 
97.609364 53.247341 
97.645480 53.301674 
97.681684 53.328835 
97.699864 53.092419 
97.736040 53.224216 
97.772239 53.290108 
97.790413 53.323055 
97.826468 53.137527 
97.862521 53.044765 
97.898585 53.248383 
97.934701 53.350197 
97.952887 53.151104 
97.971068 53.301556 
98.007299 53.126781 
98.043550 53.289391 
98.061735 53.120697 
98.097832 52.834351 
98.133930 52.941174 
98.170028 52.994579 
98.206147 53.021286 
98.242256 53.034645 
98.278367 53.041328 
98.314449 53.294666 
98.350546 53.421329 
98.386644 53.484669 
98.422741 53.516331 
98.458880 53.532169 
98.477071 53.290085 
98.513197 53.419044 
98.549318 53.483521 
98.567486 53.515762 
98.603585 53.377884 
98.639715 53.308949 
98.675833 53.524471 
98.711930 53.632233 
98.748044 53.686119 
98.784163 53.713062 
98.820328 53.726532 
98.838515 53.733265 
98.856695 53.736629 
98.892904 53.738312 
98.929130 53.739159 
98.965400 53.739582 
98.983614 53.489792 
99.019755 53.614902 
99.055878 53.677452 
99.092051 53.708729 
99.110278 53.474361 
99.128471 53.607178 
99.164705 53.673592 
99.200968 53.706795 
99.219146 53.473396 
99.255225 53.476696 
99.291300 53.478352 
99.327400 53.479179 
99.345581 53.479595 
99.363764 53.253796 
99.400001 53.140900 
99.436235 53.084450 
99.472471 53.056229 
99.508685 53.042114 
99.544930 53.285057 
99.581160 53.406528 
99.617382 53.467262 
99.653619 53.497627 
99.689833 53.512814 
99.726072 53.770409 
99.762305 53.899204 
99.798531 53.963608 
99.834745 53.995800 
99.871022 54.011898 
99.889221 53.769951 
99.925354 53.898975 
99.961504 53.963493 
99.979682 53.995747 
100.015767 53.881874 
100.051850 53.824940 
100.087938 54.046471 
100.124051 54.157238 
100.160159 54.212616 
100.196267 54.240311 
100.232394 54.254158 
100.250564 54.261082 
100.268744 54.264542 
100.304980 54.266273 
100.341217 54.267136 
100.377502 54.267570 
100.395691 54.017788 
100.431802 54.142895 
100.467939 54.205444 
100.486104 54.236729 
100.522178 54.098366 
100.540360 54.029186 
100.576568 53.994591 
100.612795 53.977303 
100.649034 53.968655 
100.685271 54.214329 
100.721509 54.337166 
100.757780 54.398582 
100.775977 54.179295 
100.812125 54.319653 
100.848283 54.389824 
100.884474 54.424915 
100.902707 54.192463 
100.938853 54.326229 
100.974976 54.393116 
101.011126 54.426559 
101.029340 54.193283 
101.065449 54.326649 
101.101585 54.393322 
101.119771 54.426662 
101.155850 54.313332 
101.191923 54.256664 
101.227987 54.478336 
101.264092 54.589172 
101.282264 54.394581 
101.300444 54.547298 
101.336681 54.373646 
101.372942 54.286827 
101.391131 54.243412 
101.427218 54.019707 
101.463305 54.157856 
101.499402 54.226929 
101.535495 54.261463 
101.571599 54.278732 
101.607709 54.287365 
101.643824 54.541679 
101.662012 54.418842 
101.698137 54.357422 
101.734262 54.576717 
101.770423 54.686356 
101.788619 54.491180 
101.824754 54.643593 
101.860871 54.719799 
101.897025 54.757893 
101.915251 54.526947 
101.951372 54.661476 
101.987473 54.728741 
102.023597 54.762367 
102.041774 54.529186 
102.077856 54.532593 
102.113933 54.534294 
102.150045 54.535145 
102.168233 54.535576 
102.204349 54.309788 
102.240472 54.196899 
102.276581 54.390453 
102.312699 54.487228 
102.348792 54.535614 
102.384909 54.559807 
102.421011 54.571903 
102.457127 54.827957 
102.493244 54.955978 
102.529329 55.019989 
102.565478 55.051994 
102.583688 54.817997 
102.619832 54.951000 
102.655963 55.017498 
102.692130 55.050751 
102.710339 54.817375 
102.728512 54.950684 
102.764750 55.017345 
102.801009 55.050678 
102.819225 54.817345 
102.855359 54.950672 
102.891475 55.017345 
102.927632 55.050678 
102.945862 54.817345 
102.981981 54.950672 
103.018104 55.017345 
103.036291 55.050678 
103.072419 54.985344 
103.090599 54.702671 
103.126718 54.811340 
103.162831 54.865669 
103.199000 54.892834 
103.217194 54.656414 
103.235367 54.788212 
103.271589 54.854107 
103.307853 54.887054 
103.326033 54.653526 
103.362149 54.786762 
103.398253 54.853386 
103.434399 54.886692 
103.452590 54.653351 
103.488692 54.608673 
103.524788 54.586334 
103.560904 54.575165 
103.579072 54.569580 
103.615183 54.340790 
103.651317 54.226395 
103.687452 54.419197 
103.723555 54.515598 
103.759666 54.563805 
103.795794 54.587906 
103.831921 54.599949 
103.868054 54.855980 
103.904188 54.983990 
103.940289 55.047993 
103.976400 55.080006 
104.012514 55.096008 
104.048627 55.354004 
104.084785 55.483002 
104.102948 55.297501 
104.121131 55.454750 
104.157369 55.283375 
104.193657 55.447693 
104.211825 55.279846 
104.247929 55.065922 
104.284018 55.208961 
104.320111 55.280483 
104.356213 55.316235 
104.392315 55.334110 
104.428409 55.343056 
104.463569 55.597530 
104.480771 55.474766 
104.515860 55.413380 
104.550970 55.382690 
104.585115 55.617348 
104.602294 55.484673 
104.637385 55.240341 
104.672478 55.368176 
104.707579 55.432083 
104.742680 55.464043 
104.777779 55.480022 
104.812896 55.488010 
104.848015 55.492004 
104.882146 55.744003 
104.916241 55.870003 
104.950342 55.933002 
104.984493 55.964504 
105.001675 55.730247 
105.035790 55.863125 
105.069905 55.929562 
105.104065 55.962776 
105.121249 55.729389 
105.155355 55.862698 
105.189468 55.929344 
105.223633 55.962673 
105.240815 55.729332 
105.274903 55.732674 
105.308990 55.734341 
105.343094 55.735165 
105.377197 55.735580 
105.411297 55.735794 
105.445413 55.735901 
105.479565 55.735954 
105.496757 55.735985 
105.531876 55.533993 
105.567018 55.632496 
105.601136 55.632496 
105.635252 55.732246 
105.669371 55.782127 
105.703473 55.807064 
105.737575 55.819534 
105.771694 55.825771 
105.805821 55.828884 
105.839950 55.830444 
105.874108 56.081223 
105.891298 55.956612 
105.925439 55.894310 
105.959590 55.863155 
105.993757 56.097580 
106.010944 55.964790 
106.045032 55.744400 
106.079135 55.634205 
106.113240 55.829098 
106.147364 55.926548 
106.181492 55.975277 
106.215598 55.999634 
106.249703 56.011822 
106.283792 56.017906 
106.317916 56.272476 
106.352022 56.272476 
106.386162 56.398239 
106.403348 56.211124 
106.437466 56.117558 
106.471604 56.320782 
106.505773 56.422386 
106.522945 56.223198 
106.557101 55.969601 
106.591241 56.092800 
106.625389 56.154396 
106.659519 56.185204 
106.693667 56.200603 
106.727821 56.208298 
106.761977 56.212154 
106.796126 56.214077 
106.830250 56.215034 
106.864401 56.465519 
106.898579 56.590763 
106.915759 56.403381 
106.949899 56.309692 
106.984034 56.512848 
107.018209 56.614422 
107.035400 56.415207 
107.069499 56.161602 
107.103574 56.284798 
107.137667 56.346401 
107.171767 56.377201 
107.205858 56.392601 
107.239958 56.400299 
107.274067 56.404152 
107.308208 56.406078 
107.325400 56.157036 
107.359573 56.282520 
107.393731 56.345264 
107.427927 56.376629 
107.445156 56.142311 
107.479285 56.275158 
107.513404 56.341576 
107.547552 56.374794 
107.564789 56.141396 
107.598932 56.274696 
107.633051 56.341351 
107.667189 56.374672 
107.684420 56.141338 
107.718539 56.274666 
107.752640 56.341335 
107.786756 56.374664 
107.804018 56.141338 
107.821247 55.918674 
107.855416 56.057343 
107.889573 56.161331 
107.923763 56.161331 
107.940946 55.928665 
107.975060 56.062336 
108.009168 56.129173 
108.043334 56.162582 
108.060526 55.929291 
108.094601 55.860649 
108.128686 55.826328 
108.162785 55.809166 
108.196857 55.800583 
108.230934 55.796295 
108.265030 55.794151 
108.299148 55.793079 
108.316346 55.792545 
108.350435 55.590267 
108.385530 55.489136 
108.420627 55.438564 
108.454747 55.663280 
108.488853 55.775639 
108.522957 55.831818 
108.557068 55.859913 
108.591162 55.873955 
108.625256 55.880978 
108.659343 55.884491 
108.693485 56.136246 
108.710671 56.012127 
108.744806 55.950069 
108.778925 55.919037 
108.813078 56.153519 
108.830260 56.020763 
108.847438 55.800377 
108.881665 55.690189 
108.915900 55.635101 
108.950125 55.607552 
108.984352 55.593777 
109.018578 55.586887 
109.052812 55.833450 
109.087044 55.956726 
109.121272 56.018360 
109.155508 56.049187 
109.189726 56.064594 
109.224006 56.072304 
109.241200 55.826149 
109.275334 55.953075 
109.309459 56.016537 
109.343639 56.048264 
109.360881 55.814133 
109.395021 55.947063 
109.429140 56.013527 
109.463292 56.046764 
109.480533 55.813377 
109.514670 55.946690 
109.548784 56.013351 
109.582912 56.046673 
109.600146 55.813332 
109.634250 55.840664 
109.668341 55.854328 
109.702419 55.861168 
109.736521 55.864582 
109.753754 55.616291 
109.787909 55.742146 
109.822042 55.805073 
109.856234 55.836536 
109.873449 55.602272 
109.907593 55.735138 
109.941707 55.801571 
109.975866 55.834782 
109.993100 55.601395 
110.027217 55.734699 
110.061315 55.801357 
110.095455 55.834675 
110.112718 55.601341 
110.129936 55.330666 
110.165077 55.445332 
110.200217 55.502670 
110.235369 55.531334 
110.253546 55.295666 
110.289663 55.427834 
110.325776 55.493919 
110.361971 55.526958 
110.380166 55.293476 
110.416280 55.426743 
110.452388 55.493370 
110.488550 55.526684 
110.506789 55.293343 
110.542915 55.426666 
110.579043 55.493332 
110.597237 55.526665 
110.633318 55.389332 
110.651549 55.070671 
110.687714 55.161331 
110.723851 55.206669 
110.760033 55.229343 
110.778262 54.990677 
110.814419 55.186672 
110.850583 55.186672 
110.868776 55.219337 
110.904896 55.033669 
110.941000 54.940838 
110.977097 55.144413 
111.013235 55.246208 
111.031457 55.047112 
111.067597 55.197559 
111.103746 55.272785 
111.139930 55.310394 
111.158108 55.079201 
111.194215 55.213604 
111.230315 55.280796 
111.266474 55.314396 
111.284679 55.081203 
111.320821 55.281300 
111.356955 55.281300 
111.375124 55.314655 
111.411172 55.177330 
111.447228 55.108662 
111.483280 55.324333 
111.519395 55.432163 
111.537567 55.236084 
111.573684 55.464031 
111.609812 55.464031 
111.646026 55.502014 
111.664198 55.271011 
111.700326 55.405510 
111.736449 55.472752 
111.772664 55.506378 
111.790860 55.273193 
111.826979 55.473301 
111.863092 55.473301 
111.899257 55.506657 
111.917499 55.273331 
111.953633 55.406670 
111.989766 55.473331 
112.007948 55.506668 
112.044000 55.393333 
112.062231 55.086666 
112.098398 55.183338 
112.134540 55.231674 
112.170697 55.255836 
112.188934 55.017914 
112.225070 55.148956 
112.261233 55.214474 
112.279415 55.247238 
112.315516 55.061623 
112.333732 54.718815 
112.369894 54.547409 
112.406047 54.418861 
112.442197 54.418861 
112.478334 54.647438 
112.514462 54.761719 
112.550588 54.818863 
112.586740 54.847435 
112.622917 54.861721 
112.659085 55.118858 
112.695226 55.247429 
112.731395 55.311718 
112.767554 55.343857 
112.802737 55.609932 
112.819913 55.492973 
112.855038 55.434490 
112.890150 55.405243 
112.924275 55.640629 
112.941456 55.508320 
112.976575 55.312160 
113.011702 55.214081 
113.046823 55.415039 
113.081912 55.515518 
113.116032 55.565758 
113.150139 55.590878 
113.184274 55.603439 
113.218409 55.609722 
113.252527 55.862862 
113.286669 55.989429 
113.320823 56.052719 
113.337997 55.834362 
113.372140 55.975182 
113.406296 56.045589 
113.440439 56.080791 
113.457623 55.848396 
113.491747 55.982197 
113.525872 56.049103 
113.560034 56.082550 
113.577223 55.849274 
113.611301 55.852638 
113.645376 55.854324 
113.679436 55.855164 
113.713513 55.855583 
113.747575 55.855793 
113.781672 55.855896 
113.815722 55.855949 
113.849816 55.855976 
113.866999 55.605988 
113.901154 55.730995 
113.935308 55.793499 
113.969499 55.824749 
113.986718 55.590370 
114.020840 55.723186 
114.054955 55.789589 
114.089119 55.822800 
114.106345 55.589401 
114.140482 55.722702 
114.174595 55.789349 
114.208746 55.822666 
114.225993 55.589333 
114.243210 55.342663 
114.278352 55.219330 
114.313487 55.157669 
114.348619 55.126839 
114.383741 55.111416 
114.418863 55.103706 
114.453988 55.349850 
114.489103 55.472919 
114.524241 55.534458 
114.558379 55.565228 
114.592515 55.580608 
114.626655 55.588299 
114.660781 55.592148 
114.694904 55.844078 
114.729092 55.970036 
114.746310 55.783024 
114.780462 55.689514 
114.814602 55.892761 
114.848762 55.994381 
114.865996 55.795193 
114.900171 55.565601 
114.934314 55.700806 
114.968450 55.768402 
115.002581 55.802200 
115.036708 55.819103 
115.070835 55.827553 
115.104954 55.831776 
115.139128 55.833893 
115.156319 55.584946 
115.190453 55.710468 
115.224581 55.773235 
115.258759 55.804615 
115.275955 55.570312 
115.310070 55.703156 
115.344184 55.769577 
115.378329 55.802788 
115.395554 55.569393 
115.429674 55.702698 
115.463774 55.769352 
115.497909 55.802681 
115.515134 55.569340 
115.549290 55.702675 
115.583426 55.769341 
115.617586 55.802670 
115.634814 55.569336 
115.652038 55.346664 
115.687176 55.235329 
115.722307 55.179665 
115.757431 55.151833 
115.792549 55.137920 
115.827663 55.130962 
115.862783 55.377480 
115.897924 55.500744 
115.932049 55.562366 
