0.000026 11.111111 
0.090365 12.111111 
0.172607 13.111111 
0.248841 14.111111 
0.319072 15.111110 
0.385330 16.111111 
0.447559 17.111111 
0.505804 18.111111 
0.561034 19.111111 
0.613264 20.111111 
0.662500 21.111111 
0.709730 22.111111 
0.754946 23.111111 
0.798175 24.111111 
0.839391 25.111111 
0.878653 26.111109 
0.916913 27.111109 
0.953155 28.111111 
0.988381 29.111109 
1.022600 30.111109 
1.055822 31.111109 
1.088083 32.111107 
1.119324 33.111107 
1.149552 34.111107 
1.178761 35.111107 
1.207020 36.111107 
1.234285 37.111107 
1.260542 38.111107 
1.286737 39.111107 
1.311945 40.111107 
1.336186 41.111107 
1.360429 42.111107 
1.383631 43.111107 
1.406849 44.111107 
1.429057 45.111107 
1.451280 46.111107 
1.472503 47.111107 
1.493739 48.111107 
1.513974 49.111111 
1.534142 50.111111 
1.553342 51.111111 
1.572564 52.111111 
1.591784 53.111115 
1.610026 54.111115 
1.628221 55.111115 
1.646433 56.111115 
1.663671 57.111111 
1.680852 58.111107 
1.698059 59.111111 
1.714305 60.111107 
1.730533 61.111107 
1.746754 62.111107 
1.762992 63.111107 
1.778197 64.111107 
1.793385 65.111107 
1.808568 66.111107 
1.823742 67.111107 
1.837906 68.111107 
1.852068 69.111107 
1.866228 70.111107 
1.880391 71.111107 
1.894544 72.111107 
1.907696 73.111107 
1.920848 74.111107 
1.933998 75.111107 
1.947147 76.111107 
1.960295 77.111107 
1.972443 78.111107 
1.984591 79.111107 
1.996739 80.111107 
2.008887 81.111107 
2.021035 82.111107 
2.033190 83.111107 
2.045362 84.111107 
2.056510 85.111107 
2.067676 86.111107 
2.078822 87.111107 
2.090001 88.111107 
2.101180 89.111107 
2.112358 90.111107 
2.123537 91.111099 
2.133709 92.111099 
2.143881 93.111092 
2.154060 94.111092 
2.164238 95.111092 
2.174383 96.111084 
2.184530 97.111084 
2.194722 98.111076 
2.204885 99.111076 
2.215062 100.111076 
2.224239 101.111084 
2.233417 102.111084 
2.242590 103.111084 
2.251751 104.111084 
2.260929 105.111084 
2.270075 106.111076 
2.279243 106.111076 
2.288413 106.111076 
2.297561 105.111076 
2.306730 104.111069 
2.315908 103.111076 
2.325085 102.111076 
2.334266 101.111084 
2.343436 100.111084 
2.352615 99.111076 
2.362763 98.111076 
2.372934 97.111076 
2.383083 96.111076 
2.393231 95.111076 
2.403379 94.111076 
2.413528 93.111076 
2.423676 92.111076 
2.433854 91.111076 
2.444026 90.111076 
2.455175 89.111076 
2.466351 88.111076 
2.477520 87.111076 
2.488667 86.111076 
2.499823 85.111076 
2.510987 84.111076 
2.522165 83.111076 
2.534341 82.111076 
2.546492 81.111076 
2.558669 80.111076 
2.570848 79.111076 
2.583027 78.111076 
2.595207 77.111076 
2.607372 76.111076 
2.620519 75.111076 
2.633698 74.111076 
2.646877 73.111076 
2.660064 72.111076 
2.673237 71.111076 
2.687416 70.111076 
2.701563 69.111076 
2.715743 68.111076 
2.729902 67.111076 
2.744092 66.111076 
2.759262 65.111076 
2.774440 64.111076 
2.789602 63.111076 
2.804792 62.111080 
2.820961 61.111076 
2.837140 60.111073 
2.853308 59.111069 
2.869487 58.111069 
2.886631 57.111069 
2.903809 56.111065 
2.920982 55.111065 
2.939162 54.111065 
2.957341 53.111065 
2.975488 52.111065 
2.994667 51.111065 
3.013845 50.111065 
3.033025 49.111061 
3.053197 48.111065 
3.073346 47.111065 
3.094495 46.111065 
3.115644 45.111065 
3.137802 44.111065 
3.159983 43.111065 
3.183163 42.111065 
3.206342 41.111065 
3.230523 40.111065 
3.254681 39.111065 
3.279854 38.111065 
3.306004 37.111065 
3.332152 36.111065 
3.359304 35.111065 
3.387462 34.111065 
3.416642 33.111065 
3.446822 32.111065 
3.478002 31.111063 
3.510181 30.111063 
3.543360 29.111065 
3.577540 28.111065 
3.612712 27.111067 
3.648861 26.111069 
3.687041 25.111071 
3.726222 24.111071 
3.767409 23.111071 
3.810570 22.111071 
3.855750 21.111071 
3.902934 20.111071 
3.952097 19.111071 
4.004252 18.111071 
4.059408 17.111071 
4.117565 16.111071 
4.179721 15.111070 
4.245875 14.111070 
4.316030 13.111069 
4.392190 12.111069 
4.474379 11.111069 
4.564540 10.111069 
4.662694 9.111069 
4.771874 8.111069 
4.895037 7.111069 
5.035200 6.111069 
5.198382 5.111069 
5.393575 4.111069 
5.636804 5.111069 
5.832023 6.111069 
5.995239 7.111069 
6.135428 8.111069 
6.258585 9.111069 
6.367755 10.111069 
6.465937 11.111069 
6.556117 12.111069 
6.638344 13.111069 
6.714514 14.111069 
6.784668 15.111068 
6.850835 16.111069 
6.913015 17.111069 
6.971190 18.111069 
7.026402 19.111069 
7.078580 20.111069 
7.127744 21.111069 
7.174924 22.111069 
7.220098 23.111069 
7.263278 24.111069 
7.304457 25.111071 
7.343631 26.111071 
7.381813 27.111071 
7.417991 28.111071 
7.453156 29.111071 
7.487337 30.111071 
7.520503 31.111071 
7.552678 32.111069 
7.583849 33.111069 
7.614039 34.111069 
7.643213 35.111069 
7.671393 36.111069 
7.698572 37.111069 
7.724747 38.111069 
7.750927 39.111069 
7.776099 40.111069 
7.800294 41.111069 
7.824473 42.111069 
7.847624 43.111069 
7.870782 44.111069 
7.892942 45.111069 
7.915121 46.111069 
7.936279 47.111069 
7.957436 48.111069 
7.977592 49.111069 
7.997749 50.111069 
8.016905 51.111069 
8.036069 52.111069 
8.055248 53.111069 
8.073403 54.111069 
8.091583 55.111065 
8.109762 56.111065 
8.126941 57.111061 
8.144120 58.111061 
8.161268 59.111065 
8.177446 60.111065 
8.193602 61.111061 
8.209762 62.111065 
8.225918 63.111065 
8.241074 64.111069 
8.256231 65.111069 
8.271394 66.111069 
8.286569 67.111069 
8.300746 68.111069 
8.314926 69.111069 
8.329097 70.111069 
8.343253 71.111069 
8.357410 72.111069 
8.370554 73.111069 
8.383709 74.111069 
8.396857 75.111069 
8.410012 76.111069 
8.423176 77.111069 
8.435370 78.111069 
8.447525 79.111069 
8.459681 80.111069 
8.471826 81.111069 
8.483977 82.111069 
8.496139 83.111069 
8.508294 84.111069 
8.519452 85.111069 
8.530628 86.111069 
8.541807 87.111069 
8.552960 88.111069 
8.564138 89.111069 
8.575347 90.111069 
8.586515 91.111069 
8.596661 92.111069 
8.606811 93.111069 
8.616974 94.111069 
8.627120 95.111069 
8.637269 96.111069 
8.647423 97.111069 
8.657568 98.111069 
8.667720 99.111069 
8.677889 100.111061 
8.687050 101.111061 
8.696205 102.111061 
8.705367 103.111061 
8.714511 104.111061 
8.723662 105.111061 
8.732814 106.111061 
8.741988 107.111053 
8.751140 108.111053 
8.760298 109.111053 
8.769475 110.111053 
8.778627 111.111053 
8.787781 112.111053 
8.795935 113.111053 
8.804079 112.111053 
8.812225 111.111053 
8.821415 110.111053 
8.830591 109.111053 
8.839751 108.111053 
8.848905 107.111053 
8.858060 106.111061 
8.867204 105.111061 
8.876352 104.111061 
8.885503 103.111061 
8.894663 102.111061 
8.903816 101.111061 
8.912978 100.111061 
8.922145 99.111061 
8.932283 98.111061 
8.942427 97.111061 
8.952608 96.111061 
8.962759 95.111069 
8.972903 94.111069 
8.983086 93.111069 
8.993242 92.111069 
9.003398 91.111069 
9.013554 90.111069 
9.024712 89.111069 
9.035869 88.111069 
9.047014 87.111069 
9.058170 86.111069 
9.069319 85.111069 
9.080498 84.111069 
9.091652 83.111069 
9.103826 82.111069 
9.116001 81.111069 
9.128176 80.111069 
9.140321 79.111069 
9.152469 78.111069 
9.164625 77.111069 
9.176772 76.111069 
9.189924 75.111069 
9.203087 74.111069 
9.216241 73.111069 
9.229414 72.111069 
9.242567 71.111069 
9.256722 70.111069 
9.270900 69.111069 
9.285064 68.111069 
9.299214 67.111069 
9.313357 66.111069 
9.328565 65.111069 
9.343744 64.111069 
9.358905 63.111069 
9.374083 62.111073 
9.390267 61.111069 
9.406434 60.111065 
9.422588 59.111065 
9.438744 58.111061 
9.455898 57.111061 
9.473054 56.111061 
9.490274 55.111061 
9.508445 54.111057 
9.526597 53.111061 
9.544778 52.111065 
9.563928 51.111065 
9.583084 50.111065 
9.602277 49.111061 
9.622443 48.111065 
9.642599 47.111065 
9.663756 46.111065 
9.684912 45.111065 
9.707076 44.111065 
9.729233 43.111065 
9.752390 42.111065 
9.775546 41.111065 
9.799711 40.111065 
9.823867 39.111065 
9.849024 38.111065 
9.875179 37.111065 
9.901336 36.111065 
9.928501 35.111065 
9.956665 34.111065 
9.985864 33.111065 
10.016034 32.111065 
10.047208 31.111063 
10.079373 30.111063 
10.112527 29.111065 
10.146709 28.111065 
10.181874 27.111067 
10.218032 26.111069 
10.256189 25.111071 
10.295341 24.111071 
10.336580 23.111071 
10.379810 22.111071 
10.424974 21.111071 
10.472127 20.111071 
10.521317 19.111071 
10.573512 18.111071 
10.628715 17.111071 
10.686884 16.111071 
10.749047 15.111070 
10.815222 14.111070 
10.885436 13.111069 
10.961607 12.111069 
11.043758 11.111069 
11.133941 10.111069 
11.232124 9.111069 
11.341286 8.111069 
11.464479 7.111069 
11.604665 6.111069 
11.767836 5.111069 
11.963041 4.111069 
12.206272 3.111069 
12.527450 2.111069 
13.000634 3.111069 
13.321795 4.111069 
13.564958 5.111069 
13.760116 6.111069 
13.923273 7.111069 
14.063433 8.111069 
14.186588 9.111069 
14.295783 10.111069 
14.393983 11.111069 
14.484152 12.111069 
14.566316 13.111069 
14.642475 14.111069 
14.712627 15.111068 
14.778816 16.111069 
14.841014 17.111069 
14.899215 18.111069 
14.954441 19.111069 
15.006624 20.111069 
15.055801 21.111069 
15.102964 22.111069 
15.148155 23.111069 
15.191358 24.111069 
15.232531 25.111071 
15.271746 26.111071 
15.309960 27.111071 
15.346127 28.111071 
15.381336 29.111071 
15.415542 30.111071 
15.448721 31.111071 
15.480940 32.111069 
15.512108 33.111069 
15.542268 34.111069 
15.571429 35.111069 
15.599581 36.111069 
15.626795 37.111069 
15.652974 38.111069 
15.679155 39.111069 
15.704336 40.111069 
15.728517 41.111069 
15.752698 42.111069 
15.775863 43.111069 
15.799044 44.111069 
15.821224 45.111069 
15.843372 46.111069 
15.864552 47.111069 
15.885732 48.111069 
15.905912 49.111069 
15.926092 50.111069 
15.945273 51.111069 
15.964453 52.111069 
15.983611 53.111069 
16.001770 54.111069 
16.019920 55.111065 
16.038076 56.111065 
16.055235 57.111061 
16.072400 58.111061 
16.089587 59.111065 
16.105752 60.111065 
16.121933 61.111061 
16.138158 62.111065 
16.154333 63.111065 
16.169482 64.111069 
16.184663 65.111069 
16.199811 66.111069 
16.214991 67.111069 
16.229139 68.111069 
16.243309 69.111069 
16.257458 70.111069 
16.271615 71.111069 
16.285764 72.111069 
16.298921 73.111069 
16.312079 74.111069 
16.325236 75.111069 
16.338397 76.111069 
16.351574 77.111069 
16.363736 78.111069 
16.375916 79.111069 
16.388096 80.111069 
16.400275 81.111069 
16.412440 82.111069 
16.424617 83.111069 
16.436819 84.111069 
16.447994 85.111069 
16.459180 86.111069 
16.470351 87.111069 
16.481506 88.111069 
16.492664 89.111069 
16.503823 90.111069 
16.514996 91.111069 
16.525161 92.111069 
16.535341 93.111069 
16.545535 94.111069 
16.555701 95.111069 
16.565882 96.111069 
16.576057 97.111069 
16.586206 98.111069 
16.596378 99.111069 
16.606565 100.111061 
16.615729 101.111061 
16.624907 102.111061 
16.634063 103.111061 
16.643241 104.111061 
16.652416 105.111061 
16.661571 106.111061 
16.670735 107.111053 
16.679880 108.111053 
16.689034 109.111053 
16.698221 110.111053 
16.707400 111.111053 
16.716573 112.111053 
16.724743 113.111053 
16.732923 114.111046 
16.741087 115.111046 
16.749265 116.111046 
16.757443 117.111046 
16.765652 118.111038 
16.773817 119.111031 
16.781974 120.111031 
16.790131 121.111031 
16.798292 122.111031 
16.806439 123.111023 
16.814592 124.111015 
16.822748 125.111015 
16.829896 126.111015 
16.837051 127.111015 
16.844222 128.111023 
16.851385 129.111023 
16.858546 130.111023 
16.865715 131.111023 
16.872885 132.111023 
16.880056 133.111023 
16.887227 134.111023 
16.894380 135.111023 
16.901548 136.111023 
16.908727 137.111023 
16.915906 138.111023 
16.923053 139.111023 
16.930208 140.111023 
16.937390 141.111023 
16.944573 142.111023 
16.951744 143.111023 
16.957892 144.111023 
16.964057 145.111023 
16.970221 146.111023 
16.976388 147.111023 
16.982546 148.111023 
16.988717 149.111023 
16.994880 150.111023 
17.001051 151.111023 
17.007215 152.111023 
17.013373 153.111023 
17.019544 154.111023 
17.025707 153.111023 
17.031871 152.111023 
17.038063 151.111023 
17.044212 150.111023 
17.050387 149.111023 
17.056549 148.111023 
17.062718 147.111023 
17.068881 146.111023 
17.075036 145.111023 
17.081201 144.111023 
17.087379 143.111023 
17.093543 142.111023 
17.100726 141.111023 
17.107904 140.111023 
17.115067 139.111023 
17.122231 138.111023 
17.129416 137.111023 
17.136563 136.111023 
17.143742 135.111023 
17.150920 134.111023 
17.158103 133.111023 
17.165262 132.111023 
17.172425 131.111023 
17.179597 130.111023 
17.186783 129.111023 
17.193947 128.111023 
17.201111 127.111023 
17.208281 126.111023 
17.215460 125.111023 
17.222638 124.111015 
17.230786 123.111008 
17.238964 122.111008 
17.247143 121.111015 
17.255321 120.111015 
17.263501 119.111023 
17.271679 118.111031 
17.279859 117.111031 
17.288036 116.111038 
17.296208 115.111038 
17.304357 114.111038 
17.312536 113.111038 
17.320693 112.111038 
17.328863 111.111038 
17.338041 110.111038 
17.347206 109.111046 
17.356385 108.111053 
17.365549 107.111053 
17.374727 106.111061 
17.383883 105.111061 
17.393054 104.111061 
17.402242 103.111061 
17.411394 102.111061 
17.420573 101.111061 
17.429745 100.111061 
17.438909 99.111061 
17.449089 98.111061 
17.459268 97.111061 
17.469448 96.111061 
17.479627 95.111069 
17.489792 94.111069 
17.499958 93.111069 
17.510138 92.111069 
17.520319 91.111069 
17.530496 90.111069 
17.541674 89.111069 
17.552884 88.111069 
17.564057 87.111069 
17.575237 86.111069 
17.586413 85.111069 
17.597594 84.111069 
17.608774 83.111069 
17.620939 82.111069 
17.633119 81.111069 
17.645305 80.111069 
17.657465 79.111069 
17.669675 78.111069 
17.681848 77.111069 
17.694029 76.111069 
17.707205 75.111069 
17.720395 74.111069 
17.733575 73.111069 
17.746754 72.111069 
17.759933 71.111069 
17.774112 70.111069 
17.788274 69.111069 
17.802451 68.111069 
17.816628 67.111069 
17.830807 66.111069 
17.845964 65.111069 
17.861144 64.111069 
17.876301 63.111069 
17.891481 62.111073 
17.907637 61.111069 
17.923817 60.111065 
17.939973 59.111065 
17.956152 58.111061 
17.973332 57.111061 
17.990507 56.111061 
18.007684 55.111061 
18.025870 54.111057 
18.044052 53.111061 
18.062246 52.111065 
18.081439 51.111065 
18.100621 50.111065 
18.119794 49.111061 
18.139974 48.111065 
18.160154 47.111065 
18.181371 46.111065 
18.202568 45.111065 
18.224735 44.111065 
18.246916 43.111065 
18.270096 42.111065 
18.293276 41.111065 
18.317456 40.111065 
18.341638 39.111065 
18.366820 38.111065 
18.393009 37.111065 
18.419182 36.111065 
18.446380 35.111065 
18.474545 34.111065 
18.503728 33.111065 
18.533907 32.111065 
18.565120 31.111063 
18.597286 30.111063 
18.630467 29.111065 
18.664648 28.111065 
18.699828 27.111067 
18.736009 26.111069 
18.774187 25.111071 
18.813365 24.111071 
18.854546 23.111071 
18.897728 22.111071 
18.942910 21.111071 
18.990121 20.111071 
19.039326 19.111071 
19.091522 18.111071 
19.146698 17.111071 
19.204895 16.111071 
19.267063 15.111070 
19.333224 14.111070 
19.403383 13.111069 
19.479598 12.111069 
19.561769 11.111069 
19.651969 10.111069 
19.750172 9.111069 
19.859352 8.111069 
19.982545 7.111069 
20.122762 6.111069 
20.286002 5.111069 
20.481221 4.111069 
20.724445 3.111069 
21.045637 2.111069 
21.518823 1.111069 
22.419001 0.111069 
22.832242 1.111069 
23.732427 2.111069 
24.205645 3.111069 
24.526836 4.111069 
24.769999 5.111069 
24.965183 6.111069 
25.128358 7.111069 
25.268547 8.111069 
25.391721 9.111069 
25.500902 10.111069 
25.599083 11.111069 
25.689274 12.111069 
25.771448 13.111069 
25.847630 14.111069 
25.917810 15.111068 
25.983991 16.111069 
26.046171 17.111069 
26.104352 18.111069 
26.159533 19.111069 
26.211712 20.111069 
26.260892 21.111069 
26.308081 22.111069 
26.353256 23.111069 
26.396405 24.111069 
26.437584 25.111071 
26.476764 26.111071 
26.514943 27.111071 
26.551124 28.111071 
26.586312 29.111071 
26.620485 30.111071 
26.653673 31.111071 
26.685838 32.111069 
26.716997 33.111069 
26.747161 34.111069 
26.776312 35.111069 
26.804469 36.111069 
26.831636 37.111069 
26.857817 38.111069 
26.883983 39.111069 
26.909164 40.111069 
26.933345 41.111069 
26.957524 42.111069 
26.980704 43.111069 
27.003883 44.111069 
27.026049 45.111069 
27.048237 46.111069 
27.069402 47.111069 
27.090575 48.111069 
27.110755 49.111069 
27.130914 50.111069 
27.150087 51.111069 
27.169263 52.111069 
27.188433 53.111069 
27.206611 54.111069 
27.224790 55.111065 
27.242969 56.111065 
27.260152 57.111061 
27.277315 58.111061 
27.294492 59.111065 
27.310647 60.111065 
27.326834 61.111061 
27.343005 62.111065 
27.359184 63.111065 
27.374359 64.111069 
27.389523 65.111069 
27.404702 66.111069 
27.419873 67.111069 
27.434051 68.111069 
27.448230 69.111069 
27.462405 70.111069 
27.476579 71.111069 
27.490752 72.111069 
27.503927 73.111069 
27.517075 74.111069 
27.530247 75.111069 
27.543401 76.111069 
27.556620 77.111069 
27.568792 78.111069 
27.580970 79.111069 
27.593149 80.111069 
27.605328 81.111069 
27.617507 82.111069 
27.629687 83.111069 
27.641843 84.111069 
27.653022 85.111069 
27.664200 86.111069 
27.675379 87.111069 
27.686541 88.111069 
27.697687 89.111069 
27.708853 90.111069 
27.720018 91.111069 
27.730177 92.111069 
27.740356 93.111069 
27.750532 94.111069 
27.760721 95.111069 
27.770899 96.111069 
27.781094 97.111069 
27.791262 98.111069 
27.801407 99.111069 
27.811548 100.111061 
27.820702 101.111061 
27.829854 102.111061 
27.838996 103.111061 
27.848175 104.111061 
27.857353 105.111061 
27.866530 106.111061 
27.875705 107.111053 
27.884860 108.111053 
27.903097 109.111053 
27.912270 110.111053 
27.921448 111.111053 
27.930611 112.111053 
27.938773 113.111053 
27.946927 114.111046 
27.955103 115.111046 
27.963267 116.111046 
27.971421 117.111046 
27.979567 118.111038 
27.987706 119.111031 
27.995855 120.111031 
28.004006 121.111031 
28.012184 122.111031 
28.020361 123.111023 
28.028524 124.111015 
28.036676 125.111015 
28.043855 126.111015 
28.051032 127.111015 
28.058211 128.111023 
28.065378 129.111023 
28.072531 130.111023 
28.079677 131.111023 
28.086823 132.111023 
28.093975 133.111023 
28.108184 134.111023 
28.115340 135.111023 
28.122492 136.111023 
28.129644 137.111023 
28.143847 138.111023 
28.151010 139.111023 
28.158164 140.111023 
28.172377 141.111023 
28.179533 142.111023 
28.186686 143.111023 
28.192839 144.111023 
28.198985 145.111023 
28.205122 146.111023 
28.211271 147.111023 
28.217430 148.111023 
28.223605 149.111023 
28.229765 150.111023 
28.235926 151.111023 
28.248136 152.111023 
28.254285 153.111023 
28.260437 154.111023 
28.266575 155.111023 
28.272711 156.111023 
28.278853 157.111023 
28.285005 158.111023 
28.291149 159.111023 
28.297282 160.111023 
28.303425 161.111023 
28.309580 162.111023 
28.315758 163.111023 
28.321921 164.111023 
28.328073 165.111023 
28.334216 166.111023 
28.340359 166.111023 
28.346518 165.111023 
28.352678 164.111023 
28.358829 163.111023 
28.364980 162.111023 
28.371136 161.111023 
28.377313 160.111023 
28.383473 159.111023 
28.389649 158.111023 
28.401862 157.111023 
28.414074 156.111023 
28.420228 155.111023 
28.432430 154.111023 
28.438592 153.111023 
28.444745 152.111023 
28.450889 151.111023 
28.457029 150.111023 
28.463173 149.111023 
28.469351 148.111023 
28.475513 147.111023 
28.481666 146.111023 
28.487820 145.111023 
28.493974 144.111023 
28.500152 143.111023 
28.506268 142.111023 
28.513405 141.111023 
28.520562 140.111023 
28.534765 139.111023 
28.541927 138.111023 
28.556141 137.111023 
28.563301 136.111023 
28.570473 135.111023 
28.577629 134.111023 
28.584782 133.111023 
28.591936 132.111023 
28.599074 131.111023 
28.606206 130.111023 
28.613355 129.111023 
28.620532 128.111023 
28.627677 127.111023 
28.634815 126.111023 
28.641972 125.111023 
28.649127 124.111015 
28.657273 123.111008 
28.665412 122.111008 
28.673569 121.111015 
28.681728 120.111015 
28.689870 119.111023 
28.698010 118.111031 
28.706158 117.111031 
28.714318 116.111038 
28.722451 115.111038 
28.730590 114.111038 
28.738732 113.111038 
28.746908 112.111038 
28.755086 111.111038 
28.764249 110.111038 
28.773401 109.111046 
28.782576 108.111053 
28.791751 107.111053 
28.800907 106.111061 
28.810061 105.111061 
28.819201 104.111061 
28.828350 103.111061 
28.837503 102.111061 
28.846679 101.111061 
28.855841 100.111061 
28.864995 99.111061 
28.875173 98.111061 
28.885328 97.111061 
28.895482 96.111061 
28.905645 95.111069 
28.915799 94.111069 
28.925955 93.111069 
28.936135 92.111069 
28.946280 91.111069 
28.956434 90.111069 
28.967613 89.111069 
28.978777 88.111069 
28.989925 87.111069 
29.001064 86.111069 
29.012208 85.111069 
29.023386 84.111069 
29.034544 83.111069 
29.046697 82.111069 
29.058847 81.111069 
29.070998 80.111069 
29.083154 79.111069 
29.095300 78.111069 
29.107459 77.111069 
29.119637 76.111069 
29.132800 75.111069 
29.145980 74.111069 
29.159158 73.111069 
29.172314 72.111069 
29.185459 71.111069 
29.199610 70.111069 
29.213790 69.111069 
29.227968 68.111069 
29.242147 67.111069 
29.256302 66.111069 
29.271457 65.111069 
29.286635 64.111069 
29.301800 63.111069 
29.316964 62.111073 
29.333121 61.111069 
29.349272 60.111065 
29.365425 59.111065 
29.381603 58.111061 
29.398783 57.111061 
29.415962 56.111061 
29.433150 55.111061 
29.451307 54.111057 
29.469463 53.111061 
29.487627 52.111065 
29.506789 51.111065 
29.525944 50.111065 
29.545126 49.111061 
29.565305 48.111065 
29.585481 47.111065 
29.606667 46.111065 
29.627844 45.111065 
29.650024 44.111065 
29.672204 43.111065 
29.695383 42.111065 
29.718563 41.111065 
29.742719 40.111065 
29.766875 39.111065 
29.792031 38.111065 
29.818189 37.111065 
29.844351 36.111065 
29.871531 35.111065 
29.899711 34.111065 
29.928890 33.111065 
29.959064 32.111065 
29.990248 30.111063 
30.054482 30.111063 
30.087657 29.111065 
30.121837 28.111065 
30.157050 27.111067 
30.193236 26.111069 
30.231394 25.111071 
30.270559 24.111071 
30.311717 23.111071 
30.354875 22.111071 
30.400039 21.111071 
30.447194 20.111071 
30.496375 19.111071 
30.548541 18.111071 
30.603724 17.111071 
30.661916 16.111071 
30.724088 15.111070 
30.790256 14.111070 
30.932520 13.111069 
31.008733 12.111069 
31.090905 11.111069 
31.181068 10.111069 
31.279242 9.111069 
31.388455 8.111069 
31.511632 7.111069 
31.651813 6.111069 
31.814977 5.111069 
32.010144 4.111069 
32.253314 3.111069 
32.574490 2.111069 
33.047668 1.111069 
33.947855 0.111069 
34.361094 1.111069 
35.261274 2.111069 
35.734470 3.111069 
36.055645 4.111069 
36.298816 5.111069 
36.493986 6.111069 
36.657155 7.111069 
36.797326 8.111069 
36.920495 9.111069 
37.029654 10.111069 
37.127812 11.111069 
37.217978 12.111069 
37.300144 13.111069 
37.376309 14.111069 
37.446477 15.111068 
37.512636 16.111069 
37.574795 17.111069 
37.632963 18.111069 
37.688128 19.111069 
37.740293 20.111069 
37.789458 21.111069 
37.836624 22.111069 
37.881791 23.111069 
37.924954 24.111069 
37.966136 25.111071 
38.005302 26.111071 
38.043482 27.111071 
38.079664 28.111071 
38.114846 29.111071 
38.149037 30.111071 
38.182205 31.111071 
38.214353 32.111069 
38.245523 33.111069 
38.275674 34.111069 
38.304837 35.111069 
38.332996 36.111069 
38.360157 37.111069 
38.386323 38.111069 
38.412490 39.111069 
38.437655 40.111069 
38.461828 41.111069 
38.486005 42.111069 
38.509176 43.111069 
38.532358 44.111069 
38.554540 45.111069 
38.576726 46.111069 
38.597884 47.111069 
38.619090 48.111069 
38.639265 49.111069 
38.659422 50.111069 
38.678575 51.111069 
38.697785 52.111069 
38.716944 53.111069 
38.735101 54.111069 
38.753265 55.111065 
38.771425 56.111065 
38.788584 57.111061 
38.805733 58.111061 
38.822899 59.111065 
38.839055 60.111065 
38.855219 61.111061 
38.871384 62.111065 
38.887547 63.111065 
38.902708 64.111069 
38.917872 65.111069 
38.933028 66.111069 
38.948199 67.111069 
38.962359 68.111069 
38.976510 69.111069 
38.990669 70.111069 
39.004827 71.111069 
39.019012 72.111069 
39.032169 73.111069 
39.045323 74.111069 
39.058482 75.111069 
39.071653 76.111069 
39.084811 77.111069 
39.096972 78.111069 
39.109152 79.111069 
39.121324 80.111069 
39.133481 81.111069 
39.145661 82.111069 
39.157837 83.111069 
39.170018 84.111069 
39.181197 85.111069 
39.192379 86.111069 
39.203538 87.111069 
39.214716 88.111069 
39.225888 89.111069 
39.237069 90.111069 
39.248257 91.111069 
39.258418 92.111069 
39.268596 93.111069 
39.278760 94.111069 
39.288915 95.111069 
39.299072 96.111069 
39.309222 97.111069 
39.319368 98.111069 
39.329522 99.111069 
39.339679 100.111061 
39.348835 101.111061 
39.357985 102.111061 
39.367147 103.111061 
39.376296 104.111061 
39.385452 105.111061 
39.394615 106.111061 
39.403772 107.111053 
39.412920 108.111053 
39.422076 109.111053 
39.431233 110.111053 
39.440381 111.111053 
39.449547 112.111053 
39.457719 113.111053 
39.465877 114.111046 
39.474044 115.111046 
39.482202 116.111046 
39.490381 117.111046 
39.498538 118.111038 
39.506706 119.111031 
39.514862 120.111031 
39.523027 121.111031 
39.539235 122.111031 
39.547399 123.111023 
39.555575 124.111015 
39.563751 125.111015 
39.570930 126.111015 
39.578109 127.111015 
39.585270 128.111023 
39.592428 129.111023 
39.599606 130.111023 
39.606784 131.111023 
39.613962 132.111023 
39.628177 133.111023 
39.635350 134.111023 
39.642526 135.111023 
39.649678 136.111023 
39.656834 137.111023 
39.664004 138.111023 
39.671161 139.111023 
39.685377 140.111023 
39.692541 141.111023 
39.699698 142.111023 
39.706869 143.111023 
39.720086 144.111023 
39.726282 145.111023 
39.738483 146.111023 
39.744662 147.111023 
39.750841 148.111023 
39.757020 149.111023 
39.769245 150.111023 
39.781484 151.111023 
39.787654 152.111023 
39.793810 153.111023 
39.806026 154.111023 
39.812205 155.111023 
39.818381 156.111023 
39.824542 157.111023 
39.836758 158.111023 
39.842936 159.111023 
39.849091 160.111023 
39.855270 161.111023 
39.867495 162.111023 
39.873649 163.111023 
39.879828 164.111023 
39.886006 165.111023 
39.898213 166.111023 
39.904384 167.111023 
39.909545 167.111023 
39.914724 166.111023 
39.920896 165.111023 
39.927052 164.111023 
39.933199 163.111023 
39.945415 162.111023 
39.957630 161.111023 
39.963786 160.111023 
39.969964 159.111023 
39.976122 158.111023 
39.982276 157.111023 
39.988465 156.111023 
39.994629 155.111023 
40.000807 154.111023 
40.006978 153.111023 
40.019201 152.111023 
40.025350 151.111023 
40.031514 150.111023 
40.043722 149.111023 
40.049902 148.111023 
40.056057 147.111023 
40.068271 146.111023 
40.080485 145.111023 
40.086633 144.111023 
40.092789 143.111023 
40.105004 142.111023 
40.112175 141.111023 
40.119345 140.111023 
40.126498 139.111023 
40.133666 138.111023 
40.140823 137.111023 
40.147971 136.111023 
40.162185 135.111023 
40.169352 134.111023 
40.176541 133.111023 
40.183720 132.111023 
40.197943 131.111023 
40.205108 130.111023 
40.212287 129.111023 
40.219466 128.111023 
40.233679 127.111023 
40.240857 126.111023 
40.248036 125.111023 
40.263251 124.111015 
40.271410 123.111008 
40.279588 122.111008 
40.287753 121.111015 
40.295932 120.111015 
40.304088 119.111023 
40.312252 118.111031 
40.328476 117.111031 
40.336642 116.111038 
40.344813 115.111038 
40.352967 114.111038 
40.361113 113.111038 
40.369277 112.111038 
40.377455 111.111038 
40.386618 110.111038 
40.395774 109.111046 
40.404945 108.111053 
40.414105 107.111053 
40.423265 106.111061 
40.432429 105.111061 
40.441608 104.111061 
40.450786 103.111061 
40.459964 102.111061 
40.469121 101.111061 
40.478278 100.111061 
40.487426 99.111061 
40.497583 98.111061 
40.507741 97.111061 
40.517890 96.111061 
40.528056 95.111069 
40.538213 94.111069 
40.548363 93.111069 
40.558517 92.111069 
40.568674 91.111069 
40.578824 90.111069 
40.589989 89.111069 
40.601170 88.111069 
40.612327 87.111069 
40.623499 86.111069 
40.634658 85.111069 
40.645817 84.111069 
40.656973 83.111069 
40.669120 82.111069 
40.681286 81.111069 
40.693466 80.111069 
40.705623 79.111069 
40.717777 78.111069 
40.729926 77.111069 
40.742083 76.111069 
40.755249 75.111069 
40.768429 74.111069 
40.781611 73.111069 
40.794761 72.111069 
40.807952 71.111069 
40.822118 70.111069 
40.836291 69.111069 
40.850446 68.111069 
40.864610 67.111069 
40.878782 66.111069 
40.893948 65.111069 
40.909128 64.111069 
40.924308 63.111069 
40.939489 62.111073 
40.955647 61.111069 
40.971805 60.111065 
40.987970 59.111065 
41.004150 58.111061 
41.021304 57.111061 
41.038450 56.111061 
41.055613 55.111061 
41.073772 54.111057 
41.091952 53.111061 
41.110118 52.111065 
41.129297 51.111065 
41.148456 50.111065 
41.167613 49.111061 
41.187802 48.111065 
41.207962 47.111065 
41.229120 46.111065 
41.250278 45.111065 
41.272437 44.111065 
41.294595 43.111065 
41.317745 42.111065 
41.340905 41.111065 
41.365064 40.111065 
41.389223 39.111065 
41.414380 38.111065 
41.440529 37.111065 
41.466687 36.111065 
41.493845 35.111065 
41.522004 34.111065 
41.551162 33.111065 
41.581351 32.111065 
41.612527 31.111063 
41.644708 30.111063 
41.677891 29.111065 
41.712081 28.111065 
41.747242 27.111067 
41.783400 26.111069 
41.821607 25.111071 
41.860789 24.111071 
41.901969 23.111071 
41.945135 22.111071 
41.990316 21.111071 
42.037496 20.111071 
42.086724 19.111071 
42.138906 18.111071 
42.194088 17.111071 
42.252270 16.111071 
42.314447 15.111070 
42.380627 14.111070 
42.450806 13.111069 
42.527007 12.111069 
42.609231 11.111069 
42.699398 10.111069 
42.797600 9.111069 
42.906784 8.111069 
43.029994 7.111069 
43.170196 6.111069 
43.333399 5.111069 
43.528578 4.111069 
43.771772 3.111069 
44.092951 2.111069 
44.566129 1.111069 
45.466316 0.111069 
45.879613 1.111069 
46.779815 2.111069 
47.253010 3.111069 
47.574183 4.111069 
47.817358 5.111069 
48.012542 6.111069 
48.175730 7.111069 
48.315908 8.111069 
48.439089 9.111069 
48.548281 10.111069 
48.646455 11.111069 
48.736635 12.111069 
48.818812 13.111069 
48.894992 14.111069 
48.965173 15.111068 
49.031354 16.111069 
49.093535 17.111069 
49.151715 18.111069 
49.206881 19.111069 
49.259063 20.111069 
49.308243 21.111069 
49.355424 22.111069 
49.400605 23.111069 
49.443788 24.111069 
49.484971 25.111071 
49.524122 26.111071 
49.562303 27.111071 
49.598484 28.111071 
49.633643 29.111071 
49.667817 30.111071 
49.700983 31.111071 
49.733176 32.111069 
49.764334 33.111069 
49.794492 34.111069 
49.823650 35.111069 
49.851807 36.111069 
49.878967 37.111069 
49.905147 38.111069 
49.931327 39.111069 
49.956508 40.111069 
49.980689 41.111069 
50.004862 42.111069 
50.028022 43.111069 
50.051203 44.111069 
50.073384 45.111069 
50.095566 46.111069 
50.116758 47.111069 
50.137940 48.111069 
50.158122 49.111069 
50.178279 50.111069 
50.197461 51.111069 
50.216642 52.111069 
50.235802 53.111069 
50.253971 54.111069 
50.290188 55.111065 
50.325407 56.111065 
50.342587 57.111061 
50.359767 58.111061 
50.376947 59.111065 
50.393127 60.111065 
50.409306 61.111061 
50.425471 62.111065 
50.441635 63.111065 
50.472851 64.111069 
50.488016 65.111069 
50.503180 66.111069 
50.532395 67.111069 
50.546556 68.111069 
50.560736 69.111069 
50.574914 70.111069 
50.589078 71.111069 
50.616294 72.111069 
50.629449 73.111069 
50.655663 74.111069 
50.668843 75.111069 
50.682022 76.111069 
50.695203 77.111069 
50.707383 78.111069 
50.719542 79.111069 
50.731722 80.111069 
50.743901 81.111069 
50.768116 82.111069 
50.780273 83.111069 
50.803488 84.111069 
50.814653 85.111069 
50.825806 86.111069 
50.836957 87.111069 
50.859172 88.111069 
50.870335 89.111069 
50.881478 90.111069 
50.892628 91.111069 
50.902785 92.111069 
50.912966 93.111069 
50.933182 94.111069 
50.953399 95.111069 
50.963553 96.111069 
50.973734 97.111069 
50.993965 98.111069 
51.014181 99.111069 
51.033392 100.111061 
51.042572 101.111061 
51.060771 102.111061 
51.069946 103.111061 
51.079100 104.111061 
51.097307 105.111061 
51.115520 106.111061 
51.133736 107.111053 
51.151943 108.111053 
51.170155 109.111053 
51.188386 110.111053 
51.197550 111.111053 
51.214766 112.111053 
51.231980 113.111053 
51.249195 114.111046 
51.266407 115.111046 
51.283616 116.111046 
51.300835 117.111046 
51.318049 118.111038 
51.335256 119.111031 
51.352468 120.111031 
51.369682 121.111031 
51.386896 122.111031 
51.404108 123.111023 
51.421314 124.111015 
51.429469 125.111015 
51.444685 126.111015 
51.459896 127.111015 
51.475125 128.111023 
51.490333 129.111023 
51.497496 130.111023 
51.511704 131.111023 
51.525914 132.111023 
51.533094 133.111023 
51.547301 134.111023 
51.554462 135.111023 
51.561624 136.111023 
51.575840 137.111023 
51.590057 138.111023 
51.604257 139.111023 
51.618471 140.111023 
51.625618 141.111023 
51.639833 142.111023 
51.653050 143.111023 
51.666290 144.111023 
51.679506 145.111023 
51.692734 146.111023 
51.698914 147.111023 
51.711140 148.111023 
51.723342 149.111023 
51.735558 150.111023 
51.747773 151.111023 
51.753952 152.111023 
51.766168 153.111023 
51.778381 154.111023 
51.784536 155.111023 
51.796759 156.111023 
51.808975 157.111023 
51.815132 158.111023 
51.827340 159.111023 
51.839556 160.111023 
51.845721 161.111023 
51.857942 162.111023 
51.870158 163.111023 
51.882372 164.111023 
51.888534 165.111023 
51.900742 166.111023 
51.912951 167.111023 
51.924177 168.111023 
51.929337 169.111023 
51.939542 170.111023 
51.949763 171.111023 
51.959969 172.111023 
51.970191 173.111023 
51.980405 174.111023 
51.990619 175.111023 
51.995800 176.111023 
52.006023 177.111023 
52.016229 178.111023 
52.021387 179.111023 
52.031610 180.111023 
52.041834 181.111008 
52.052084 182.111008 
52.062290 183.111008 
52.072530 184.111008 
52.082765 185.111008 
52.087940 186.111008 
52.098175 187.111008 
52.108411 188.111008 
52.113585 189.111008 
52.118778 190.111008 
52.128987 190.111008 
52.139219 189.111008 
52.144401 188.111008 
52.154625 187.111008 
52.164848 186.111008 
52.170024 185.111008 
52.180259 184.111008 
52.190490 183.111008 
52.195664 182.111008 
52.205905 181.111008 
52.211088 180.111008 
52.221310 179.111008 
52.231529 178.111008 
52.241732 177.111008 
52.251952 176.111008 
52.262170 175.111008 
52.272378 174.111008 
52.282611 173.111008 
52.292846 172.111008 
52.298030 171.111008 
52.308264 170.111008 
52.318481 169.111008 
52.323666 168.111008 
52.333895 167.111008 
52.339076 166.111008 
52.345251 165.111008 
52.351414 164.111008 
52.357594 163.111008 
52.363749 162.111008 
52.375983 161.111008 
52.382158 160.111008 
52.394389 159.111008 
52.400563 158.111008 
52.412773 157.111008 
52.418952 156.111008 
52.425124 155.111008 
52.437343 154.111008 
52.443517 153.111008 
52.455753 152.111008 
52.467973 151.111008 
52.474148 150.111008 
52.486372 149.111008 
52.492545 148.111008 
52.504770 147.111008 
52.510945 146.111008 
52.523147 145.111008 
52.535372 144.111008 
52.541535 143.111008 
52.554737 142.111008 
52.561913 141.111008 
52.576139 140.111008 
52.590355 139.111008 
52.597538 138.111008 
52.611756 137.111008 
52.618932 136.111008 
52.633159 135.111008 
52.647361 134.111008 
52.654536 133.111008 
52.668772 132.111008 
52.682998 131.111008 
52.697214 130.111008 
52.711432 129.111008 
52.725649 128.111008 
52.739867 127.111008 
52.754086 126.111008 
52.761238 125.111008 
52.776475 124.111000 
52.784645 123.111000 
52.792797 122.111008 
52.809022 121.111015 
52.817199 120.111015 
52.833400 119.111023 
52.849619 118.111031 
52.865845 117.111031 
52.882063 116.111038 
52.890279 115.111038 
52.898460 114.111038 
52.906632 113.111038 
52.914809 112.111038 
52.922984 111.111038 
52.940203 110.111038 
52.949378 109.111046 
52.967595 108.111053 
52.976763 107.111053 
52.994992 106.111061 
53.013219 105.111061 
53.022391 104.111061 
53.031564 103.111061 
53.040732 102.111061 
53.049907 101.111061 
53.068131 100.111061 
53.077308 99.111061 
53.096534 98.111061 
53.106703 97.111061 
53.126927 96.111061 
53.137102 95.111069 
53.157326 94.111069 
53.167494 93.111069 
53.187719 92.111069 
53.197896 91.111069 
53.219114 90.111069 
53.230316 89.111069 
53.252532 88.111069 
53.263698 87.111069 
53.285952 86.111069 
53.297186 85.111069 
53.308400 84.111069 
53.330682 83.111069 
53.353921 82.111069 
53.366099 81.111069 
53.378280 80.111069 
53.402536 79.111069 
53.414710 78.111069 
53.426872 77.111069 
53.439034 76.111069 
53.452191 75.111069 
53.478393 74.111069 
53.491544 73.111069 
53.504712 72.111069 
53.531947 71.111069 
53.546123 70.111069 
53.560276 69.111069 
53.574442 68.111069 
53.588593 67.111069 
53.617827 66.111069 
53.633030 65.111069 
53.663269 64.111069 
53.693491 63.111069 
53.708668 62.111073 
53.724858 61.111069 
53.757085 60.111065 
53.773237 59.111065 
53.806474 58.111061 
53.823644 57.111061 
53.840821 56.111061 
53.876032 55.111061 
53.894202 54.111057 
53.912414 53.111061 
53.930594 52.111065 
53.949771 51.111065 
53.968956 50.111065 
53.988127 49.111061 
54.027362 48.111065 
54.047540 47.111065 
54.068726 46.111065 
54.089896 45.111065 
54.112066 44.111065 
54.157293 43.111065 
54.180469 42.111065 
54.203640 41.111065 
54.227818 40.111065 
54.251988 39.111065 
54.277161 38.111065 
54.303384 37.111065 
54.329564 36.111065 
54.356743 35.111065 
54.384921 34.111065 
54.414090 33.111065 
54.444254 32.111065 
54.475432 31.111063 
54.507602 30.111063 
54.540772 29.111065 
54.574943 28.111065 
54.610121 27.111067 
54.646275 26.111069 
54.684486 25.111071 
54.723668 24.111071 
54.764846 23.111071 
54.808017 22.111071 
54.853195 21.111071 
54.900364 20.111071 
54.949534 19.111071 
55.001689 18.111071 
55.111914 17.111071 
55.170089 16.111071 
55.232268 15.111070 
55.298441 14.111070 
55.368633 13.111069 
55.444826 12.111069 
55.526996 11.111069 
55.617174 10.111069 
55.715395 9.111069 
55.824584 8.111069 
55.947762 7.111069 
56.087940 6.111069 
56.251135 5.111069 
56.446322 4.111069 
56.689508 3.111069 
57.010685 2.111069 
58.231906 1.111069 
59.132125 2.111069 
59.605333 3.111069 
59.927482 4.111069 
60.170666 5.111069 
60.365850 6.111069 
60.529024 7.111069 
60.669191 8.111069 
60.792352 9.111069 
60.901524 10.111069 
60.999712 11.111069 
61.089890 12.111069 
61.172078 13.111069 
61.248249 14.111069 
61.390480 15.111068 
61.532697 16.111069 
61.666921 17.111069 
61.725109 18.111069 
61.780294 19.111069 
61.832468 20.111069 
61.881647 21.111069 
61.928812 22.111069 
61.973992 23.111069 
62.060206 24.111069 
62.101385 25.111071 
62.140563 26.111071 
62.178740 27.111071 
62.251968 28.111071 
62.287146 29.111071 
62.355389 30.111071 
62.388552 31.111071 
62.420732 32.111069 
62.482955 33.111069 
62.513126 34.111069 
62.542296 35.111069 
62.570450 36.111069 
62.597628 37.111069 
62.623800 38.111069 
62.649970 39.111069 
62.700209 40.111069 
62.724379 41.111069 
62.748556 42.111069 
62.795793 43.111069 
62.818971 44.111069 
62.841124 45.111069 
62.884361 46.111069 
62.927583 47.111069 
62.948753 48.111069 
62.968919 49.111069 
62.989097 50.111069 
63.028338 51.111069 
63.067574 52.111069 
63.086743 53.111069 
63.104912 54.111069 
63.141148 55.111065 
63.159318 56.111065 
63.194556 57.111061 
63.211733 58.111061 
63.228903 59.111065 
63.262126 60.111065 
63.278299 61.111061 
63.294447 62.111065 
63.310627 63.111065 
63.325783 64.111069 
63.356001 65.111069 
63.386220 66.111069 
63.415445 67.111069 
63.444664 68.111069 
63.458840 69.111069 
63.487051 70.111069 
63.515268 71.111069 
63.542488 72.111069 
63.569722 73.111069 
63.582904 74.111069 
63.609134 75.111069 
63.635342 76.111069 
63.660558 77.111069 
63.672742 78.111069 
63.684925 79.111069 
63.697106 80.111069 
63.721324 81.111069 
63.745542 82.111069 
63.769761 83.111069 
63.792998 84.111069 
63.816216 85.111069 
63.827395 86.111069 
63.849599 87.111069 
63.871817 88.111069 
63.894039 89.111069 
63.916257 90.111069 
63.927414 91.111069 
63.937578 92.111069 
63.957810 93.111069 
63.978026 94.111069 
63.988183 95.111069 
64.008382 96.111069 
64.018533 97.111069 
64.038755 98.111069 
64.058967 99.111069 
64.078181 100.111061 
64.097396 101.111061 
64.106560 102.111061 
64.124776 103.111061 
64.142993 104.111061 
64.161205 105.111061 
64.179417 106.111061 
64.188598 107.111053 
64.206800 108.111053 
64.225010 109.111053 
64.234190 110.111053 
64.252399 111.111053 
64.269601 112.111053 
64.286810 113.111053 
64.304035 114.111046 
64.321252 115.111046 
64.329431 116.111046 
64.345641 117.111046 
64.361865 118.111038 
64.378087 119.111031 
64.394315 120.111031 
64.410524 121.111031 
64.426735 122.111031 
64.442954 123.111023 
64.451119 124.111015 
64.466344 125.111015 
64.473505 126.111015 
64.487735 127.111015 
64.501958 128.111023 
64.509122 129.111023 
64.523352 130.111023 
64.537567 131.111023 
64.551800 132.111023 
64.566017 133.111023 
64.573198 134.111023 
64.587428 135.111023 
64.601640 136.111023 
64.615864 137.111023 
64.630076 138.111023 
64.644295 139.111023 
64.651447 140.111023 
64.665669 141.111023 
64.679893 142.111023 
64.693114 143.111023 
64.706349 144.111023 
64.712524 145.111023 
64.724744 146.111023 
64.736979 147.111023 
64.749212 148.111023 
64.761437 149.111023 
64.773653 150.111023 
64.785878 151.111023 
64.798095 152.111023 
64.804251 153.111023 
64.816481 154.111023 
64.828704 155.111023 
64.834865 156.111023 
64.847082 157.111023 
64.859291 158.111023 
64.871497 159.111023 
64.883722 160.111023 
64.895945 161.111023 
64.908177 162.111023 
64.920385 163.111023 
64.926534 164.111023 
64.938766 165.111023 
64.950983 166.111023 
64.962193 167.111023 
64.973420 168.111023 
64.984635 169.111023 
64.995835 170.111023 
65.007059 171.111023 
65.018292 172.111023 
65.029501 173.111023 
65.040709 174.111023 
65.045867 175.111023 
65.056068 176.111023 
65.066291 177.111023 
65.076510 178.111023 
65.086710 179.111023 
65.096919 180.111023 
65.107144 181.111008 
65.117345 182.111008 
65.127552 183.111008 
65.137761 184.111008 
65.147962 185.111008 
65.158186 186.111008 
65.168404 187.111008 
65.178604 188.111008 
65.188822 189.111008 
65.199055 190.111008 
65.209256 191.111008 
65.219463 192.111008 
65.229689 193.111008 
65.239899 194.111008 
65.250123 195.111008 
65.260341 196.110992 
65.270541 197.110992 
65.280766 198.110992 
65.290992 199.110992 
65.300192 200.110992 
65.309424 201.110992 
65.318660 202.110992 
65.327874 203.110992 
65.337106 204.110992 
65.346328 205.110992 
65.355533 206.110992 
65.364767 207.110992 
65.373997 208.110992 
65.383212 208.110992 
65.392413 207.110992 
65.401629 206.110992 
65.410854 205.110992 
65.420089 204.110992 
65.429322 203.110992 
65.438544 202.110992 
65.447770 201.110992 
65.457003 200.110992 
65.467227 199.110992 
65.477452 198.110992 
65.487677 197.110992 
65.497902 196.110992 
65.508121 195.110992 
65.518291 194.110992 
65.523458 193.110992 
65.533639 192.110992 
65.543839 191.110992 
65.554033 190.110992 
65.564215 189.110992 
65.574411 188.110992 
65.579580 187.110992 
65.589798 186.110992 
65.600007 185.110992 
65.610215 184.110992 
65.620436 183.110992 
65.630655 182.110992 
65.640863 181.110992 
65.651089 180.110992 
65.661307 179.110992 
65.671531 178.110992 
65.681756 177.110992 
65.691974 176.110992 
65.702199 175.110992 
65.712417 174.110992 
65.722642 173.110992 
65.732844 172.110992 
65.743068 171.110992 
65.753278 170.110992 
65.763502 169.110992 
65.773720 168.110992 
65.783930 167.110992 
65.789112 166.110992 
65.800337 165.110992 
65.811554 164.110992 
65.822757 163.110992 
65.833974 162.110992 
65.845205 161.110992 
65.856430 160.110992 
65.867647 159.110992 
65.878872 158.110992 
65.890130 157.110992 
65.901349 156.110992 
65.912557 155.110992 
65.923772 154.110992 
65.934990 153.110992 
65.946200 152.110992 
65.957416 151.110992 
65.968633 150.110992 
65.979847 149.110992 
65.991071 147.110992 
66.002312 147.110992 
66.013534 146.110992 
66.024784 145.110992 
66.030948 144.110992 
66.037124 143.110992 
66.050339 142.110992 
66.063554 141.110992 
66.076762 140.110992 
66.089986 139.110992 
66.103218 138.110992 
66.116450 137.110992 
66.129651 136.110992 
66.142869 135.110992 
66.156102 134.110992 
66.169326 133.110992 
66.182555 132.110992 
66.189737 131.110992 
66.203971 130.110992 
66.218191 129.110992 
66.232412 128.110992 
66.246644 127.110992 
66.260869 126.110992 
66.275104 125.110992 
66.290336 124.110985 
66.305558 123.110985 
66.313735 122.110992 
66.329971 121.111000 
66.338125 120.111000 
66.354350 119.111008 
66.362529 118.111015 
66.378729 117.111023 
66.394956 116.111023 
66.411193 115.111023 
66.427429 114.111023 
66.435621 113.111031 
66.451842 112.111023 
66.469070 111.111031 
66.486276 110.111031 
66.503478 109.111031 
66.520699 108.111031 
66.537951 107.111031 
66.547132 106.111023 
66.556310 105.111023 
66.574536 104.111023 
66.583687 103.111023 
66.601914 102.111031 
66.620134 101.111031 
66.638359 100.111023 
66.647527 99.111023 
66.666751 98.111023 
66.676903 97.111023 
66.697133 96.111023 
66.707287 95.111023 
66.727516 94.111023 
66.737673 93.111023 
66.757896 92.111023 
66.768050 91.111023 
66.789271 90.111023 
66.810475 89.111023 
66.821646 88.111023 
66.843849 87.111023 
66.866077 86.111023 
66.888301 85.111023 
66.910525 84.111023 
66.933729 83.111023 
66.945901 82.111023 
66.970079 81.111023 
66.982269 80.111023 
67.006492 79.111023 
67.018673 78.111023 
67.042895 77.111023 
67.068134 76.111023 
67.081306 75.111023 
67.094481 74.111023 
67.107632 73.111023 
67.120811 72.111023 
67.148035 71.111023 
67.175290 70.111023 
67.189472 69.111023 
67.203651 68.111023 
67.217829 67.111023 
67.247035 66.111023 
67.276239 65.111023 
67.291392 64.111023 
67.321613 63.111023 
67.336791 62.111019 
67.368021 61.111019 
67.384182 60.111019 
67.416397 59.111015 
67.432574 58.111019 
67.465804 57.111019 
67.482977 56.111019 
67.518209 55.111019 
67.553411 54.111019 
67.571566 53.111023 
67.589760 52.111023 
67.626994 51.111027 
67.664227 50.111023 
67.702445 49.111023 
67.722600 48.111023 
67.742779 47.111019 
67.763962 46.111019 
67.807169 45.111019 
67.850389 44.111019 
67.872566 43.111019 
67.917788 42.111019 
67.940959 41.111019 
67.988197 40.111019 
68.012376 39.111019 
68.037560 38.111019 
68.088801 37.111019 
68.114974 36.111019 
68.142154 35.111019 
68.198424 34.111019 
68.227608 33.111019 
68.257787 32.111019 
68.319991 31.111019 
68.352151 30.111019 
68.385312 29.111019 
68.453549 28.111019 
68.488747 27.111019 
68.524920 26.111019 
68.600161 25.111019 
68.639342 24.111019 
68.680514 23.111019 
68.764736 22.111019 
68.809917 21.111019 
68.904123 20.111019 
68.953293 19.111019 
69.005473 18.111019 
69.060659 17.111019 
69.118839 16.111019 
69.181018 15.111019 
69.247195 14.111020 
69.317382 13.111020 
69.393569 12.111020 
69.475797 11.111020 
69.566052 10.111020 
69.664244 9.111020 
69.773416 8.111020 
69.896595 7.111020 
70.036799 6.111021 
70.199981 5.111021 
70.395195 4.111021 
70.638406 3.111021 
70.959589 2.111021 
71.432776 1.111021 
72.332962 0.111021 
72.750217 1.111021 
73.650420 2.111021 
74.123610 3.111021 
74.444805 4.111021 
74.687992 5.111021 
74.883175 6.111021 
75.046350 7.111021 
75.332570 8.111021 
75.604814 9.111021 
75.714014 10.111021 
75.812195 11.111021 
75.992414 12.111021 
76.166635 13.111020 
76.334864 14.111020 
76.405042 15.111019 
76.537272 16.111019 
76.665492 17.111019 
76.723672 18.111019 
76.778838 19.111019 
76.883069 20.111019 
76.932248 21.111019 
76.979427 22.111019 
77.024605 23.111019 
77.110844 24.111019 
77.152015 25.111019 
77.231238 26.111019 
77.269411 27.111019 
77.342640 28.111019 
77.414864 29.111019 
77.486088 30.111019 
77.519267 31.111019 
77.583491 32.111019 
77.646715 33.111019 
77.708939 34.111019 
77.738112 35.111019 
77.794325 36.111019 
77.849548 37.111019 
77.904772 38.111019 
77.930952 39.111019 
77.981175 40.111019 
78.031407 41.111019 
78.080653 42.111019 
78.129885 43.111019 
78.178110 44.111019 
78.226335 45.111019 
78.273549 46.111019 
78.320782 47.111019 
78.341948 48.111019 
78.383173 49.111015 
78.423419 50.111015 
78.463639 51.111015 
78.482810 52.111015 
78.520046 53.111015 
78.557267 54.111015 
78.594507 55.111015 
78.630712 56.111019 
78.666950 57.111019 
78.703188 58.111019 
78.738404 59.111015 
78.754570 60.111019 
78.770750 61.111019 
78.802998 62.111019 
78.834236 63.111019 
78.865484 64.111023 
78.896740 65.111023 
78.927979 66.111023 
78.958207 67.111023 
78.972382 68.111023 
79.000601 69.111023 
79.028835 70.111023 
79.057057 71.111023 
79.084273 72.111023 
79.111487 73.111023 
79.138726 74.111023 
79.165943 75.111023 
79.193166 76.111023 
79.219390 77.111023 
79.245612 78.111023 
79.271834 79.111023 
79.298055 80.111023 
79.324260 81.111023 
79.350486 82.111023 
79.376706 83.111023 
79.401950 84.111023 
79.427173 85.111023 
79.452418 86.111023 
79.463585 87.111023 
79.485800 88.111023 
79.496980 89.111023 
79.519205 90.111023 
79.540431 91.111023 
79.561650 92.111023 
79.582876 93.111023 
79.604103 94.111023 
79.614265 95.111023 
79.634489 96.111023 
79.654703 97.111023 
79.674930 98.111023 
79.695157 99.111023 
79.714367 100.111023 
79.723539 101.111023 
79.741750 102.111031 
79.759968 103.111031 
79.778194 104.111031 
79.796412 105.111031 
79.814636 106.111023 
79.832846 107.111023 
79.851066 108.111031 
79.869282 109.111031 
79.887497 110.111031 
79.905715 111.111031 
79.922925 112.111023 
79.940150 113.111031 
79.957374 114.111038 
79.974585 115.111038 
79.982755 116.111038 
79.998986 117.111031 
80.015203 118.111031 
80.031420 119.111031 
80.047644 120.111031 
80.063867 121.111031 
80.080082 122.111031 
80.096298 123.111023 
80.112523 125.111015 
80.127747 125.111015 
80.142972 126.111015 
80.158189 127.111015 
80.173405 128.111023 
80.188629 129.111023 
80.203846 130.111023 
80.219064 131.111023 
80.234314 132.111023 
80.249533 133.111023 
80.264750 134.111023 
80.279966 135.111023 
80.295182 136.111023 
80.310382 137.111023 
80.317544 138.111023 
80.331764 139.111023 
80.345975 140.111023 
80.360193 141.111023 
80.374397 142.111023 
80.387611 143.111023 
80.400829 144.111023 
80.414047 145.111023 
80.427269 146.111023 
80.440483 147.111023 
80.453717 148.111023 
80.466927 149.111023 
80.480144 150.111023 
80.493362 151.111023 
80.506576 152.111023 
80.519787 153.111023 
80.533001 154.111023 
80.546214 155.111023 
80.559420 156.111023 
80.572647 157.111023 
80.585862 158.111023 
80.599086 159.111023 
80.612305 160.111023 
80.625529 161.111023 
80.638755 162.111023 
80.651982 163.111023 
80.665206 164.111023 
80.678413 165.111023 
80.691637 166.111023 
80.703863 167.111023 
80.716082 168.111023 
80.728309 169.111023 
80.740523 170.111023 
80.752748 171.111023 
80.764959 172.111023 
80.777185 173.111023 
80.789380 174.111023 
80.801591 175.111023 
80.813816 176.111023 
80.826032 177.111023 
80.838273 178.111023 
80.850482 179.111023 
80.862681 180.111023 
80.874900 181.111008 
80.887126 182.111008 
80.899346 183.111008 
80.911573 184.111008 
80.923776 185.111008 
80.936001 186.111008 
80.948228 187.111008 
80.960438 188.111008 
80.972666 189.111008 
80.984884 190.111008 
80.997088 191.111008 
81.009315 192.111008 
81.021547 193.111008 
81.033781 194.111008 
81.045983 195.111008 
81.058202 196.110992 
81.070419 197.110992 
81.082644 198.110992 
81.094870 199.110992 
81.106083 200.110992 
81.117301 201.110992 
81.128536 202.110992 
81.139770 203.110992 
81.151004 204.110992 
81.162246 205.110992 
81.173483 206.110992 
81.184720 207.110992 
81.195945 208.110992 
81.207180 209.110992 
81.218411 210.110992 
81.229609 211.111008 
81.240829 212.111008 
81.252072 213.111023 
81.263292 214.111023 
81.274509 215.111023 
81.285716 216.111023 
81.296942 217.111023 
81.308160 218.111008 
81.319406 219.111008 
81.330638 220.110992 
81.341873 221.110992 
81.353083 222.110992 
81.364294 223.110977 
81.375520 224.110962 
81.386745 225.110962 
81.397956 226.110962 
81.409184 227.110962 
81.420408 227.110962 
81.431617 227.110962 
81.442820 226.110962 
81.454039 225.110962 
81.465265 224.110962 
81.476486 223.110962 
81.487704 222.110962 
81.498915 221.110977 
81.510130 220.110977 
81.521347 219.110992 
81.532553 218.110992 
81.543771 217.110992 
81.554984 216.110977 
81.566187 215.110977 
81.577384 214.110977 
81.588600 213.110977 
81.599814 212.110977 
81.611030 211.110977 
81.622244 209.110992 
81.633472 209.110992 
81.644687 208.110992 
81.655934 207.110992 
81.660107 206.110992 
81.668216 204.110992 
81.676325 204.110992 
81.684419 203.110992 
81.692532 202.110992 
81.700644 201.110992 
81.708748 200.110992 
81.717848 199.110992 
81.726958 198.110992 
81.736068 197.110992 
81.745166 196.110992 
81.754309 195.110992 
81.763441 194.110992 
81.772553 193.110992 
81.781683 192.110992 
81.790813 191.110992 
81.799942 190.110992 
81.809039 189.110992 
81.818169 188.110992 
81.827284 187.110992 
81.836405 186.110992 
81.845520 185.110992 
81.854648 184.110992 
81.863777 183.110992 
81.872899 182.110992 
81.882027 181.110992 
81.891155 180.110992 
81.900252 179.110992 
81.909366 178.110992 
81.918493 177.110992 
81.927590 176.110992 
81.936711 175.110992 
81.945833 174.110992 
81.954955 173.110992 
81.964071 172.110992 
81.973193 171.110992 
81.982275 169.110992 
81.991375 169.110992 
82.000490 168.110992 
82.009611 167.110992 
82.019742 166.110992 
82.029865 165.110992 
82.039988 164.110992 
82.050119 163.110992 
82.056294 162.110992 
82.068518 160.110992 
82.080744 160.110992 
82.092962 159.110992 
82.105179 158.110992 
82.117378 157.110992 
82.129613 155.110992 
82.141832 155.110992 
82.154055 154.110992 
82.166309 153.110992 
82.172480 152.110992 
82.184600 151.110992 
82.196720 150.110992 
82.208841 149.110992 
82.220962 148.110992 
82.233083 147.110992 
82.245197 146.110992 
82.257318 145.110992 
82.269432 144.110992 
82.281553 143.110992 
82.294672 142.110992 
82.307792 141.110992 
82.320915 140.110992 
82.334045 139.110992 
82.347174 138.110992 
82.360275 137.110992 
82.373405 136.110992 
82.386537 135.110992 
82.399650 134.110992 
82.412764 133.110992 
82.425892 132.110992 
82.439012 131.110992 
82.452142 130.110992 
82.465270 129.110992 
82.478396 128.110992 
82.491513 127.110992 
82.504633 126.110992 
82.517747 125.110992 
82.531876 124.110985 
82.545991 123.110985 
82.560129 122.110992 
82.568306 121.111000 
82.584532 119.111008 
82.600749 119.111008 
82.617062 118.111015 
82.633296 117.111023 
82.649516 116.111023 
82.665723 115.111023 
82.681984 114.111023 
82.690142 113.111031 
82.698291 112.111023 
82.715499 111.111031 
82.724657 110.111031 
82.742861 109.111031 
82.761072 108.111031 
82.779303 107.111031 
82.788476 106.111023 
82.806699 105.111023 
82.824916 104.111023 
82.843142 103.111023 
82.861376 102.111031 
82.879600 101.111031 
82.897821 100.111023 
82.917025 99.111023 
82.936252 98.111023 
82.955471 97.111023 
82.974708 96.111023 
82.993917 95.111023 
83.013145 94.111023 
83.032366 93.111023 
83.051576 92.111023 
83.070819 91.111023 
83.080997 90.111023 
83.102209 89.111023 
83.113379 88.111023 
83.135622 87.111023 
83.157845 86.111023 
83.180066 85.111023 
83.202308 84.111023 
83.213476 83.111023 
83.236707 82.111023 
83.259938 81.111023 
83.283147 80.111023 
83.306417 79.111023 
83.318585 78.111023 
83.330754 77.111023 
83.355978 76.111023 
83.381220 75.111023 
83.406446 74.111023 
83.431690 73.111023 
83.456975 72.111023 
83.470157 71.111023 
83.484334 70.111023 
83.512554 69.111023 
83.540792 68.111023 
83.569025 67.111023 
83.598249 65.111023 
83.627494 65.111023 
83.656720 64.111023 
83.685952 63.111023 
83.716176 62.111019 
83.746415 61.111019 
83.776637 60.111019 
83.806861 59.111015 
83.838085 58.111019 
83.869345 57.111019 
83.886520 56.111019 
83.903711 55.111019 
83.938935 54.111019 
83.974194 53.111023 
83.992366 52.111023 
84.011527 51.111027 
84.049732 50.111023 
84.088992 49.111023 
84.109174 48.111023 
84.129353 47.111019 
84.170576 46.111019 
84.212800 45.111019 
84.255035 44.111019 
84.277206 43.111019 
84.322427 42.111019 
84.345602 41.111019 
84.392872 40.111019 
84.417085 39.111019 
84.442270 38.111019 
84.493522 37.111019 
84.519758 36.111019 
84.572899 35.111019 
84.628069 34.111019 
84.657314 33.111019 
84.717474 32.111019 
84.748663 31.111019 
84.780835 30.111019 
84.847057 29.111019 
84.914326 28.111019 
84.949533 27.111019 
84.985735 26.111019 
85.023911 25.111019 
85.063078 24.111019 
85.104241 23.111019 
85.190445 22.111019 
85.235598 21.111019 
85.329863 20.111019 
85.379055 19.111019 
85.431231 18.111019 
85.541459 17.111019 
85.655690 16.111019 
85.769953 15.111019 
85.836144 14.111020 
85.972367 13.111020 
86.048578 12.111020 
86.130742 11.111020 
86.310979 10.111020 
86.409172 9.111020 
86.518341 8.111020 
86.641518 7.111020 
86.927762 6.111021 
87.090911 5.111021 
87.286059 4.111021 
87.529254 3.111021 
87.850419 2.111021 
88.323605 1.111021 
89.223797 2.111021 
89.696977 3.111021 
90.018153 4.111021 
90.534381 5.111021 
90.729570 6.111021 
91.064789 7.111021 
91.383018 8.111021 
91.506201 9.111021 
91.727447 10.111021 
91.940687 11.111021 
92.145925 12.111021 
92.345155 13.111020 
92.538400 14.111020 
92.727629 15.111019 
92.912859 16.111019 
93.094110 17.111019 
93.272347 18.111019 
93.447579 19.111019 
93.619814 20.111019 
93.790045 21.111019 
93.958280 22.111019 
94.124515 23.111019 
94.288745 24.111019 
94.450973 25.111019 
94.612202 26.111019 
94.771437 27.111019 
94.929667 28.111019 
95.086902 29.111019 
95.243128 30.111019 
95.398365 31.111019 
95.552601 32.111019 
95.705836 33.111019 
95.858066 34.111019 
96.009292 35.111019 
96.159518 36.111019 
96.308747 37.111019 
96.457975 38.111019 
96.606193 39.111019 
96.753411 40.111019 
96.900618 41.111019 
97.046853 42.111019 
97.193089 43.111019 
97.338325 44.111019 
97.483563 45.111019 
97.627808 46.111019 
97.772034 47.111019 
97.915265 48.111019 
98.058503 49.111015 
98.078686 50.111015 
98.117921 51.111015 
98.157155 52.111015 
98.195393 53.111015 
98.233629 54.111015 
98.271857 55.111015 
98.309079 56.111019 
98.346308 57.111019 
98.383527 58.111019 
98.419748 59.111015 
98.455969 60.111019 
98.492190 61.111019 
98.528410 62.111019 
98.563640 63.111019 
98.598857 64.111023 
98.634085 65.111023 
98.669307 66.111023 
98.703535 67.111023 
98.737761 68.111023 
98.771983 69.111023 
98.806218 70.111023 
98.840450 71.111023 
98.873674 72.111023 
98.906893 73.111023 
98.940105 74.111023 
98.973341 75.111023 
99.006584 76.111023 
99.038811 77.111023 
99.071053 78.111023 
99.103277 79.111023 
99.135513 80.111023 
99.167753 81.111023 
99.199979 82.111023 
99.232197 83.111023 
99.263414 84.111023 
99.294653 85.111023 
99.325880 86.111023 
99.357101 87.111023 
99.388330 88.111023 
99.419551 89.111023 
99.450774 90.111023 
99.461943 91.111023 
99.483168 92.111023 
99.504415 93.111023 
99.525637 94.111023 
99.546853 95.111023 
99.568073 96.111023 
99.589299 97.111023 
99.610528 98.111023 
99.631755 99.111023 
99.651973 100.111023 
99.672196 101.111023 
99.692429 102.111031 
99.712647 103.111031 
99.732886 104.111031 
99.753111 105.111031 
99.773328 106.111023 
99.793564 107.111023 
99.813796 108.111031 
99.834022 109.111031 
99.854261 111.111031 
99.874480 111.111031 
99.893686 112.111023 
99.912904 113.111031 
99.932116 114.111038 
99.951330 115.111038 
99.970544 116.111038 
99.989762 117.111031 
100.008981 118.111031 
100.028199 119.111031 
100.047418 120.111031 
100.066637 121.111031 
100.085853 122.111031 
100.105073 123.111023 
100.124292 124.111015 
100.142499 125.111015 
100.160714 126.111015 
100.178932 127.111015 
100.197146 128.111023 
100.215366 129.111023 
100.233571 130.111023 
100.251796 131.111023 
100.270014 132.111023 
100.288232 133.111023 
100.306446 134.111023 
100.324647 135.111023 
100.342865 136.111023 
100.361082 137.111023 
100.379300 138.111023 
100.397516 139.111023 
100.415726 140.111023 
100.433942 141.111023 
100.452207 142.111023 
100.469441 143.111023 
100.486659 144.111023 
100.503872 145.111023 
100.521104 146.111023 
100.538326 147.111023 
100.555548 148.111023 
100.572773 149.111023 
100.589997 150.111023 
100.607230 151.111023 
100.624462 152.111023 
100.641679 153.111023 
100.658889 154.111023 
100.676109 155.111023 
100.693341 156.111023 
100.710556 157.111023 
100.727781 158.111023 
100.745002 159.111023 
100.762240 160.111023 
100.779478 161.111023 
100.796698 162.111023 
100.813931 163.111023 
100.831148 164.111023 
100.848369 165.111023 
100.865586 166.111023 
100.881820 167.111023 
100.898033 168.111023 
100.914258 170.111023 
100.930469 170.111023 
100.946682 171.111023 
100.951839 172.111023 
100.962058 173.111023 
100.972281 174.111023 
100.982511 175.111023 
100.992728 176.111023 
101.002950 177.111023 
101.013186 178.111023 
101.023420 179.111023 
101.033644 180.111023 
101.043867 181.111008 
101.054101 182.111008 
101.064325 183.111008 
101.074528 184.111008 
101.084743 186.111008 
101.094957 186.111008 
101.105171 187.111008 
101.115378 188.111008 
101.125614 189.111008 
101.135835 190.111008 
101.146051 191.111008 
101.156271 192.111008 
101.166480 193.111008 
101.176695 195.111008 
101.186912 195.111008 
101.197120 196.110992 
101.207353 197.110992 
101.217589 198.110992 
101.227804 199.110992 
101.237036 201.110992 
101.246260 202.110992 
101.255473 202.110992 
101.264690 203.110992 
101.273908 204.110992 
101.283142 205.110992 
101.292361 207.110992 
101.301579 208.110992 
101.310799 208.110992 
101.320010 209.110992 
101.329227 210.110992 
101.338442 211.111008 
101.347649 213.111023 
101.356866 214.111023 
101.366083 214.111023 
101.375316 215.111023 
101.384535 216.111023 
101.393752 217.111023 
101.402988 218.111008 
101.412200 220.110992 
101.421417 220.110992 
101.430632 221.110992 
101.439841 222.110992 
101.449057 223.110977 
101.458285 224.110962 
101.467501 225.110962 
101.476721 226.110962 
101.485939 227.110962 
101.495158 228.110962 
101.504369 230.110977 
101.513585 230.110977 
101.522818 231.110962 
101.532030 232.110962 
101.541247 234.110962 
101.550462 234.110962 
101.559675 236.110962 
101.568894 237.110947 
101.578112 237.110947 
101.587328 238.110962 
101.596540 239.110947 
101.605759 240.110947 
101.614976 241.110962 
101.624183 240.110962 
101.633408 240.110962 
101.642618 239.110947 
101.651865 238.110962 
101.661092 237.110947 
101.670325 236.110947 
101.679534 235.110947 
101.688746 234.110947 
101.697965 233.110931 
101.707194 232.110931 
101.716421 231.110947 
101.725648 230.110947 
101.734860 229.110962 
101.744075 228.110962 
101.753310 227.110962 
101.762519 226.110962 
101.771735 225.110962 
101.780949 224.110962 
101.790192 223.110962 
101.799381 222.110962 
101.808586 221.110977 
101.817807 220.110977 
101.827019 219.110992 
101.836240 218.110992 
101.845460 217.110992 
101.854672 216.110977 
101.863908 215.110977 
101.873121 214.110977 
101.882338 213.110977 
101.891563 212.110977 
101.900790 211.110977 
101.910011 210.110992 
101.919242 209.110992 
101.928460 208.110992 
101.937695 207.110992 
101.946930 206.110992 
101.956152 205.110992 
101.965356 204.110992 
101.974576 203.110992 
101.983804 202.110992 
101.993032 201.110992 
102.002278 200.110992 
102.012489 199.110992 
102.022718 198.110992 
102.032939 197.110992 
102.038106 196.110992 
102.048321 195.110992 
102.058544 194.110992 
102.068764 193.110992 
102.078979 192.110992 
102.089184 191.110992 
102.099374 190.110992 
102.109604 189.110992 
102.119803 188.110992 
102.130031 187.110992 
102.140245 186.110992 
102.150448 185.110992 
102.160659 184.110992 
102.170888 183.110992 
102.181094 182.110992 
102.191322 181.110992 
102.201552 180.110992 
102.211759 179.110992 
102.221973 178.110992 
102.232188 177.110992 
102.242392 176.110992 
102.252610 174.110992 
102.262839 173.110992 
102.273045 173.110992 
102.283258 172.110992 
102.293480 171.110992 
102.303706 170.110992 
102.313925 169.110992 
102.324140 168.110992 
102.334344 167.110992 
102.345546 166.110992 
102.356757 165.110992 
102.367985 164.110992 
102.379213 163.110992 
102.390424 162.110992 
102.401636 161.110992 
102.412859 160.110992 
102.424079 159.110992 
102.435307 158.110992 
102.446518 157.110992 
102.457724 156.110992 
102.468944 155.110992 
102.480157 154.110992 
102.491373 153.110992 
102.502585 152.110992 
102.513805 151.110992 
102.525033 150.110992 
102.536253 149.110992 
102.542420 148.110992 
102.548599 147.110992 
102.560817 146.110992 
102.573054 145.110992 
102.585289 144.110992 
102.597517 143.110992 
102.610730 142.110992 
102.623948 141.110992 
102.637167 140.110992 
102.650399 139.110992 
102.663612 138.110992 
102.676846 137.110992 
102.690065 136.110992 
102.703278 135.110992 
102.716486 134.110992 
102.729719 133.110992 
102.742939 132.110992 
102.756157 131.110992 
102.769391 130.110992 
102.782609 129.110992 
102.795828 128.110992 
102.802988 127.110992 
102.817217 126.110992 
102.831448 125.110992 
102.846678 124.110985 
102.861908 123.110985 
102.877139 122.110992 
102.892363 121.111000 
102.907579 120.111000 
102.922787 119.111008 
102.938003 118.111015 
102.946164 117.111023 
102.962372 116.111023 
102.978581 115.111023 
102.994813 114.111023 
103.011013 113.111031 
103.027229 112.111023 
103.044467 111.111031 
103.053648 110.111031 
103.071745 109.111031 
103.089829 108.111031 
103.107904 107.111031 
103.125999 106.111023 
103.144098 105.111023 
103.162181 104.111023 
103.180281 103.111023 
103.198354 102.111031 
103.216433 101.111031 
103.234528 100.111023 
103.253609 99.111023 
103.272708 98.111023 
103.291783 97.111023 
103.310867 96.111023 
103.329989 95.111023 
103.349090 94.111023 
103.368171 93.111023 
103.387280 92.111023 
103.406373 91.111023 
103.426466 90.111023 
103.446590 89.111023 
103.457762 88.111023 
103.479909 87.111023 
103.502061 86.111023 
103.524210 85.111023 
103.546372 84.111023 
103.569537 83.111023 
103.581742 82.111023 
103.593932 81.111023 
103.618167 80.111023 
103.642400 79.111023 
103.666619 78.111023 
103.690869 77.111023 
103.703088 76.111023 
103.728206 75.111023 
103.753315 74.111023 
103.766485 73.111023 
103.792711 72.111023 
103.819937 71.111023 
103.847154 70.111023 
103.874362 69.111023 
103.901564 68.111023 
103.928789 67.111023 
103.957059 66.111023 
103.972251 65.111023 
104.002390 64.111023 
104.032516 63.111023 
104.063671 62.111019 
104.079856 61.111019 
104.111955 60.111019 
104.144039 59.111015 
104.177130 58.111019 
104.210229 57.111019 
104.243327 56.111019 
104.277402 55.111019 
104.311496 54.111019 
104.345618 53.111023 
104.363800 52.111023 
104.400912 51.111027 
104.438044 50.111023 
104.476231 49.111023 
104.496439 48.111023 
104.537582 47.111019 
104.578746 46.111019 
104.599927 45.111019 
104.643022 44.111019 
104.687104 43.111019 
104.731203 42.111019 
104.776284 41.111019 
104.821382 40.111019 
104.867543 39.111019 
104.892769 38.111019 
104.943910 37.111019 
104.996097 36.111019 
105.023320 35.111019 
105.079505 34.111019 
105.136680 33.111019 
105.166869 32.111019 
105.229122 31.111019 
105.261329 30.111019 
105.327435 29.111019 
105.394574 28.111019 
105.429784 27.111019 
105.502957 26.111019 
105.541130 25.111019 
105.620369 24.111019 
105.661590 23.111019 
105.747848 22.111019 
105.793055 21.111019 
105.887258 20.111019 
105.936466 19.111019 
106.040680 18.111019 
106.095907 17.111019 
106.154122 16.111019 
106.216347 15.111019 
106.348572 14.111020 
106.418795 13.111020 
106.570932 12.111020 
106.731053 11.111020 
106.899188 10.111020 
106.997376 9.111020 
107.218635 8.111020 
107.341840 7.111020 
107.482011 6.111021 
107.817241 5.111021 
108.200486 4.111021 
108.443685 3.111021 
109.159904 2.111021 
109.633074 3.111021 
110.349307 4.111021 
110.592489 5.111021 
110.787659 6.111021 
111.122892 7.111021 
111.441117 8.111021 
111.745353 9.111021 
112.038579 10.111021 
112.323804 11.111021 
112.601030 12.111021 
112.872258 13.111020 
113.137480 14.111020 
113.398711 15.111019 
113.655943 16.111019 
113.909160 17.111019 
114.159382 18.111019 
114.406605 19.111019 
114.650824 20.111019 
114.893042 21.111019 
115.133264 22.111019 
115.371490 23.111019 
115.607714 24.111019 
115.841937 25.111019 
116.075164 26.111019 
116.306389 27.111019 
116.536616 28.111019 
116.765835 29.111019 
116.994062 30.111019 
117.221282 31.111019 
117.447510 32.111019 
117.672739 33.111019 
117.896956 34.111019 
118.120178 35.111019 
118.342411 36.111019 
118.563651 37.111019 
118.784868 38.111019 
119.005087 39.111019 
119.224316 40.111019 
119.443543 41.111019 
119.661753 42.111019 
119.879970 43.111019 
120.098181 44.111019 
120.315399 45.111019 
120.531626 46.111019 
120.747850 47.111019 
120.963075 48.111019 
121.178285 49.111015 
121.392510 50.111015 
121.606737 51.111015 
121.820963 52.111015 
122.034193 53.111015 
122.247415 54.111015 
122.460649 55.111015 
122.672876 56.111019 
122.885096 57.111019 
123.097322 58.111019 
123.308547 59.111015 
123.519774 60.111019 
123.731007 61.111019 
123.942248 63.111019 
124.152513 63.111019 
124.362738 64.111023 
124.572982 65.111023 
124.783203 66.111023 
124.992431 67.111023 
125.201670 68.111023 
125.410898 69.111023 
125.620146 70.111023 
125.829362 71.111023 
126.037579 72.111023 
126.245802 73.111023 
126.454027 74.111023 
126.662261 76.111023 
126.870489 76.111023 
127.077705 77.111023 
127.284931 78.111023 
127.492161 79.111023 
127.699393 80.111023 
127.906627 81.111023 
128.113875 82.111023 
128.321103 83.111023 
128.527347 84.111023 
128.733566 85.111023 
128.939791 86.111023 
129.146024 87.111023 
129.352242 88.111023 
129.558478 89.111023 
129.764714 90.111023 
129.969941 91.111023 
130.175185 92.111023 
130.380429 93.111023 
130.585653 94.111023 
130.790888 95.111023 
130.996117 96.111023 
131.201352 97.111023 
131.406579 98.111023 
131.611799 99.111023 
131.816038 100.111023 
132.020264 101.111023 
132.224497 102.111031 
132.428734 103.111031 
132.632967 104.111031 
132.837208 105.111031 
133.041411 106.111023 
133.245636 107.111023 
133.449855 108.111031 
133.654065 109.111031 
133.858300 110.111031 
134.062544 111.111031 
134.265775 112.111023 
134.469013 113.111031 
134.672242 114.111038 
134.875477 115.111038 
135.078723 116.111038 
135.281951 117.111031 
135.485206 118.111031 
135.493402 119.111031 
135.509621 120.111031 
135.525863 121.111031 
135.542095 122.111031 
135.558328 123.111023 
135.574547 124.111015 
135.589749 125.111015 
135.605004 126.111015 
135.620238 127.111015 
135.635473 128.111023 
135.650696 129.111023 
135.665934 130.111023 
135.681150 131.111023 
135.696387 132.111023 
135.711592 133.111023 
135.726824 134.111023 
135.742035 136.111023 
135.757253 136.111023 
135.772485 137.111023 
135.787710 138.111023 
135.802930 139.111023 
135.818174 140.111023 
135.833402 142.111023 
135.848615 142.111023 
135.862825 144.111023 
135.877044 144.111023 
135.891263 145.111023 
135.905480 147.111023 
135.919698 147.111023 
135.933918 148.111023 
135.948139 149.111023 
135.962355 150.111023 
135.976571 151.111023 
135.990787 152.111023 
136.005007 153.111023 
136.019220 154.111023 
136.033438 155.111023 
136.047649 156.111023 
136.061867 158.111023 
136.076079 158.111023 
136.090320 159.111023 
136.104537 160.111023 
136.118766 161.111023 
136.132991 162.111023 
136.147229 163.111023 
136.161467 164.111023 
136.175691 165.111023 
136.189930 166.111023 
136.203136 167.111023 
136.216375 168.111023 
136.229581 169.111023 
136.242804 170.111023 
136.256044 171.111023 
136.269283 172.111023 
136.282517 173.111023 
136.295753 174.111023 
136.308991 175.111023 
136.322195 176.111023 
136.335435 177.111023 
136.348673 178.111023 
136.361910 179.111023 
136.375155 180.111023 
136.388379 181.111008 
136.401604 182.111008 
136.414810 183.111008 
136.428042 185.111008 
136.441277 185.111008 
136.454509 186.111008 
136.467754 187.111008 
136.480977 188.111008 
136.494216 189.111008 
136.507443 190.111008 
136.520682 192.111008 
136.533924 192.111008 
136.547154 193.111008 
136.560378 194.111008 
136.573608 195.111008 
136.586832 196.110992 
136.600038 197.110992 
136.613278 198.110992 
136.626478 199.110992 
136.638709 200.110992 
136.650954 201.110992 
136.663184 202.110992 
136.675423 203.110992 
136.687630 204.110992 
136.699867 205.110992 
136.712104 206.110992 
136.724329 207.110992 
136.736554 208.110992 
136.748761 209.110992 
136.760982 211.111008 
136.773218 211.111008 
136.785458 212.111008 
136.797696 213.111023 
136.809901 214.111023 
136.822137 215.111023 
136.834392 216.111023 
136.846625 217.111023 
136.858845 218.111008 
136.871058 219.111008 
136.883278 220.110992 
136.895510 221.110992 
136.907745 222.110992 
136.919979 223.110977 
136.932194 224.110962 
136.944414 225.110962 
136.956634 226.110962 
136.968855 227.110962 
136.981075 228.110962 
136.993288 229.110962 
137.005508 230.110977 
137.017738 231.110962 
137.029958 232.110962 
137.042178 233.110962 
137.054379 234.110962 
137.066595 235.110977 
137.078823 237.110947 
137.091035 237.110947 
137.103255 238.110962 
137.115459 239.110947 
137.127678 240.110947 
137.139897 241.110962 
137.152116 242.110947 
137.164343 243.110931 
137.176557 244.110947 
137.188775 245.110931 
137.201005 246.110916 
137.213225 247.110916 
137.225445 248.110916 
137.237657 249.110916 
137.248874 250.110916 
137.260094 251.110916 
137.271313 252.110916 
137.282527 253.110916 
137.293757 254.110916 
137.304992 255.110916 
137.316212 256.110901 
137.327424 257.110901 
137.338640 258.110901 
137.349859 259.110901 
137.361059 259.110901 
137.372279 258.110901 
137.383498 257.110901 
137.394723 256.110901 
137.405966 255.110901 
137.417186 254.110901 
137.428406 253.110901 
137.439626 252.110901 
137.450839 251.110901 
137.462059 250.110901 
137.474316 249.110886 
137.486528 248.110886 
137.498750 247.110886 
137.510951 245.110870 
137.523172 245.110870 
137.535393 244.110855 
137.547630 243.110855 
137.559862 242.110870 
137.572099 241.110870 
137.584335 240.110855 
137.596581 239.110870 
137.608817 238.110870 
137.621059 237.110870 
137.633285 236.110855 
137.645521 235.110870 
137.657757 233.110855 
137.669994 233.110855 
137.682226 232.110855 
137.694441 231.110870 
137.706658 230.110870 
137.718885 229.110886 
137.731121 228.110886 
137.743346 227.110901 
137.755582 226.110916 
137.767819 225.110916 
137.780046 224.110916 
137.792282 223.110916 
137.804502 222.110916 
137.816728 221.110931 
137.828963 220.110931 
137.841184 219.110947 
137.853420 218.110947 
137.865640 217.110962 
137.877866 216.110962 
137.890103 215.110962 
137.902297 214.110962 
137.914513 213.110947 
137.926726 212.110947 
137.938964 211.110931 
137.951199 210.110916 
137.963427 209.110916 
137.975647 208.110916 
137.987855 207.110931 
138.000058 206.110931 
138.012279 205.110931 
138.024531 204.110931 
138.036738 203.110931 
138.048956 202.110931 
138.061193 201.110931 
138.073428 200.110931 
138.086645 199.110931 
138.099880 198.110931 
138.113117 197.110916 
138.126290 196.110901 
138.139496 195.110901 
138.152701 194.110901 
138.165922 193.110901 
138.179155 192.110901 
138.192391 191.110901 
138.205628 190.110901 
138.218856 189.110901 
138.232066 188.110901 
138.245312 187.110901 
138.250492 186.110901 
138.260698 184.110901 
138.270923 184.110901 
138.281148 183.110901 
138.291375 181.110901 
138.301592 181.110901 
138.311822 179.110901 
138.322053 178.110901 
138.332261 178.110901 
138.342472 177.110901 
138.352694 175.110901 
138.362926 175.110901 
138.373143 174.110901 
138.383412 173.110901 
138.388574 172.110901 
138.398702 171.110901 
138.408861 170.110901 
138.418982 169.110901 
138.429130 167.110901 
138.439302 166.110901 
138.450440 166.110901 
138.461572 164.110901 
138.472714 163.110901 
138.483854 163.110901 
138.494996 161.110901 
138.506137 161.110901 
138.517278 160.110901 
138.528435 158.110901 
138.539575 158.110901 
138.550709 156.110901 
138.561850 156.110901 
138.572993 154.110901 
138.584128 153.110901 
138.595269 152.110901 
138.606407 152.110901 
138.617547 150.110901 
138.628689 150.110901 
138.639830 149.110901 
138.650973 147.110901 
138.662113 147.110901 
138.673261 146.110901 
138.684419 145.110901 
138.695552 143.110901 
138.706686 142.110901 
138.718829 142.110901 
138.730988 141.110901 
138.743132 139.110901 
138.755284 139.110901 
138.762456 138.110901 
138.776675 137.110901 
138.790889 136.110901 
138.805121 135.110901 
138.819330 134.110901 
138.833537 133.110901 
138.847752 131.110901 
138.861959 131.110901 
138.876231 130.110901 
138.883395 129.110901 
138.897480 128.110901 
138.911574 126.110901 
138.925687 126.110901 
138.939799 125.110901 
138.954896 124.110901 
138.970008 123.110893 
138.985090 122.110893 
139.000187 121.110886 
139.015276 120.110893 
139.030387 119.110901 
139.045471 118.110893 
139.060561 116.110878 
139.075649 116.110878 
139.090762 114.110886 
139.105843 114.110886 
139.120941 113.110886 
139.136030 112.110886 
139.144211 111.110886 
139.161442 110.110878 
139.178649 109.110870 
139.195849 108.110870 
139.213057 107.110870 
139.230278 106.110878 
139.247478 105.110878 
139.264709 104.110878 
139.273870 103.110878 
139.292077 102.110878 
139.310291 101.110878 
139.328513 100.110886 
139.347743 99.110886 
139.366975 98.110886 
139.386240 97.110893 
139.396427 96.110893 
139.416544 95.110893 
139.436653 94.110886 
139.456771 93.110886 
139.476890 92.110878 
139.496993 91.110878 
139.518112 90.110878 
139.539215 89.110878 
139.560331 88.110878 
139.581448 87.110878 
139.602564 86.110878 
139.623683 85.110878 
139.644832 84.110878 
139.656014 83.110878 
139.679141 82.110878 
139.702279 81.110878 
139.725397 80.110878 
139.748495 79.110878 
139.771608 78.110878 
139.794735 77.110878 
139.818848 76.110878 
139.842960 75.110878 
139.867080 74.110878 
139.891208 73.110878 
139.915334 72.110878 
139.940461 71.110878 
139.965594 70.110878 
139.990713 69.110878 
140.015842 68.110878 
140.040971 67.110878 
140.067098 66.110878 
140.093226 65.110878 
140.119354 64.110878 
140.145449 63.110878 
140.172577 62.110882 
140.188739 61.110886 
140.220948 60.110886 
140.253156 59.110882 
140.286410 58.110882 
140.303618 57.110882 
140.337712 56.110882 
140.372793 55.110882 
140.407864 54.110882 
140.442932 53.110882 
140.478994 52.110882 
140.515088 51.110882 
140.551183 50.110882 
140.588251 49.110882 
140.625345 48.110882 
140.663440 47.110882 
140.684631 46.110882 
140.727816 45.110882 
140.771021 44.110882 
140.815224 43.110882 
140.859441 42.110882 
140.904645 41.110882 
140.949851 40.110882 
140.996055 39.110882 
141.043258 38.110882 
141.090471 37.110882 
141.116659 36.110882 
141.170886 35.110882 
141.226143 34.110882 
141.255328 33.110882 
141.315571 32.110882 
141.346783 31.110882 
141.411018 30.110880 
141.476235 29.110880 
141.510399 28.110882 
141.580642 27.110882 
141.616844 26.110880 
141.692109 25.110880 
141.731336 24.110880 
141.772529 23.110880 
141.858757 22.110880 
141.903919 21.110880 
141.998137 20.110880 
142.047346 19.110880 
142.099524 18.110880 
142.154679 17.110880 
142.271932 16.110880 
142.334150 15.110880 
142.400330 14.110880 
142.542428 13.110880 
142.618615 12.110880 
142.700778 11.110880 
142.880988 10.110880 
142.979189 9.110880 
143.088413 8.110880 
143.211602 7.110879 
143.351796 6.110879 
143.515015 5.110879 
143.710203 4.110879 
144.226441 3.110879 
144.894698 2.110879 
145.410971 3.110879 
145.732188 4.110879 
145.975394 5.110879 
146.381641 6.110879 
146.764885 7.110879 
147.148117 8.110880 
147.500381 9.110880 
147.609577 10.110880 
147.808812 11.110880 
148.000045 12.110880 
148.185279 13.110880 
148.364514 14.110880 
148.539733 15.110880 
148.710971 16.110880 
148.878202 17.110880 
149.042440 18.110880 
149.203668 19.110880 
149.361893 20.110880 
149.518127 21.110880 
149.672355 22.110880 
149.824580 23.110880 
149.974813 24.110880 
150.123038 25.110880 
150.270276 26.110880 
150.415491 28.110882 
150.559712 28.110882 
150.702928 29.110884 
150.845189 30.110884 
150.878405 31.110882 
150.942643 32.110882 
151.005874 34.110882 
151.068099 34.110882 
151.129314 35.110882 
151.189558 36.110882 
151.248803 37.110882 
151.308038 38.110882 
151.366272 39.110882 
151.423494 40.110882 
151.480726 41.110882 
151.536941 42.110882 
151.593164 43.110882 
151.648389 44.110882 
