0.000025 11.111111 
0.090333 12.111111 
0.172571 13.111111 
0.248769 14.111111 
0.318987 15.111110 
0.385221 16.111111 
0.447444 17.111111 
0.505690 18.111111 
0.560912 19.111111 
0.613155 20.111111 
0.662379 21.111111 
0.709605 22.111111 
0.754781 23.111111 
0.797972 24.111111 
0.839210 25.111111 
0.878421 26.111109 
0.916674 27.111109 
0.952906 28.111111 
0.988140 29.111109 
1.022355 30.111109 
1.055623 31.111109 
1.087817 32.111107 
1.119067 33.111107 
1.149325 34.111107 
1.178574 35.111107 
1.206801 36.111107 
1.234047 37.111107 
1.260271 38.111107 
1.286500 39.111107 
1.311701 40.111107 
1.335910 41.111107 
1.360161 42.111107 
1.383386 43.111107 
1.406586 44.111107 
1.428833 45.111107 
1.451061 46.111107 
1.472286 47.111107 
1.493485 48.111107 
1.513676 49.111111 
1.533868 50.111111 
1.553034 51.111111 
1.572224 52.111111 
1.591416 53.111115 
1.609607 54.111115 
1.627850 55.111115 
1.646078 56.111115 
1.663323 57.111111 
1.680528 58.111107 
1.697754 59.111111 
1.713918 60.111107 
1.730128 61.111107 
1.746362 62.111107 
1.762530 63.111107 
1.777695 64.111107 
1.792856 65.111107 
1.808016 66.111107 
1.823172 67.111107 
1.837324 68.111107 
1.851483 69.111107 
1.865634 70.111107 
1.879783 71.111107 
1.893931 72.111107 
1.907088 73.111107 
1.920245 74.111107 
1.933400 75.111107 
1.946579 76.111107 
1.959756 77.111107 
1.971919 78.111107 
1.984099 79.111107 
1.996271 80.111107 
2.008451 81.111107 
2.020599 82.111107 
2.032778 83.111107 
2.044936 84.111107 
2.056085 85.111107 
2.067253 86.111107 
2.078430 87.111107 
2.089594 88.111107 
2.100768 89.111107 
2.111932 90.111107 
2.123104 91.111099 
2.133292 92.111099 
2.143464 93.111092 
2.153636 94.111092 
2.163787 95.111092 
2.173959 96.111084 
2.184124 97.111084 
2.194302 98.111076 
2.204479 99.111076 
2.214649 100.111076 
2.223827 101.111084 
2.232973 102.111084 
2.242141 103.111084 
2.251317 104.111084 
2.260505 105.111084 
2.269683 106.111076 
2.278846 107.111076 
2.288050 107.111076 
2.297202 53.555538 
2.315359 26.777769 
2.352515 13.388885 
2.426688 6.694442 
2.575868 6.694442 
2.725034 7.694443 
2.854217 8.694443 
2.969374 9.694443 
3.072553 10.694443 
3.165735 11.694443 
3.250907 12.694443 
3.329086 13.694443 
3.402267 14.694442 
3.470448 15.694442 
3.533627 16.694443 
3.592801 17.694443 
3.648989 18.694443 
3.702154 19.694443 
3.752329 20.694443 
3.800517 21.694443 
3.846692 22.694443 
3.890848 23.694445 
3.933018 24.694445 
3.973184 25.694445 
4.011365 26.694443 
4.048545 27.694443 
4.084725 28.694443 
4.118905 29.694443 
4.152076 30.694445 
4.184238 31.694445 
4.215426 32.694443 
4.245600 33.694443 
4.274765 34.694443 
4.302923 35.694443 
4.331080 36.694443 
4.358237 37.694443 
4.384391 38.694443 
4.409549 39.694443 
4.434705 40.694443 
4.458862 41.694443 
4.482033 42.694443 
4.505204 43.694443 
4.527386 44.694443 
4.549565 45.694443 
4.570744 46.694443 
4.591922 47.694443 
4.612077 48.694443 
4.632239 49.694443 
4.652402 50.694443 
4.671559 51.694443 
4.690722 52.694443 
4.708878 53.694443 
4.727036 54.694439 
4.745191 55.694439 
4.762343 56.694439 
4.779496 57.694439 
4.796653 58.694435 
4.813809 59.694435 
4.829974 60.694435 
4.846108 61.694435 
4.862273 62.694435 
4.877463 63.694435 
4.892626 64.694435 
4.907816 65.694435 
4.922986 66.694435 
4.937165 67.694435 
4.951344 68.694435 
4.965523 69.694435 
4.979701 70.694435 
4.993879 71.694435 
5.007050 72.694435 
5.020229 73.694435 
5.033396 74.694435 
5.046568 75.694435 
5.059755 76.694435 
5.072920 77.694435 
5.085099 78.694435 
5.097286 79.694435 
5.109457 80.694435 
5.121628 81.694435 
5.133783 82.694435 
5.145961 83.694435 
5.157141 84.694435 
5.168288 85.694435 
5.179452 86.694435 
5.190639 87.694435 
5.201810 88.694435 
5.212986 89.694435 
5.224155 90.694443 
5.235371 91.694443 
5.245562 92.694443 
5.255724 93.694443 
5.265888 94.694443 
5.276053 95.694443 
5.286197 96.694443 
5.296359 97.694435 
5.306522 98.694435 
5.316712 99.694435 
5.326875 100.694435 
5.336053 101.694435 
5.345243 50.847218 
5.364422 25.423609 
5.403595 12.711804 
5.481760 6.355902 
5.638933 7.355902 
5.774134 8.355902 
5.893311 9.355902 
5.999539 10.355902 
6.095728 11.355902 
6.183884 12.355902 
6.264041 13.355902 
6.338217 14.355903 
6.407389 15.355903 
6.472571 16.355904 
6.533735 17.355904 
6.590892 18.355904 
6.645064 19.355904 
6.696250 20.355904 
6.745444 21.355904 
6.791608 22.355904 
6.835765 23.355904 
6.877914 24.355904 
6.919094 25.355906 
6.958261 26.355906 
6.995425 27.355904 
7.031616 28.355904 
7.066787 29.355904 
7.100948 30.355906 
7.133132 31.355906 
7.164297 32.355904 
7.194454 33.355904 
7.223637 34.355904 
7.252784 35.355904 
7.280993 36.355904 
7.308156 37.355904 
7.334321 38.355904 
7.360501 39.355904 
7.385673 40.355904 
7.409852 41.355904 
7.434013 42.355904 
7.457199 43.355904 
7.480371 44.355904 
7.502549 45.355904 
7.524712 46.355904 
7.545920 47.355904 
7.567084 48.355904 
7.587248 49.355900 
7.607427 50.355900 
7.626589 51.355900 
7.645743 52.355900 
7.664907 53.355900 
7.683064 54.355900 
7.701224 55.355900 
7.719412 56.355900 
7.736585 57.355900 
7.753763 58.355896 
7.770919 59.355892 
7.787082 60.355896 
7.803241 61.355900 
7.819428 62.355904 
7.835587 63.355904 
7.850756 64.355904 
7.865916 65.355904 
7.881071 66.355904 
7.896250 67.355904 
7.910394 68.355904 
7.924567 69.355904 
7.938755 70.355904 
7.952943 71.355904 
7.967106 72.355904 
7.980284 73.355904 
7.993462 74.355904 
8.006623 75.355904 
8.019777 76.355904 
8.032932 77.355904 
8.045082 78.355904 
8.057280 79.355904 
8.069451 80.355904 
8.081630 81.355904 
8.093785 82.355904 
8.105968 83.355904 
8.117120 84.355904 
8.128282 85.355904 
8.139442 86.355904 
8.150597 87.355904 
8.161775 88.355904 
8.172928 89.355904 
8.184106 90.355904 
8.195266 91.355904 
8.205420 92.355904 
8.215584 93.355904 
8.225736 94.355904 
8.235898 47.177952 
8.257071 23.588976 
8.299245 11.794488 
8.383421 5.897244 
8.552581 6.897244 
8.696763 7.897244 
8.822942 8.897243 
8.935110 9.897243 
9.036291 10.897243 
9.127450 11.897243 
9.211631 12.897243 
9.288821 13.897243 
9.359994 14.897243 
9.427171 15.897243 
9.489343 16.897243 
9.548525 17.897243 
9.603697 18.897243 
9.655877 19.897243 
9.706059 20.897243 
9.753236 21.897243 
9.798391 22.897243 
9.841547 23.897243 
9.882703 24.897243 
9.922861 25.897243 
9.961023 26.897243 
9.998204 27.897243 
10.033387 28.897243 
10.067559 29.897243 
10.100747 30.897245 
10.132908 31.897245 
10.164088 32.897247 
10.194233 33.897247 
10.223419 34.897247 
10.251575 35.897247 
10.278735 36.897247 
10.305915 37.897247 
10.332094 38.897247 
10.357282 39.897247 
10.382508 40.897247 
10.406681 41.897247 
10.429837 42.897247 
10.452993 43.897247 
10.475148 44.897247 
10.497347 45.897247 
10.518506 46.897247 
10.539663 47.897247 
10.559813 48.897243 
10.579995 49.897243 
10.600173 50.897247 
10.619396 51.897247 
10.638562 52.897247 
10.656740 53.897247 
10.674919 54.897251 
10.693097 55.897251 
10.710249 56.897247 
10.727404 57.897247 
10.744569 58.897251 
10.760731 59.897251 
10.776885 60.897251 
10.793032 61.897255 
10.809188 62.897255 
10.824344 63.897255 
10.839508 64.897255 
10.854680 65.897255 
10.869858 66.897255 
10.884070 67.897255 
10.898252 68.897255 
10.912429 69.897255 
10.926606 70.897255 
10.940784 71.897255 
10.953971 72.897255 
10.967140 73.897255 
10.980319 74.897255 
10.993494 75.897255 
11.006682 76.897255 
11.019838 77.897255 
11.032017 78.897255 
11.044204 79.897255 
11.056367 80.897255 
11.068546 81.897255 
11.080709 82.897255 
11.092887 83.897255 
11.104065 84.897255 
11.115247 85.897255 
11.126424 86.897255 
11.137606 87.897255 
11.148756 88.897255 
11.159935 89.897255 
11.171100 90.897255 
11.182254 91.897255 
11.192432 92.897255 
11.202602 93.897255 
11.212781 94.897247 
11.222960 95.897247 
11.233139 96.897247 
11.243318 97.897240 
11.253497 98.897240 
11.263676 99.897240 
11.273873 49.948620 
11.294027 24.974310 
11.334189 12.487155 
11.414421 6.243577 
11.574635 3.121789 
11.894862 4.121789 
12.137064 5.121789 
12.332261 6.121789 
12.495425 7.121789 
12.635607 8.121789 
12.758790 9.121789 
12.867975 10.121789 
12.966135 11.121789 
13.055327 12.121789 
13.137494 13.121789 
13.213646 14.121788 
13.283814 15.121788 
13.349996 16.121788 
13.412170 17.121788 
13.470338 18.121788 
13.525490 19.121788 
13.577670 20.121788 
13.626821 21.121788 
13.674010 22.121788 
13.719230 23.121790 
13.762395 24.121788 
13.803569 25.121788 
13.842750 26.121788 
13.880932 27.121790 
13.917122 28.121792 
13.952296 29.121792 
13.986455 30.121794 
14.019607 31.121794 
14.051765 32.121796 
14.082923 33.121796 
14.113112 34.121796 
14.142301 35.121796 
14.170488 36.121796 
14.197655 37.121796 
14.223854 38.121796 
14.250022 39.121796 
14.275179 40.121796 
14.299333 41.121796 
14.323482 42.121796 
14.346685 43.121796 
14.369864 44.121796 
14.392043 45.121796 
14.414222 46.121796 
14.435384 47.121796 
14.456570 48.121792 
14.476736 49.121792 
14.496893 50.121796 
14.516058 51.121796 
14.535208 52.121796 
14.554373 53.121796 
14.572544 54.121796 
14.590723 55.121796 
14.608939 56.121792 
14.626130 57.121788 
14.643296 58.121788 
14.660466 59.121788 
14.676644 60.121784 
14.692798 61.121784 
14.708968 62.121788 
14.725163 63.121788 
14.740342 64.121788 
14.755494 65.121788 
14.770668 66.121788 
14.785819 67.121788 
14.799987 68.121788 
14.814135 69.121788 
14.828309 70.121788 
14.842490 71.121788 
14.856660 72.121788 
14.883895 73.121788 
14.897079 74.121788 
14.910244 75.121788 
14.923425 76.121788 
14.936592 77.121788 
14.948771 78.121788 
14.960949 79.121788 
14.973122 80.121788 
14.985290 81.121788 
14.997463 82.121788 
15.009666 83.121788 
15.021842 84.121788 
15.033009 85.121788 
15.044178 86.121788 
15.055328 87.121788 
15.066509 88.121788 
15.077690 89.121788 
15.088865 90.121788 
15.100040 91.121788 
15.121282 92.121788 
15.131499 93.121788 
15.141665 94.121788 
15.151832 95.121788 
15.162003 96.121796 
15.172178 97.121803 
15.182342 98.121803 
15.192543 99.121811 
15.202717 100.121811 
15.211890 101.121803 
15.221064 102.121811 
15.230270 103.121811 
15.239449 104.121811 
15.248624 105.121811 
15.257805 106.121811 
15.266955 107.121811 
15.276128 108.121811 
15.285309 109.121811 
15.294491 110.121811 
15.303664 111.121811 
15.311837 112.121819 
15.320017 113.121819 
15.328193 114.121819 
15.336373 115.121819 
15.344554 116.121826 
15.360789 117.121826 
15.368962 118.121834 
15.377144 119.121834 
15.385326 120.121826 
15.393506 121.121826 
15.401687 122.121826 
15.409868 123.121826 
15.418017 124.121826 
15.426201 125.121826 
15.433378 126.121826 
15.440560 127.121826 
15.447710 128.121826 
15.454891 129.121826 
15.462076 130.121826 
15.469269 131.121826 
15.476439 132.121826 
15.483622 133.121826 
15.505852 66.560913 
15.521036 33.280457 
15.551222 16.640228 
15.611391 8.320114 
15.731593 4.160057 
15.971788 2.080029 
16.451969 3.080029 
16.776149 4.080029 
17.021330 5.080029 
17.217509 6.080029 
17.381688 7.080029 
17.522870 8.080029 
17.646059 9.080029 
17.756254 10.080029 
17.855434 11.080029 
17.945613 12.080029 
18.027806 13.080029 
18.103996 14.080029 
18.175179 15.080029 
18.241358 16.080029 
18.303537 17.080029 
18.361715 18.080029 
18.416885 19.080029 
18.469063 20.080029 
18.518227 21.080029 
18.565391 22.080029 
18.610569 23.080029 
18.653757 24.080029 
18.694940 25.080029 
18.734118 26.080029 
18.772287 27.080029 
18.808457 28.080029 
18.843650 29.080027 
18.877819 30.080027 
18.910996 31.080029 
18.943175 32.080029 
18.974385 33.080029 
19.004557 34.080029 
19.033732 35.080029 
19.061908 36.080029 
19.089095 37.080029 
19.115298 38.080029 
19.141479 39.080029 
19.166657 40.080029 
19.190862 41.080029 
19.215069 42.080029 
19.238236 43.080029 
19.261407 44.080029 
19.283611 45.080029 
19.305818 46.080029 
19.326994 47.080029 
19.348201 48.080029 
19.368375 49.080029 
19.388534 50.080029 
19.407695 51.080029 
19.426856 52.080032 
19.446009 53.080032 
19.464190 54.080032 
19.482351 55.080032 
19.500512 56.080032 
19.517687 57.080036 
19.534854 58.080032 
19.552035 59.080029 
19.568204 60.080029 
19.600439 61.080029 
19.616624 62.080029 
19.632792 63.080029 
19.647943 64.080032 
19.663112 65.080032 
19.678262 66.080032 
19.693436 67.080032 
19.707588 68.080032 
19.721779 69.080032 
19.735986 70.080032 
19.750143 71.080032 
19.764323 72.080032 
19.777491 73.080032 
19.790666 74.080032 
19.803841 75.080032 
19.817009 76.080032 
19.830157 77.080032 
19.842328 78.080032 
19.854509 79.080032 
19.866673 80.080032 
19.878835 81.080032 
19.891003 82.080032 
19.903186 83.080032 
19.915372 84.080032 
19.926539 85.080032 
19.937710 86.080032 
19.948871 87.080032 
19.960038 88.080032 
19.971256 89.080032 
19.982418 90.080032 
19.993592 91.080032 
20.003741 92.080032 
20.013899 93.080032 
20.024072 94.080032 
20.034235 95.080032 
20.044414 96.080032 
20.054623 97.080032 
20.064788 98.080032 
20.074967 99.080032 
20.085138 100.080032 
20.094282 101.080040 
20.103436 102.080040 
20.112600 103.080040 
20.121799 104.080040 
20.130971 105.080048 
20.140149 106.080048 
20.149305 107.080048 
20.158452 108.080048 
20.167630 109.080048 
20.176793 110.080048 
20.185957 111.080048 
20.195136 112.080048 
20.203306 113.080048 
20.211471 114.080048 
20.219618 115.080048 
20.227773 116.080048 
20.235971 117.080040 
20.244145 118.080040 
20.252318 119.080048 
20.260496 120.080055 
20.268680 121.080048 
20.276829 122.080040 
20.284985 123.080040 
20.293149 124.080040 
20.301319 125.080040 
20.308465 126.080040 
20.315629 127.080040 
20.322783 128.080048 
20.329962 129.080048 
20.337141 130.080048 
20.344319 131.080048 
20.351489 132.080048 
20.358652 133.080048 
20.365830 134.080048 
20.372988 135.080048 
20.380166 136.080048 
20.387330 137.080048 
20.394507 138.080048 
20.401665 139.080048 
20.408845 140.080048 
20.416015 141.080048 
20.423176 142.080048 
20.430351 143.080048 
20.436520 144.080048 
20.442698 145.080048 
20.448854 146.080048 
20.455018 147.080048 
20.461207 148.080048 
20.467377 149.080048 
20.473542 150.080048 
20.479697 75.040024 
20.492878 37.520012 
20.519059 18.760006 
20.572232 9.380003 
20.678423 4.690001 
20.891643 2.345001 
21.317833 3.345001 
21.616004 4.345001 
21.846172 5.345001 
22.033344 6.345001 
22.190514 7.345001 
22.326690 8.345001 
22.445873 9.345001 
22.553081 10.345001 
22.649263 11.345001 
22.737450 12.345001 
22.818662 13.345001 
22.892839 14.345001 
22.962007 15.345001 
23.027167 16.345001 
23.088317 17.345001 
23.145485 18.345001 
23.199639 19.345001 
23.250806 20.345001 
23.299965 21.345001 
23.346117 22.345001 
23.390284 23.345001 
23.432444 24.345001 
23.473633 25.345001 
23.512826 26.344999 
23.550009 27.344997 
23.586215 28.344997 
23.621401 29.344997 
23.655563 30.344997 
23.687729 31.344997 
23.718891 32.344997 
23.749051 33.344997 
23.778221 34.344997 
23.807389 35.344997 
23.835539 36.344997 
23.862689 37.344997 
23.888847 38.344997 
23.915004 39.344997 
23.940162 40.344997 
23.964360 41.344997 
23.988520 42.344997 
24.011670 43.344997 
24.034830 44.344997 
24.056988 45.344997 
24.079174 46.344997 
24.100333 47.344997 
24.121491 48.344997 
24.141642 49.344997 
24.161803 50.344994 
24.180962 51.344994 
24.200119 52.344997 
24.219276 53.344994 
24.237433 54.344994 
24.255582 55.344994 
24.273739 56.344990 
24.290897 57.344994 
24.308055 58.344994 
24.325221 59.344997 
24.341397 60.344994 
24.357555 61.344994 
24.373704 62.344997 
24.389870 63.344997 
24.405050 64.345001 
24.420230 65.345001 
24.435409 66.345001 
24.450589 67.345001 
24.464773 68.345001 
24.478952 69.345001 
24.493135 70.345001 
24.507300 71.345001 
24.521474 72.345001 
24.534652 73.345001 
24.547831 74.345001 
24.561010 75.345001 
24.574186 76.345001 
24.587363 77.345001 
24.599528 78.345001 
24.611688 79.345001 
24.623867 80.345001 
24.636046 81.345001 
24.648227 82.345001 
24.660406 83.345001 
24.671595 84.345001 
24.682774 85.345001 
24.693954 86.345001 
24.705108 87.345001 
24.716266 88.345001 
24.727447 89.345001 
24.738627 90.345001 
24.749821 91.345001 
24.759986 92.345001 
24.770164 93.345001 
24.780356 94.345001 
24.790521 95.345001 
24.800701 96.345001 
24.810890 97.345001 
24.821055 98.345001 
24.831220 99.345009 
24.841399 100.345001 
24.850570 101.345001 
24.859778 102.345001 
24.868962 103.345001 
24.878085 104.345009 
24.887233 105.345009 
24.896389 106.345009 
24.905546 107.345009 
24.914694 108.345009 
24.923850 109.345009 
24.933006 110.345016 
24.942152 111.345016 
24.950304 112.345016 
24.958458 113.345009 
24.966614 114.345009 
24.974790 115.345009 
24.982947 116.345009 
24.991103 117.345009 
24.999268 118.345016 
25.007425 119.345009 
25.015603 120.345001 
25.023774 121.345001 
25.031954 122.345009 
25.040112 123.345009 
25.048290 124.345009 
25.056498 125.345009 
25.071726 126.345009 
25.078905 127.345009 
25.086092 128.345001 
25.100301 129.345001 
25.107480 130.345001 
25.114659 131.345001 
25.121831 132.345001 
25.128987 133.345001 
25.136165 134.345001 
25.143335 135.345001 
25.150516 136.345001 
25.157663 137.345001 
25.164842 138.345001 
25.172021 139.345001 
25.179221 140.345001 
25.193448 141.345001 
25.200627 142.345001 
25.207806 143.345001 
25.213985 144.345001 
25.220141 145.345001 
25.226317 146.345001 
25.232485 147.345001 
25.238656 148.345001 
25.244836 149.345001 
25.250982 150.345001 
25.257162 75.172501 
25.270330 37.586250 
25.296494 18.793125 
25.349684 9.396563 
25.455895 4.698281 
25.668113 2.349141 
26.093270 3.349141 
26.391455 4.349141 
26.620644 5.349141 
26.806815 6.349141 
26.964002 7.349141 
27.100188 8.349140 
27.219353 9.349140 
27.325521 10.349140 
27.421682 11.349140 
27.509848 12.349140 
27.590028 13.349140 
27.664213 14.349139 
27.733372 15.349140 
27.798544 16.349140 
27.859721 17.349140 
27.916888 18.349140 
27.971055 19.349140 
28.022219 20.349140 
28.071402 21.349140 
28.117561 22.349140 
28.161751 23.349140 
28.203957 24.349138 
28.245142 25.349138 
28.284312 26.349138 
28.321514 27.349138 
28.357688 28.349138 
28.392843 29.349138 
28.427045 30.349140 
28.459213 31.349140 
28.490381 32.349140 
28.520546 33.349140 
28.549727 34.349140 
28.578909 35.349140 
28.607098 36.349140 
28.634282 37.349140 
28.660460 38.349140 
28.686641 39.349140 
28.711854 40.349140 
28.736034 41.349140 
28.760224 42.349140 
28.783390 43.349140 
28.806557 44.349140 
28.828774 45.349140 
28.850940 46.349140 
28.872120 47.349140 
28.893302 48.349140 
28.913482 49.349144 
28.933662 50.349144 
28.952875 51.349144 
28.972076 52.349144 
28.991256 53.349140 
29.009439 54.349140 
29.027605 55.349144 
29.045769 56.349144 
29.062932 57.349144 
29.080091 58.349144 
29.097245 59.349140 
29.113399 60.349144 
29.129550 61.349144 
29.145702 62.349140 
29.161859 63.349140 
29.177017 64.349136 
29.192198 65.349136 
29.207385 66.349136 
29.222559 67.349136 
29.236740 68.349136 
29.250922 69.349136 
29.265116 70.349136 
29.279304 71.349136 
29.293469 72.349136 
29.306648 73.349136 
29.319828 74.349136 
29.333008 75.349136 
29.346184 76.349136 
29.359362 77.349136 
29.371542 78.349136 
29.383710 79.349136 
29.395890 80.349136 
29.408071 81.349136 
29.420251 82.349136 
29.432438 83.349136 
29.443607 84.349136 
29.454795 85.349136 
29.465962 86.349136 
29.477110 87.349136 
29.488290 88.349136 
29.499470 89.349136 
29.510649 90.349136 
29.521829 91.349136 
29.532001 92.349136 
29.542177 93.349136 
29.552340 94.349136 
29.562506 95.349136 
29.572687 96.349136 
29.582867 97.349136 
29.593039 98.349136 
29.603253 99.349136 
29.613422 100.349136 
29.622601 101.349136 
29.631781 102.349136 
29.640959 103.349136 
29.650097 104.349136 
29.659267 105.349136 
29.668438 106.349136 
29.677617 107.349144 
29.686789 108.349144 
29.695968 109.349152 
29.705148 110.349144 
29.714317 111.349144 
29.722497 112.349144 
29.730670 113.349136 
29.738848 114.349136 
29.746997 115.349136 
29.755154 116.349136 
29.763311 117.349136 
29.771469 118.349144 
29.779617 119.349136 
29.787781 120.349136 
29.795960 121.349144 
29.804124 122.349152 
29.812303 123.349159 
29.820460 124.349159 
29.828629 125.349159 
29.835778 126.349159 
29.842935 127.349159 
29.850083 128.349152 
29.857233 129.349152 
29.871433 130.349152 
29.878589 131.349152 
29.885754 132.349152 
29.892919 133.349152 
29.900088 134.349152 
29.907244 135.349152 
29.914409 136.349152 
29.921584 137.349152 
29.928743 138.349152 
29.935922 139.349152 
29.943094 140.349152 
29.950248 141.349152 
29.957418 142.349152 
29.964574 143.349152 
29.970739 144.349152 
29.976903 145.349152 
29.989126 146.349152 
29.995283 147.349152 
30.001449 73.674576 
30.014632 36.837288 
30.041795 18.418644 
30.095977 9.209322 
30.204168 4.604661 
30.421364 2.302330 
30.855535 3.302331 
31.157702 4.302331 
31.389886 5.302331 
31.578057 6.302331 
31.924296 7.302330 
32.060490 8.302330 
32.180676 9.302330 
32.287854 10.302330 
32.385013 11.302330 
32.473183 12.302330 
32.554351 13.302331 
32.629528 14.302331 
32.698713 15.302332 
32.763876 16.302332 
32.825050 17.302332 
32.882220 18.302332 
32.936430 19.302332 
32.987600 20.302332 
33.036768 21.302332 
33.082987 22.302332 
33.127175 23.302332 
33.169383 24.302332 
33.210564 25.302332 
33.249723 26.302332 
33.287877 27.302332 
33.324036 28.302330 
33.359196 29.302330 
33.393355 30.302330 
33.426507 31.302330 
33.457696 32.302330 
33.487875 33.302330 
33.518028 34.302330 
33.547193 35.302330 
33.575380 36.302330 
33.602538 37.302330 
33.628697 38.302330 
33.654864 39.302330 
33.680052 40.302330 
33.704213 41.302330 
33.728373 42.302330 
33.751523 43.302330 
33.774683 44.302330 
33.796842 45.302330 
33.819001 46.302330 
33.840182 47.302330 
33.861370 48.302330 
33.881552 49.302334 
33.901728 50.302334 
33.920894 51.302334 
33.940057 52.302334 
33.959244 53.302334 
33.977408 54.302334 
33.995563 55.302330 
34.013715 56.302334 
34.030866 57.302334 
34.048018 58.302334 
34.065197 59.302330 
34.081356 60.302330 
34.097513 61.302330 
34.113671 62.302330 
34.129837 63.302330 
34.145016 64.302330 
34.160188 65.302330 
34.175346 66.302330 
34.190510 67.302330 
34.204675 68.302330 
34.218841 69.302330 
34.233021 70.302330 
34.247201 71.302330 
34.261358 72.302330 
34.274521 73.302330 
34.287701 74.302330 
34.300856 75.302330 
34.314004 76.302330 
34.327161 77.302330 
34.339357 78.302330 
34.351540 79.302330 
34.363707 80.302330 
34.375858 81.302330 
34.388016 82.302330 
34.400172 83.302330 
34.412351 84.302330 
34.423531 85.302330 
34.434679 86.302330 
34.445859 87.302330 
34.457069 88.302330 
34.468229 89.302330 
34.479387 90.302330 
34.490560 91.302330 
34.500733 92.302330 
34.510909 93.302330 
34.521075 94.302330 
34.531255 95.302330 
34.541427 96.302330 
34.551586 97.302330 
34.561744 98.302330 
34.571910 99.302330 
34.582100 100.302330 
34.591264 101.302330 
34.600421 102.302330 
34.609578 103.302330 
34.618735 104.302322 
34.627891 105.302322 
34.637048 106.302322 
34.646205 107.302322 
34.655359 108.302315 
34.673574 109.302315 
34.682757 110.302307 
34.700958 111.302307 
34.709109 112.302315 
34.725321 113.302315 
34.733477 114.302322 
34.741632 115.302315 
34.749796 116.302315 
34.766012 117.302322 
34.774162 118.302330 
34.782321 119.302330 
34.790481 120.302322 
34.798629 121.302322 
34.806810 122.302330 
34.823026 123.302338 
34.831189 124.302338 
34.846423 125.302338 
34.853604 126.302338 
34.860756 127.302338 
34.874965 128.302338 
34.882084 129.302338 
34.889248 130.302338 
34.896395 131.302338 
34.903543 132.302338 
34.917750 133.302338 
34.924912 134.302338 
34.939122 135.302338 
34.946275 136.302338 
34.953434 137.302338 
34.967646 138.302338 
34.974807 139.302338 
34.981960 140.302338 
34.989116 141.302338 
35.003330 142.302338 
35.010483 143.302338 
35.016644 144.302338 
35.022778 145.302338 
35.028910 146.302338 
35.035066 147.302338 
35.041247 148.302338 
35.047428 149.302338 
35.059643 150.302338 
35.065833 151.302338 
35.072014 152.302338 
35.078190 153.302338 
35.084359 154.302338 
35.096592 155.302338 
35.102752 156.302338 
35.108932 157.302338 
35.121139 158.302338 
35.127304 159.302338 
35.133495 160.302338 
35.139675 80.151169 
35.151856 40.075584 
35.176037 20.037792 
35.225219 10.018896 
35.324428 5.009448 
35.523618 2.504724 
35.922815 3.504724 
36.208007 4.504724 
36.429170 5.504724 
36.610340 6.504724 
36.763504 7.504724 
36.896682 8.504725 
37.013844 9.504725 
37.119005 10.504725 
37.214192 11.504725 
37.300439 12.504725 
37.379608 13.504725 
37.453824 14.504726 
37.522013 15.504727 
37.586183 16.504726 
37.646349 17.504726 
37.703550 18.504726 
37.757735 19.504726 
37.808940 20.504726 
37.857180 21.504726 
37.903381 22.504726 
37.947592 23.504726 
37.989824 24.504726 
38.030041 25.504726 
38.069227 26.504728 
38.106396 27.504730 
38.142556 28.504730 
38.177750 29.504728 
38.210936 30.504728 
38.243092 31.504728 
38.274257 32.504730 
38.304433 33.504730 
38.333592 34.504730 
38.361758 35.504730 
38.389922 36.504730 
38.417072 37.504730 
38.443223 38.504730 
38.468391 39.504730 
38.493544 40.504730 
38.517703 41.504730 
38.541862 42.504730 
38.565055 43.504730 
38.587216 44.504730 
38.609384 45.504730 
38.630546 46.504730 
38.651714 47.504730 
38.672866 48.504730 
38.693024 49.504730 
38.713182 50.504730 
38.732342 51.504726 
38.751500 52.504726 
38.770659 53.504726 
38.788829 54.504726 
38.806980 55.504726 
38.825141 56.504730 
38.842295 57.504730 
38.859458 58.504734 
38.876609 59.504734 
38.892767 60.504738 
38.908929 61.504742 
38.925086 62.504742 
38.940254 63.504742 
38.955404 64.504745 
38.970572 65.504745 
38.985723 66.504745 
39.000880 67.504745 
39.015041 68.504745 
39.029198 69.504745 
39.043347 70.504745 
39.057505 71.504745 
39.070663 72.504745 
39.083859 73.504745 
39.097020 74.504745 
39.110167 75.504745 
39.123328 76.504745 
39.136477 77.504745 
39.148634 78.504745 
39.160801 79.504745 
39.172965 80.504745 
39.185126 81.504745 
39.197316 82.504745 
39.209488 83.504745 
39.220640 84.504745 
39.231802 85.504745 
39.242954 86.504745 
39.254087 87.504745 
39.265253 88.504745 
39.276411 89.504745 
39.287563 90.504745 
39.298727 91.504745 
39.319943 92.504745 
39.330130 93.504745 
39.340290 94.504745 
39.350439 95.504745 
39.360597 96.504745 
39.370763 97.504745 
39.380943 98.504745 
39.391115 99.504745 
39.401280 100.504753 
39.410450 101.504753 
39.419614 102.504761 
39.437846 103.504761 
39.447013 104.504761 
39.456175 105.504753 
39.465334 106.504745 
39.474512 107.504745 
39.492733 108.504745 
39.501890 109.504738 
39.511054 110.504738 
39.520226 111.504745 
39.528375 112.504753 
39.536532 113.504753 
39.552747 114.504753 
39.560927 115.504761 
39.569097 116.504753 
39.585343 117.504753 
39.593510 118.504745 
39.601688 119.504745 
39.609867 120.504745 
39.618026 121.504745 
39.626194 122.504753 
39.634352 123.504753 
39.642512 124.504745 
39.650672 125.504745 
39.657842 126.504745 
39.672059 127.504745 
39.679221 128.504745 
39.686391 129.504745 
39.700596 130.504745 
39.707776 131.504745 
39.714954 132.504745 
39.722127 133.504745 
39.736333 134.504745 
39.743483 135.504745 
39.750665 136.504745 
39.757839 137.504745 
39.772058 138.504745 
39.779233 139.504745 
39.793464 140.504745 
39.800646 141.504745 
39.807822 142.504745 
39.822051 143.504745 
39.835286 144.504745 
39.841460 145.504745 
39.847634 146.504745 
39.859860 147.504745 
39.866035 148.504745 
39.885249 74.252373 
39.898423 37.126186 
39.924600 18.563093 
39.977771 9.281547 
40.084960 4.640773 
40.300140 5.640773 
40.477325 6.640773 
40.627503 7.640774 
40.757683 8.640774 
40.872861 9.640774 
40.976040 10.640774 
41.069213 11.640774 
41.154407 12.640773 
41.233586 13.640773 
41.306755 14.640773 
41.374945 15.640773 
41.438115 16.640774 
41.498285 17.640774 
41.554499 18.640774 
41.607692 19.640774 
41.657893 20.640774 
41.706106 21.640774 
41.752312 22.640774 
41.796493 23.640774 
41.838667 24.640774 
41.878828 25.640776 
41.918025 26.640776 
41.955210 27.640774 
41.991378 28.640776 
42.025568 29.640776 
42.058735 30.640776 
42.090899 31.640776 
42.122077 33.640778 
42.182299 33.640778 
42.211469 34.640778 
42.239647 35.640778 
42.267832 36.640778 
42.295041 37.640778 
42.321212 38.640778 
42.346388 39.640778 
42.371572 40.640778 
42.395742 41.640778 
42.419943 42.640778 
42.443124 43.640778 
42.465302 44.640778 
42.487479 45.640778 
42.508647 46.640778 
42.529877 47.640778 
42.550036 48.640778 
42.570212 49.640774 
42.590376 50.640774 
42.609550 51.640774 
42.628719 52.640774 
42.646888 53.640778 
42.665066 54.640778 
42.683218 55.640774 
42.700396 56.640774 
42.717566 57.640770 
42.734742 58.640770 
42.751912 59.640770 
42.785143 60.640766 
42.801327 61.640766 
42.817521 62.640766 
42.832696 63.640766 
42.847875 64.640762 
42.863029 65.640762 
42.878201 66.640762 
42.893351 67.640762 
42.907527 68.640762 
42.921711 69.640762 
42.935917 70.640762 
42.950123 71.640762 
42.963303 72.640762 
42.976469 73.640762 
42.989634 74.640762 
43.002790 75.640762 
43.015934 76.640762 
43.029069 77.640762 
43.041218 78.640762 
43.053382 79.640762 
43.077599 80.640762 
43.089764 81.640762 
43.101912 82.640762 
43.114065 84.640762 
43.137262 84.640762 
43.148423 85.640762 
43.159569 86.640762 
43.170717 87.640762 
43.181853 88.640762 
43.192987 89.640762 
43.204120 90.640762 
43.215270 91.640762 
43.225434 92.640762 
43.245652 93.640762 
43.255819 94.640762 
43.276035 95.640770 
43.286196 96.640770 
43.296340 97.640762 
43.306506 98.640762 
43.316668 99.640762 
43.326848 100.640762 
43.346053 101.640762 
43.365290 102.640762 
43.374445 103.640762 
43.392663 104.640762 
43.401853 105.640755 
43.411070 106.640747 
43.420223 107.640747 
43.429380 108.640739 
43.438536 109.640739 
43.456753 110.640739 
43.465901 111.640732 
43.483121 112.640739 
43.491301 113.640747 
43.499480 114.640739 
43.515703 115.640739 
43.523862 116.640739 
43.540071 58.320370 
43.557251 29.160185 
43.591433 14.580092 
43.659622 7.290046 
43.796829 3.645023 
44.071034 1.822512 
44.619228 2.822512 
44.973412 3.822512 
45.234636 4.822512 
45.441863 5.822512 
45.613055 6.822511 
45.759236 7.822511 
45.886402 8.822512 
45.999563 9.822512 
46.100754 10.822512 
46.192937 11.822512 
46.277122 12.822512 
46.354304 13.822513 
46.426488 14.822513 
46.493671 15.822513 
46.556846 16.822514 
46.616036 17.822514 
46.672249 18.822514 
46.725437 19.822514 
46.775626 20.822514 
46.823793 21.822514 
46.868947 22.822514 
46.912145 23.822512 
46.953331 24.822512 
46.993495 25.822512 
47.031656 26.822512 
47.068812 27.822510 
47.103979 28.822508 
47.138137 29.822510 
47.171299 30.822510 
47.203459 31.822510 
47.234612 32.822510 
47.264764 33.822510 
47.293915 34.822510 
47.322069 35.822510 
47.349238 36.822510 
47.376397 37.822510 
47.402556 38.822510 
47.427715 39.822510 
47.452874 40.822510 
47.477034 41.822510 
47.500185 42.822510 
47.523352 43.822510 
47.545533 44.822510 
47.567715 45.822510 
47.588864 46.822510 
47.610047 47.822514 
47.630228 48.822514 
47.650373 49.822514 
47.670541 50.822514 
47.689701 51.822514 
47.708859 52.822514 
47.727040 53.822514 
47.745198 54.822517 
47.763356 55.822517 
47.780514 56.822517 
47.797664 57.822517 
47.814831 58.822521 
47.832010 59.822521 
47.865234 60.822521 
47.881391 61.822521 
47.897549 62.822521 
47.928746 63.822521 
47.943905 64.822525 
47.959066 65.822525 
47.974214 66.822525 
47.988370 67.822525 
48.002527 68.822525 
48.016684 69.822525 
48.030842 70.822525 
48.044999 71.822525 
48.058154 72.822525 
48.071310 73.822525 
48.097526 74.822525 
48.110713 75.822525 
48.123886 76.822525 
48.137043 77.822525 
48.149202 78.822525 
48.161359 79.822525 
48.173514 80.822525 
48.185674 81.822525 
48.197831 82.822525 
48.209997 83.822525 
48.221149 84.822525 
48.243371 85.822525 
48.254552 86.822525 
48.265712 87.822525 
48.276882 88.822525 
48.288041 89.822525 
48.299207 90.822525 
48.310352 91.822533 
48.320523 92.822533 
48.330681 93.822533 
48.340840 94.822533 
48.361048 95.822533 
48.371217 96.822533 
48.391435 97.822533 
48.401585 98.822540 
48.421798 99.822540 
48.431962 100.822540 
48.451228 101.822548 
48.460391 102.822548 
48.469547 103.822548 
48.478705 104.822548 
48.496905 105.822540 
48.506108 107.822533 
48.524296 107.822533 
48.533453 108.822525 
48.551668 109.822525 
48.560848 110.822525 
48.579056 111.822525 
48.587235 112.822517 
48.595399 113.822510 
48.611625 114.822502 
48.619789 115.822502 
48.635998 116.822502 
48.644155 117.822502 
48.660362 118.822502 
48.668542 119.822510 
48.676722 120.822510 
48.692927 121.822502 
48.701107 122.822502 
48.709287 123.822502 
48.717465 124.822495 
48.732671 125.822495 
48.739829 126.822495 
48.754043 127.822495 
48.761196 128.822495 
48.775411 129.822495 
48.789627 130.822495 
48.796807 131.822495 
48.811015 132.822495 
48.825189 133.822495 
48.832367 134.822495 
48.846575 135.822495 
48.853735 136.822495 
48.867944 137.822495 
48.875109 138.822495 
48.889326 139.822495 
48.896506 140.822495 
48.910729 141.822495 
48.917887 142.822495 
48.931110 143.822495 
48.944332 144.822495 
48.950536 145.822495 
48.956703 146.822495 
48.962881 147.822495 
48.975101 148.822495 
48.981281 149.822495 
48.993505 150.822495 
49.005727 151.822495 
49.011907 152.822495 
49.024115 153.822495 
49.036320 154.822495 
49.042500 155.822495 
49.054723 156.822495 
49.066966 157.822495 
49.073126 158.822495 
49.079283 159.822495 
49.091496 160.822495 
49.097655 161.822495 
49.109877 162.822495 
49.122109 163.822495 
49.128269 164.822495 
49.140491 165.822495 
49.151722 166.822495 
49.156891 167.822495 
49.167114 168.822495 
49.177337 169.822495 
49.187559 170.822495 
49.192716 171.822495 
49.202932 172.822495 
49.213163 173.822495 
49.218363 174.822495 
49.223533 175.822495 
49.233756 176.822495 
49.243975 177.822495 
49.249156 88.911247 
49.260336 44.455624 
49.315562 22.227812 
49.359743 11.113906 
49.448925 5.556953 
49.628123 6.556953 
49.780297 7.556953 
49.912461 8.556953 
50.028623 9.556953 
50.132790 10.556953 
50.226955 11.556953 
50.313118 12.556953 
50.392304 13.556953 
50.465487 14.556953 
50.533649 15.556953 
50.597811 16.556953 
50.657980 17.556953 
50.714155 18.556953 
50.767345 19.556953 
50.818500 20.556953 
50.866703 21.556953 
50.912882 22.556953 
50.957064 23.556953 
50.999216 24.556953 
51.039383 25.556953 
51.078544 26.556953 
51.115697 27.556953 
51.151856 28.556953 
51.187031 29.556955 
51.220183 30.556955 
51.252358 31.556955 
51.283526 32.556953 
51.313716 33.556953 
51.342895 34.556953 
51.371074 35.556953 
51.399288 36.556953 
51.426470 37.556953 
51.452637 38.556953 
51.477802 39.556953 
51.503003 40.556953 
51.527170 41.556953 
51.551323 42.556953 
51.597525 43.556953 
51.619684 44.556953 
51.641843 45.556953 
51.685070 46.556953 
51.706241 47.556953 
51.727412 48.556950 
51.768660 49.556950 
51.788843 50.556950 
51.808024 51.556950 
51.827212 52.556950 
51.864429 53.556950 
51.882609 54.556953 
51.917832 55.556950 
51.934992 56.556950 
51.952152 57.556953 
51.969302 58.556953 
52.002520 59.556950 
52.018700 60.556946 
52.034880 61.556942 
52.051061 62.556942 
52.066237 63.556942 
52.081406 64.556946 
52.096565 65.556946 
52.126784 66.556946 
52.141965 67.556946 
52.156145 68.556946 
52.170324 69.556946 
52.184503 70.556946 
52.211729 71.556946 
52.224899 72.556946 
52.238065 73.556946 
52.264293 74.556946 
52.277488 75.556946 
52.290655 76.556946 
52.303805 77.556946 
52.329013 78.556946 
52.341194 79.556946 
52.365411 80.556946 
52.377567 81.556946 
52.389715 82.556946 
52.401873 83.556946 
52.413035 84.556946 
52.424187 85.556946 
52.446411 86.556946 
52.457569 87.556946 
52.468728 88.556946 
52.490931 89.556946 
52.502107 90.556946 
52.513265 91.556946 
52.534477 92.556946 
52.544635 93.556946 
52.554826 94.556946 
52.574985 95.556946 
52.585165 96.556946 
52.605376 97.556946 
52.615556 98.556946 
52.635773 99.556946 
52.645953 100.556953 
52.665207 101.556961 
52.674364 102.556961 
52.683519 103.556969 
52.692667 104.556969 
52.710883 105.556969 
52.720063 106.556969 
52.729244 107.556969 
52.747466 108.556969 
52.765666 109.556969 
52.783890 110.556969 
52.793047 111.556961 
52.810261 112.556961 
52.818431 113.556961 
52.826590 114.556969 
52.842806 115.556976 
52.850987 57.778488 
52.868169 28.889244 
52.902330 14.444622 
52.971520 7.222311 
53.109706 8.222311 
53.230912 9.222311 
53.339124 10.222311 
53.436354 11.222311 
53.525538 12.222311 
53.606733 13.222311 
53.681944 14.222312 
53.752156 15.222311 
53.817361 16.222311 
53.878531 17.222311 
53.936690 18.222311 
53.990851 19.222311 
54.043026 20.222311 
54.092209 21.222311 
54.139391 22.222311 
54.183573 23.222311 
54.226765 24.222311 
54.267924 25.222311 
54.307107 26.222311 
54.345298 27.222311 
54.381473 28.222311 
54.416655 29.222311 
54.450837 30.222311 
54.484018 31.222313 
54.516212 32.222313 
54.547364 33.222313 
54.577524 34.222313 
54.606707 35.222313 
54.634877 36.222313 
54.662059 38.222313 
54.715339 38.222313 
54.741512 39.222313 
54.766679 40.222313 
54.790845 41.222313 
54.815004 42.222313 
54.838167 43.222313 
54.861333 44.222313 
54.883498 45.222313 
54.905655 46.222313 
54.948872 47.222313 
54.970042 48.222313 
55.011281 49.222309 
55.031448 50.222309 
55.070662 51.222309 
55.089844 52.222309 
55.127123 53.222309 
55.145302 54.222313 
55.163470 55.222313 
55.181633 56.222309 
55.216873 57.222305 
55.234036 58.222305 
55.251193 59.222301 
55.267347 60.222301 
55.299558 61.222301 
55.315733 62.222305 
55.331891 63.222305 
55.363100 64.222305 
55.378256 65.222305 
55.393411 66.222305 
55.422627 67.222305 
55.436808 68.222305 
55.450988 69.222305 
55.479213 70.222305 
55.493401 71.222305 
55.507562 72.222305 
55.520717 73.222305 
55.533865 74.222305 
55.547023 75.222305 
55.560182 76.222305 
55.573341 77.222305 
55.598558 78.222305 
55.610771 79.222305 
55.622939 80.222305 
55.635119 81.222305 
55.647299 82.222305 
55.659479 83.222305 
55.682705 84.222305 
55.693862 85.222305 
55.716081 86.222305 
55.727261 87.222305 
55.749484 88.222305 
55.760650 89.222305 
55.771831 90.222305 
55.783012 91.222305 
55.804237 92.222305 
55.814394 93.222313 
55.834611 94.222313 
55.844791 95.222313 
55.865001 96.222313 
55.875182 97.222313 
55.885362 98.222313 
55.905588 99.222305 
55.915745 100.222305 
55.934962 101.222305 
55.944142 102.222305 
55.962366 103.222298 
55.990579 51.611149 
56.009758 25.805574 
56.047923 12.902787 
56.125118 6.451394 
56.280290 7.451394 
56.414486 8.451394 
56.532698 9.451394 
56.637928 10.451394 
56.733104 11.451394 
56.820273 12.451394 
56.900501 13.451394 
56.974677 14.451393 
57.043879 15.451392 
57.108067 16.451393 
57.168280 17.451393 
57.225503 18.451393 
57.279711 19.451393 
57.330930 20.451393 
57.379141 21.451393 
57.425361 22.451393 
57.469553 23.451391 
57.511738 24.451391 
57.551956 25.451389 
57.591136 26.451389 
57.628308 27.451389 
57.664504 28.451391 
57.699721 29.451391 
57.732897 30.451391 
57.765065 31.451391 
57.827322 32.451393 
57.857529 33.451393 
57.886706 34.451393 
57.943971 35.451393 
57.972208 36.451393 
57.999396 37.451393 
58.025576 38.451393 
58.051789 39.451393 
58.076976 40.451393 
58.101139 41.451393 
58.148349 42.451393 
58.171522 43.451393 
58.194689 44.451393 
58.216859 45.451393 
58.260078 46.451393 
58.303295 47.451389 
58.324508 48.451393 
58.344680 49.451389 
58.364846 50.451389 
58.384007 51.451389 
58.403169 52.451389 
58.440420 53.451389 
58.458591 54.451393 
58.476745 55.451393 
58.494912 56.451389 
58.530124 57.451389 
58.547305 58.451393 
58.564467 59.451393 
58.580617 60.451397 
58.596775 61.451393 
58.612933 62.451393 
58.644150 63.451393 
58.675359 64.451393 
58.690518 65.451393 
58.705676 66.451393 
58.720837 67.451393 
58.750054 68.451393 
58.779282 69.451393 
58.793439 70.451393 
58.820658 71.451393 
58.833834 72.451393 
58.847015 73.451393 
58.860195 74.451393 
58.886421 75.451393 
58.899580 76.451393 
58.912730 77.451393 
58.937947 78.451393 
58.950100 79.451393 
58.974313 80.451393 
58.986503 81.451393 
59.010720 82.451393 
59.022894 83.451393 
59.034079 84.451393 
59.056298 85.451393 
59.067479 86.451393 
59.089703 87.451393 
59.100883 88.451393 
59.123119 89.451393 
59.134289 90.451401 
59.145453 91.451401 
59.155626 92.451401 
59.175836 93.451401 
59.186017 94.451401 
59.206275 95.451401 
59.216467 96.451401 
59.226633 97.451401 
59.246856 98.451401 
59.257015 99.451401 
59.276189 100.451401 
59.285369 101.451401 
59.303593 102.451393 
59.321832 103.451393 
59.331004 104.451385 
59.340184 105.451385 
59.358408 106.451393 
59.367588 107.451393 
59.385814 108.451401 
59.394975 109.451393 
59.413212 110.451385 
59.431424 111.451385 
59.439604 112.451385 
59.455830 113.451385 
59.464010 114.451385 
59.489238 57.225693 
59.506398 28.612846 
59.540550 14.306423 
59.609723 7.153212 
59.749977 8.153212 
59.872189 9.153212 
59.981414 10.153212 
60.079664 11.153212 
60.168843 12.153212 
60.251048 13.153212 
60.327252 14.153212 
60.397439 15.153211 
60.462644 16.153210 
60.523853 17.153210 
60.582074 18.153210 
60.637273 19.153210 
60.689488 20.153210 
60.738706 21.153210 
60.785972 22.153210 
60.831167 23.153210 
60.874321 24.153208 
60.915474 25.153210 
60.954622 26.153210 
60.992764 27.153208 
61.028914 28.153208 
61.064066 29.153206 
61.098215 30.153204 
61.131393 31.153204 
61.163568 32.153206 
61.194732 33.153206 
61.224893 34.153206 
61.254102 35.153206 
61.282276 36.153206 
61.309444 37.153206 
61.335610 38.153206 
61.386829 39.153206 
61.411996 40.153206 
61.436159 41.153206 
61.483376 42.153206 
61.506548 43.153206 
61.529697 44.153206 
61.551855 45.153206 
61.574009 46.153206 
61.595169 47.153206 
61.616319 48.153206 
61.657585 49.153206 
61.677766 50.153202 
61.696935 51.153202 
61.716099 52.153202 
61.735277 53.153202 
61.772542 54.153202 
61.790714 55.153202 
61.808870 56.153202 
61.826024 57.153202 
61.843181 58.153202 
61.860341 59.153198 
61.893614 60.153198 
61.909783 61.153194 
61.925942 62.153194 
61.942074 63.153194 
61.957243 64.153198 
61.987449 65.153198 
62.002615 66.153198 
62.031867 67.153198 
62.046038 68.153198 
62.060187 69.153198 
62.074348 70.153198 
62.088494 71.153198 
62.102660 72.153198 
62.115819 73.153198 
62.142038 74.153198 
62.155244 75.153198 
62.168442 76.153198 
62.181619 77.153198 
62.193791 78.153198 
62.218020 79.153198 
62.230232 80.153198 
62.254463 81.153198 
62.278720 82.153198 
62.290900 83.153198 
62.303063 84.153198 
62.314220 85.153198 
62.325377 86.153198 
62.336537 87.153198 
62.358745 88.153198 
62.369899 89.153198 
62.392134 90.153198 
62.403311 91.153198 
62.424548 92.153198 
62.434727 93.153198 
62.454964 94.153198 
62.465142 95.153198 
62.485381 96.153198 
62.495560 97.153198 
62.515798 98.153198 
62.525976 99.153198 
62.545244 100.153191 
62.554426 101.153191 
62.563614 102.153183 
62.591846 51.076591 
62.611025 25.538296 
62.650192 12.769148 
62.728389 6.384574 
62.884579 3.192287 
63.197767 4.192287 
63.435976 5.192287 
63.628160 6.192287 
63.789355 7.192287 
63.928549 8.192287 
64.050738 9.192287 
64.158926 10.192287 
64.257114 11.192287 
64.346299 12.192287 
64.428485 13.192287 
64.503712 14.192286 
64.573932 15.192286 
64.639135 16.192287 
64.700359 17.192287 
64.758544 18.192287 
64.812709 19.192287 
64.864902 20.192287 
64.914083 21.192287 
64.961268 22.192287 
65.006445 23.192287 
65.049638 24.192287 
65.090820 25.192287 
65.170058 27.192289 
65.247314 27.192289 
65.283499 28.192289 
65.318682 29.192287 
65.386933 30.192287 
65.420119 31.192287 
65.452298 32.192287 
65.483499 33.192287 
65.513678 34.192287 
65.542845 35.192287 
65.571026 36.192287 
65.626253 37.192287 
65.652428 38.192287 
65.703662 39.192287 
65.728845 40.192287 
65.753027 41.192287 
65.777203 42.192287 
65.800361 43.192287 
65.823534 44.192287 
65.845715 45.192287 
65.888977 46.192287 
65.910171 47.192287 
65.931349 48.192287 
65.951525 49.192287 
65.971689 50.192287 
65.990882 51.192287 
66.010054 52.192284 
66.029217 53.192284 
66.047373 54.192284 
66.065560 55.192284 
66.083744 56.192284 
66.100923 57.192284 
66.118128 58.192287 
66.135290 59.192287 
66.151474 60.192287 
66.167655 61.192287 
66.183839 62.192287 
66.200021 63.192287 
66.215203 64.192291 
66.230383 65.192291 
66.245564 66.192291 
66.260745 67.192291 
66.274928 68.192291 
66.289095 69.192291 
66.303259 70.192291 
66.331491 71.192291 
66.345658 72.192291 
66.358842 73.192291 
66.372015 74.192291 
66.385233 75.192291 
66.398404 76.192291 
66.411567 77.192291 
66.423733 78.192291 
66.435917 79.192291 
66.448099 80.192291 
66.460265 81.192291 
66.472446 82.192291 
66.484628 83.192291 
66.507863 84.192291 
66.519049 85.192291 
66.530226 86.192291 
66.541393 87.192291 
66.552576 88.192291 
66.574793 89.192291 
66.585961 90.192291 
66.607174 91.192291 
66.617356 92.192291 
66.637567 93.192291 
66.647751 94.192291 
66.657941 95.192291 
66.668118 96.192291 
66.678276 97.192284 
66.688464 98.192291 
66.698625 99.192291 
66.708792 100.192299 
66.717957 101.192307 
66.736175 102.192299 
66.745354 103.192307 
66.754534 104.192314 
66.772779 105.192314 
66.781952 106.192307 
66.791142 107.192299 
66.800316 108.192307 
66.818538 109.192307 
66.827705 110.192307 
66.836879 111.192307 
66.854124 112.192307 
66.862282 113.192314 
66.870459 114.192322 
66.886701 115.192322 
66.894879 116.192322 
66.903043 117.192329 
66.919252 118.192329 
66.927432 119.192322 
66.935616 120.192329 
66.951811 121.192329 
66.959980 122.192329 
66.968151 123.192329 
66.984353 124.192337 
66.992517 125.192337 
66.999681 126.192337 
67.013872 127.192337 
67.021032 128.192337 
67.028201 129.192337 
67.042398 130.192337 
67.049566 131.192337 
67.063772 132.192337 
67.070934 133.192337 
67.085147 134.192337 
67.092299 135.192337 
67.099451 136.192337 
67.106625 137.192337 
67.113788 138.192337 
67.128014 139.192337 
67.135180 140.192337 
67.149389 141.192337 
67.156543 142.192337 
67.163714 143.192337 
67.169894 144.192337 
67.182082 145.192337 
67.188255 72.596169 
67.201427 36.298084 
67.269657 18.149042 
67.324864 9.074521 
67.435112 4.537261 
67.655372 5.537261 
67.835570 6.537261 
67.987741 7.537261 
68.119935 8.537260 
68.237167 9.537260 
68.341401 10.537260 
68.435570 11.537260 
68.521733 12.537260 
68.600916 13.537260 
68.674115 14.537259 
68.742275 15.537258 
68.870495 16.537258 
68.930661 17.537258 
68.987842 18.537258 
69.041007 19.537258 
69.142223 20.537258 
69.190385 21.537258 
69.236580 22.537260 
69.280779 23.537260 
69.322981 24.537262 
69.363161 25.537262 
69.402319 26.537264 
69.477534 27.537262 
69.513691 28.537262 
69.548864 29.537262 
69.582036 30.537260 
69.614225 31.537260 
69.645390 32.537262 
69.705634 33.537262 
69.734817 34.537262 
69.762987 35.537262 
69.818207 36.537262 
69.845369 37.537262 
69.897591 38.537262 
69.949813 39.537262 
70.001045 40.537262 
70.025219 41.537262 
70.072443 42.537262 
70.095613 43.537262 
70.117780 44.537262 
70.139952 45.537262 
70.161121 46.537262 
70.203343 47.537262 
70.224514 48.537262 
70.244688 49.537262 
70.283906 50.537262 
70.303083 51.537262 
70.341295 52.537262 
70.360478 53.537262 
70.397708 54.537258 
70.415878 55.537258 
70.434067 56.537262 
70.469290 57.537262 
70.504527 58.537262 
70.521704 59.537262 
70.554922 60.537266 
70.571082 61.537262 
70.602309 62.537262 
70.633582 63.537262 
70.648778 64.537262 
70.663957 65.537262 
70.679133 66.537262 
70.694296 67.537262 
70.708455 68.537262 
70.722667 69.537262 
70.736851 70.537262 
70.751031 71.537262 
70.764210 72.537262 
70.777388 73.537262 
70.790553 74.537262 
70.803724 75.537262 
70.816899 76.537262 
70.842137 78.537262 
70.867354 78.537262 
70.892580 79.537262 
70.917810 80.537262 
70.943022 81.537262 
70.968241 82.537262 
70.992464 83.537262 
71.016692 84.537262 
71.040912 85.537262 
71.065115 86.537262 
71.089350 87.537262 
71.113574 89.537262 
71.137797 89.537262 
71.148960 90.537262 
71.170166 91.537262 
71.191372 92.537262 
71.212578 94.537262 
71.233797 94.537262 
71.255006 95.537262 
71.265171 96.537262 
71.285377 97.537262 
71.305581 98.537262 
71.325788 99.537262 
71.344993 101.537262 
71.364172 101.537262 
71.373334 102.537262 
71.391503 103.537262 
71.409678 104.537270 
71.427845 105.537270 
71.446009 106.537270 
71.464176 107.537270 
71.482345 108.537277 
71.500518 109.537270 
71.518680 110.537270 
71.527835 111.537262 
71.545033 112.537270 
71.562234 113.537277 
71.570388 114.537285 
71.586591 115.537292 
71.602811 116.537292 
71.610975 117.537285 
71.627187 118.537292 
71.635354 119.537292 
71.643507 120.537300 
71.659712 121.537308 
71.675918 122.537308 
71.692123 123.537308 
71.708330 124.537308 
71.723526 125.537308 
71.738730 126.537308 
71.753934 127.537308 
71.769129 128.537308 
71.784324 129.537308 
71.791473 130.537308 
71.805675 131.537308 
71.819877 132.537308 
71.834085 133.537308 
71.848290 134.537308 
71.862503 135.537308 
71.876706 136.537308 
71.890929 137.537308 
71.905162 138.537308 
71.919389 139.537308 
71.933614 140.537308 
71.947834 141.537308 
71.962066 143.537308 
71.975293 143.537308 
71.988519 144.537308 
72.001739 145.537308 
72.014960 146.537308 
72.021144 147.537308 
72.033326 148.537308 
72.045504 149.537308 
72.057683 150.537308 
72.069868 151.537308 
72.082060 153.537308 
72.094252 153.537308 
72.106424 154.537308 
72.118591 155.537308 
72.130783 156.537308 
72.142983 157.537308 
72.155189 158.537308 
72.173381 79.268654 
72.204580 39.634327 
72.229741 19.817163 
72.354958 9.908582 
72.455140 10.908582 
72.638371 11.908582 
72.721541 12.908582 
72.798738 13.908582 
72.869925 14.908582 
72.937109 15.908582 
72.999296 16.908581 
73.058472 17.908581 
73.113640 18.908581 
73.165832 19.908581 
73.216008 20.908581 
73.263200 21.908581 
73.308375 22.908581 
73.351558 23.908581 
73.392741 24.908581 
73.432943 25.908581 
73.471118 26.908579 
73.508300 27.908579 
73.543528 28.908579 
73.577685 29.908579 
73.610869 30.908579 
73.643029 31.908579 
73.674189 32.908577 
73.704358 33.908577 
73.733528 34.908577 
73.761688 35.908577 
73.788850 36.908577 
73.816002 37.908577 
73.842165 38.908577 
73.867325 39.908577 
73.892486 40.908577 
73.916646 41.908577 
73.939808 42.908577 
73.962964 43.908577 
73.985130 44.908577 
74.007299 45.908573 
74.028451 46.908569 
74.069672 47.908569 
74.089854 48.908573 
74.110046 49.908573 
74.130226 50.908573 
74.149394 51.908573 
74.186623 52.908573 
74.204789 53.908573 
74.222972 54.908577 
74.241146 55.908577 
74.258324 56.908573 
74.275502 57.908573 
74.292660 58.908573 
74.325891 59.908569 
74.342074 60.908569 
74.358244 61.908569 
74.374422 62.908569 
74.389603 63.908569 
74.404785 64.908569 
74.419965 65.908569 
74.449234 66.908569 
74.463406 67.908569 
74.491638 68.908569 
74.505796 69.908569 
74.519968 70.908569 
74.547173 71.908569 
74.560352 72.908569 
74.573531 73.908569 
74.586709 74.908569 
74.599887 75.908569 
74.613069 76.908569 
74.626243 77.908569 
74.638427 78.908569 
74.662651 79.908569 
74.674831 80.908569 
74.687009 81.908569 
74.711234 82.908569 
74.723413 83.908569 
74.734592 84.908569 
74.756806 85.908569 
74.767985 86.908569 
74.790220 87.908569 
74.801398 88.908569 
74.823623 89.908569 
74.834822 90.908569 
74.846007 91.908562 
74.856193 45.954281 
74.877349 22.977140 
74.920521 11.488570 
75.007704 5.744285 
75.181873 6.744285 
75.330055 7.744286 
75.592303 8.744286 
75.706483 9.744286 
75.808661 10.744286 
75.901844 11.744286 
76.073078 12.744287 
76.151260 13.744287 
76.223440 14.744287 
76.290623 15.744287 
76.353796 16.744286 
76.412977 17.744286 
76.469150 18.744286 
76.575382 19.744286 
76.625550 20.744286 
76.673735 21.744286 
76.718897 22.744286 
76.762119 23.744287 
76.804295 24.744287 
76.844457 25.744289 
76.882676 26.744289 
76.919875 27.744289 
76.956069 28.744287 
76.990226 29.744289 
77.023386 30.744287 
77.055548 31.744287 
77.086710 32.744286 
77.146971 33.744286 
77.176191 34.744286 
77.204376 35.744286 
77.231559 36.744286 
77.258736 37.744286 
77.284927 38.744286 
77.310101 39.744286 
77.335260 40.744286 
77.359445 41.744286 
77.382621 42.744286 
77.405836 43.744286 
77.428019 44.744286 
77.450203 45.744286 
77.471371 46.744286 
77.492553 47.744282 
77.512787 48.744282 
77.532957 49.744282 
77.553146 50.744282 
77.572346 51.744282 
77.591518 52.744278 
77.609730 53.744278 
77.627945 54.744282 
77.646086 55.744282 
77.663302 56.744282 
77.680474 57.744282 
77.697641 58.744282 
77.714824 59.744286 
77.730992 60.744286 
77.747174 61.744282 
77.763357 62.744282 
77.794642 63.744282 
77.809821 64.744278 
77.825015 65.744278 
77.854242 66.744278 
77.868409 67.744278 
77.882580 68.744278 
77.910843 69.744278 
77.925031 70.744278 
77.939205 71.744278 
77.952395 72.744278 
77.965569 73.744278 
77.978750 74.744278 
77.991942 75.744278 
78.005124 76.744278 
78.030351 77.744278 
78.042525 78.744278 
78.054700 79.744278 
78.066882 80.744278 
78.091101 81.744278 
78.103276 82.744278 
78.115458 83.744278 
78.126639 84.744278 
78.148865 85.744278 
78.160038 86.744278 
78.171247 87.744278 
78.182410 88.744278 
78.193585 89.744278 
78.204765 90.744278 
78.215947 91.744278 
78.237167 92.744278 
78.247350 93.744278 
78.267569 94.744270 
78.277752 95.744270 
78.298031 96.744270 
78.308202 97.744270 
78.328294 98.744270 
78.338475 99.744270 
78.357691 100.744270 
78.366865 101.744263 
78.385083 102.744263 
78.394253 103.744255 
78.412511 104.744255 
78.421680 105.744255 
78.439753 106.744255 
78.448933 107.744255 
78.458120 108.744247 
78.476350 109.744247 
78.485527 110.744240 
78.502740 111.744240 
78.510917 112.744240 
78.519095 113.744247 
78.535323 114.744255 
78.543499 115.744247 
78.559726 116.744240 
78.567902 117.744232 
78.576079 58.872116 
78.617297 29.436058 
78.650492 14.718029 
78.717712 7.359015 
78.852946 3.679507 
79.124170 4.679507 
79.337344 5.679507 
79.513513 6.679507 
79.662697 7.679507 
79.792878 8.679507 
80.026117 9.679507 
80.129301 10.679507 
80.222485 11.679507 
80.307658 12.679507 
80.385838 13.679507 
80.459018 14.679507 
80.527199 15.679507 
80.590374 16.679508 
80.709605 17.679508 
80.765782 18.679508 
80.818947 19.679508 
80.869109 20.679508 
80.917299 21.679508 
80.963478 22.679508 
81.007652 23.679508 
81.049831 24.679508 
81.132055 25.679508 
81.211279 26.679510 
81.248457 27.679510 
81.319685 28.679510 
81.389926 29.679510 
81.459150 30.679512 
81.491331 31.679512 
81.553572 32.679512 
81.583753 33.679512 
81.641965 34.679512 
81.700198 35.679512 
81.757431 36.679512 
81.784602 37.679512 
81.810783 38.679512 
81.862008 39.679512 
81.887192 40.679512 
81.935415 41.679512 
81.983647 42.679512 
82.030901 43.679512 
82.053092 44.679512 
82.075274 45.679512 
82.096453 46.679512 
82.137700 47.679512 
82.157915 48.679512 
82.178127 49.679512 
82.217355 50.679512 
82.256585 51.679516 
82.294808 52.679516 
82.333019 53.679516 
82.371220 54.679520 
82.389398 55.679520 
82.424659 56.679520 
82.441854 57.679523 
82.475989 58.679523 
82.509113 59.679523 
82.542290 60.679523 
82.558501 61.679527 
82.574703 62.679527 
82.605946 63.679527 
82.637204 64.679527 
82.652383 65.679527 
82.681458 66.679527 
82.710532 67.679527 
82.739599 68.679527 
82.768700 69.679527 
82.797799 70.679527 
82.825897 71.679527 
82.853982 72.679527 
82.882077 73.679527 
82.910198 74.679527 
82.923385 75.679527 
82.936562 76.679527 
82.961786 77.679527 
82.987022 78.679527 
83.012254 79.679527 
83.037487 80.679527 
83.062720 81.679527 
83.087952 82.679527 
83.112187 83.679527 
83.136394 84.679527 
83.160632 85.679527 
83.184857 86.679527 
83.209088 87.679527 
83.233313 88.679527 
83.257553 89.679527 
83.281778 90.679527 
83.305033 91.679527 
83.315217 92.679527 
83.325396 93.679527 
83.345634 94.679535 
83.365871 95.679535 
83.386110 96.679535 
83.406348 97.679535 
83.426628 98.679535 
83.436818 99.679535 
83.446996 100.679527 
83.466228 101.679527 
83.485457 102.679527 
83.504672 103.679527 
83.523875 104.679527 
83.543142 105.679520 
83.552325 106.679512 
83.570401 107.679512 
83.588471 108.679512 
83.606556 109.679520 
83.624639 110.679520 
83.641726 111.679520 
83.658813 112.679520 
83.675864 113.679520 
83.692984 114.679520 
83.701167 115.679527 
83.717298 116.679520 
83.725488 117.679527 
83.733661 118.679527 
83.749886 119.679527 
83.766124 120.679535 
83.782336 121.679543 
83.798549 122.679543 
83.814808 123.679550 
83.822985 124.679558 
83.838090 125.679558 
83.853201 126.679558 
83.868323 127.679558 
83.883426 128.679565 
83.898559 129.679565 
83.913693 130.679565 
83.928840 131.679565 
83.936012 132.679565 
83.943172 133.679565 
83.957390 134.679565 
83.971616 135.679565 
83.985851 136.679565 
84.000086 137.679565 
84.014310 138.679565 
84.028527 139.679565 
84.042762 140.679565 
84.056989 141.679565 
84.071194 142.679565 
84.084404 143.679565 
84.097606 144.679565 
84.110840 145.679565 
84.124066 146.679565 
84.137300 147.679565 
84.150517 148.679565 
84.163745 149.679565 
84.176971 150.679565 
84.190179 151.679565 
84.203449 152.679565 
84.209629 153.679565 
84.221745 154.679565 
84.233857 155.679565 
84.245980 156.679565 
84.258103 157.679565 
84.270215 158.679565 
84.282327 159.679565 
84.294447 160.679565 
84.306579 161.679565 
84.318747 162.679565 
84.324931 163.679565 
84.336991 164.679565 
84.349052 165.679565 
84.360109 166.679565 
84.371159 168.679565 
84.382217 168.679565 
84.393269 169.679565 
84.404327 171.679565 
84.415387 171.679565 
84.426446 172.679565 
84.437507 173.679565 
84.448565 174.679565 
84.459613 176.679565 
84.470671 176.679565 
84.481731 177.679565 
84.492781 178.679565 
84.503840 179.679565 
84.514895 180.679565 
84.525952 182.679581 
84.537010 182.679581 
84.548055 184.679581 
84.559121 184.679581 
84.570199 185.679581 
84.581244 186.679581 
84.592324 187.679565 
84.603398 188.679565 
84.614462 189.679550 
84.625542 190.679550 
84.636623 191.679550 
84.652704 95.839775 
84.678786 47.919888 
84.725898 23.959944 
84.767089 11.979972 
84.850298 12.979972 
84.927522 13.979973 
84.998750 14.979972 
85.065012 15.979973 
85.127207 16.979973 
85.185376 17.979973 
85.295635 18.979973 
85.347844 19.979973 
85.398024 20.979973 
85.493251 21.979973 
85.586467 22.979973 
85.677738 23.979973 
85.718968 24.979973 
85.759158 25.979973 
85.836387 26.979973 
85.911597 27.979973 
85.985831 28.979973 
86.059039 29.979971 
86.131319 30.979971 
86.163502 31.979971 
86.194683 32.979973 
86.254956 33.979973 
86.284134 34.979973 
86.312307 35.979973 
86.367571 36.979973 
86.394757 37.979973 
86.420930 38.979973 
86.472154 39.979973 
86.522395 40.979973 
86.546577 41.979973 
86.593720 42.979973 
86.639901 43.979973 
86.662089 44.979973 
86.684281 45.979973 
86.727516 46.979973 
86.769761 47.979973 
86.789959 48.979973 
86.810144 49.979973 
86.830314 50.979973 
86.869575 51.979973 
86.888751 52.979973 
86.906915 53.979973 
86.925076 54.979977 
86.960281 55.979980 
86.995505 56.979980 
87.030744 57.979984 
87.047933 58.979984 
87.081056 59.979988 
87.114174 60.979988 
87.147326 61.979992 
87.163517 62.979992 
87.178697 63.979992 
87.208905 64.979996 
87.239114 65.979996 
87.268331 66.979996 
87.282510 67.979996 
87.296699 68.979996 
87.324926 69.979996 
87.353150 70.979996 
87.380379 71.979996 
87.407603 72.979996 
87.434826 73.979996 
87.462050 75.979996 
87.489297 75.979996 
87.515521 76.979996 
87.541785 77.979996 
87.553971 78.979996 
87.566145 79.979996 
87.590361 80.979996 
87.614625 81.979996 
87.638849 82.979996 
87.662122 83.979996 
87.673307 84.979996 
87.684486 85.979996 
87.706717 86.979996 
87.728942 87.979996 
87.751148 88.979996 
87.773407 89.979996 
87.784616 90.979996 
87.805700 91.979996 
87.826781 92.979988 
87.847864 93.979988 
87.868922 94.979988 
87.890003 95.979988 
87.911078 96.979980 
87.932200 97.979980 
87.942385 98.979980 
87.952556 99.979980 
87.971784 100.979980 
87.991014 101.979980 
88.010242 102.979973 
88.029461 103.979980 
88.048707 104.979988 
88.057887 105.979988 
88.075991 106.979988 
88.094129 107.979996 
88.112244 108.979996 
88.130365 109.979996 
88.148472 110.980003 
88.165624 111.979996 
88.173802 112.979988 
88.189911 113.979988 
88.206019 114.979988 
88.222116 115.979988 
88.238237 116.979988 
88.254358 117.979980 
88.270471 118.979973 
88.286564 119.979973 
88.302674 120.979973 
88.318799 121.979980 
88.334916 122.979980 
88.351017 123.979973 
88.367125 124.979973 
88.382244 125.979973 
88.397349 126.979973 
88.412471 127.979973 
88.427623 128.979980 
88.434794 64.489990 
88.472914 32.244995 
88.542035 16.122498 
88.673140 8.061249 
88.797303 9.061249 
89.020568 10.061249 
89.119758 11.061249 
89.209926 12.061249 
89.376193 13.061249 
89.452405 14.061249 
89.523581 15.061250 
89.589747 16.061249 
89.713971 17.061249 
89.835232 18.061249 
89.890423 19.061249 
89.942577 20.061249 
90.041804 21.061249 
90.139027 22.061249 
90.234277 23.061249 
90.277447 24.061249 
90.318602 25.061249 
90.397863 26.061249 
90.436043 27.061249 
90.472233 28.061249 
90.507412 29.061249 
90.575487 30.061247 
90.642563 31.061247 
90.708662 32.061249 
90.773825 33.061249 
90.804007 34.061249 
90.833176 35.061249 
90.889439 36.061249 
90.916655 37.061249 
90.969759 38.061249 
91.021888 39.061249 
91.047097 40.061249 
91.096261 41.061249 
91.120450 42.061249 
91.143646 43.061249 
91.166821 44.061249 
91.188987 45.061249 
91.232202 46.061249 
91.275457 47.061249 
91.296656 48.061249 
91.316836 49.061249 
91.356063 50.061249 
91.395325 51.061249 
91.414546 52.061249 
91.433728 53.061249 
91.470953 54.061249 
91.508200 55.061253 
91.526413 56.061256 
91.543597 57.061256 
91.577830 58.061260 
91.611054 59.061260 
91.644297 60.061260 
91.660465 61.061264 
91.692570 62.061268 
91.723673 63.061268 
91.754841 64.061264 
91.770038 65.061264 
91.785205 66.061264 
91.814442 67.061264 
91.843655 68.061264 
91.872869 69.061264 
91.902084 70.061264 
91.931301 71.061264 
91.959514 72.061264 
91.987729 73.061264 
92.015943 74.061264 
92.044157 75.061264 
92.072379 76.061264 
92.099587 77.061264 
92.126792 78.061264 
92.154029 79.061264 
92.166200 80.061264 
92.178365 81.061264 
92.202591 82.061264 
92.226819 83.061264 
92.250065 85.061264 
92.273317 85.061264 
92.284492 86.061264 
92.295661 87.061264 
92.317882 88.061264 
92.340118 89.061264 
92.362347 90.061264 
92.383584 91.061264 
92.404823 92.061272 
92.426035 93.061272 
92.447280 94.061272 
92.468517 95.061272 
92.489754 96.061272 
92.510983 97.061272 
92.532211 98.061264 
92.553474 99.061264 
92.563653 100.061264 
92.572827 101.061264 
92.591062 102.061264 
92.609290 103.061264 
92.627508 104.061264 
92.645744 105.061264 
92.663999 106.061272 
92.673172 107.061272 
92.691269 108.061272 
92.709380 109.061272 
92.727462 110.061272 
92.745562 111.061272 
92.762654 112.061272 
92.779787 113.061272 
92.787968 114.061272 
92.804041 115.061264 
92.820114 116.061264 
92.836188 117.061256 
92.852263 119.061249 
92.868337 119.061249 
92.884410 120.061241 
92.900483 121.061234 
92.916558 122.061226 
92.932624 123.061218 
92.948696 124.061226 
92.963766 125.061226 
92.978856 126.061226 
92.993922 127.061226 
93.008997 128.061218 
93.024064 129.061218 
93.039137 130.061218 
93.054223 131.061218 
93.061401 132.061218 
93.075512 133.061218 
93.089621 134.061218 
93.103734 135.061218 
93.117844 136.061218 
93.131955 137.061218 
93.146076 139.061218 
93.160188 139.061218 
93.174356 140.061218 
93.181547 141.061218 
93.195636 142.061218 
93.208724 143.061218 
93.221811 144.061218 
93.234892 145.061218 
93.247988 147.061218 
93.261061 147.061218 
93.274146 148.061218 
93.287232 149.061218 
93.300319 151.061218 
93.313407 151.061218 
93.326486 152.061218 
93.339574 153.061218 
93.352654 154.061218 
93.365743 155.061218 
93.378828 156.061218 
93.391917 157.061218 
93.405001 158.061218 
93.418101 159.061218 
93.431201 160.061218 
93.444324 161.061218 
93.450505 162.061218 
93.462658 163.061218 
93.474816 164.061218 
93.486970 166.061218 
93.499124 166.061218 
93.510273 167.061218 
93.527438 83.530609 
93.556642 41.765305 
93.579834 20.882652 
93.697937 10.441326 
93.808047 11.441326 
93.911164 12.441326 
94.008305 13.441326 
94.082507 14.441326 
94.220623 15.441326 
94.354771 16.441326 
94.485932 17.441326 
94.543121 18.441326 
94.651303 19.441326 
94.702528 20.441326 
94.799647 21.441326 
94.894789 22.441326 
94.939004 23.441326 
95.023152 24.441326 
95.106289 25.441328 
95.187445 26.441328 
95.267602 27.441330 
95.346758 28.441330 
95.423954 29.441328 
95.457165 30.441328 
95.521315 31.441328 
95.552482 32.441330 
95.612694 33.441330 
95.672899 34.441330 
95.732134 35.441330 
95.790380 36.441330 
95.817565 37.441330 
95.870828 38.441330 
95.897003 39.441330 
95.947103 40.441330 
95.997246 41.441330 
96.021466 42.441330 
96.068578 43.441330 
96.114687 44.441330 
96.160783 45.441330 
96.205872 46.441330 
96.250972 47.441330 
96.295061 48.441326 
96.339157 49.441326 
96.382305 50.441326 
96.401483 51.441326 
96.439595 52.441330 
96.476708 53.441330 
96.513872 54.441334 
96.532051 55.441334 
96.568197 56.441334 
96.603356 57.441330 
96.638556 58.441334 
96.655736 59.441330 
96.688838 60.441334 
96.721938 61.441334 
96.755080 62.441338 
96.787213 63.441338 
96.802381 64.441338 
96.817576 65.441338 
96.847790 66.441338 
96.877025 67.441338 
96.906303 68.441338 
96.920492 69.441338 
96.948569 70.441338 
96.975656 71.441338 
97.002743 72.441338 
97.029877 73.441338 
97.043063 74.441338 
97.069186 75.441338 
97.095314 76.441338 
97.120444 77.441338 
97.145622 78.441338 
97.157836 79.441338 
97.181955 80.441338 
97.206071 82.441338 
97.230171 82.441338 
97.253262 83.441338 
97.276376 84.441338 
97.287559 85.441338 
97.298729 86.441338 
97.320938 87.441338 
97.343142 88.441338 
97.365368 89.441338 
97.387582 90.441338 
97.408787 91.441338 
97.429992 92.441338 
97.451212 93.441338 
97.472441 94.441338 
97.493656 95.441338 
97.514869 96.441338 
97.536105 97.441338 
97.557330 98.441338 
97.578550 99.441338 
97.598785 100.441338 
97.619004 101.441338 
97.639230 102.441338 
97.659466 103.441330 
97.679721 104.441330 
97.688886 105.441330 
97.707005 106.441330 
97.725143 107.441330 
97.743281 108.441322 
97.761402 109.441322 
97.779546 110.441322 
97.796739 111.441322 
97.804922 112.441315 
97.821079 113.441322 
97.837241 114.441315 
97.853396 115.441315 
97.869555 116.441307 
97.885705 117.441307 
97.901851 118.441299 
97.918032 119.441299 
97.926258 120.441292 
97.934450 121.441292 
97.950691 122.441299 
97.966924 123.441307 
97.983151 124.441299 
97.998371 125.441299 
98.013593 126.441299 
98.028811 127.441299 
98.044025 128.441299 
98.059238 129.441299 
98.074441 130.441299 
98.089647 131.441299 
98.104851 132.441299 
98.120054 133.441299 
98.135263 134.441299 
98.150493 135.441299 
98.165702 136.441299 
98.180950 137.441299 
98.188120 138.441299 
98.202225 139.441299 
98.216301 140.441299 
98.230400 141.441299 
98.244489 142.441299 
98.257591 143.441299 
98.270700 144.441299 
98.283809 145.441299 
98.296911 146.441299 
98.310019 147.441299 
98.323133 148.441299 
98.336219 149.441299 
98.349331 150.441299 
98.362413 151.441299 
98.375522 152.441299 
98.388604 153.441299 
98.401703 154.441299 
98.414813 155.441299 
98.427922 156.441299 
98.441028 157.441299 
98.454098 158.441299 
98.467200 159.441299 
98.480301 160.441299 
98.493386 161.441299 
98.506496 162.441299 
98.519582 163.441299 
98.532669 164.441299 
98.545747 165.441299 
98.558834 166.441299 
98.570948 167.441299 
98.576141 83.720650 
98.587337 41.860325 
98.645575 20.930162 
98.692773 10.465081 
98.787964 5.232541 
98.979120 6.232541 
99.308341 7.232540 
99.446511 8.232540 
99.692727 9.232540 
99.800903 10.232540 
99.998100 11.232540 
100.187326 12.232540 
100.370545 13.232540 
100.548793 14.232540 
100.619010 15.232540 
100.750142 16.232540 
100.878266 17.232540 
101.002420 18.232540 
101.056615 19.232540 
101.159789 20.232540 
101.208991 21.232540 
101.302169 22.232540 
101.346391 23.232540 
101.431510 24.232540 
101.514609 25.232542 
101.596717 26.232542 
101.676845 27.232544 
101.755969 28.232544 
101.834130 29.232544 
101.911281 30.232544 
101.944474 31.232546 
102.008610 32.232544 
102.071760 33.232544 
102.101973 34.232544 
102.131160 35.232544 
102.159372 36.232544 
102.186558 37.232544 
102.212718 38.232544 
102.238873 39.232544 
102.264065 40.232544 
102.288239 41.232544 
102.312385 42.232544 
102.335538 43.232544 
102.358711 44.232544 
102.380862 45.232544 
102.403035 46.232544 
102.424234 47.232544 
102.445437 48.232544 
102.465605 49.232544 
102.485751 50.232544 
102.504918 51.232544 
102.524082 52.232540 
102.543292 53.232544 
102.561474 54.232540 
102.579647 55.232540 
102.597813 56.232536 
102.614985 57.232540 
102.632150 58.232540 
102.649362 59.232540 
102.665522 60.232540 
102.681675 61.232540 
102.697841 62.232540 
102.714000 63.232540 
102.729176 64.232544 
102.744327 65.232544 
102.759499 66.232544 
102.774672 67.232544 
102.788817 68.232544 
102.802983 69.232544 
102.817127 70.232544 
102.831293 71.232544 
102.845459 72.232544 
102.858609 73.232544 
102.871760 74.232544 
102.884924 75.232544 
102.898075 76.232544 
102.911241 77.232544 
102.923446 78.232544 
102.935630 79.232544 
102.947802 80.232544 
102.959967 81.232544 
102.972124 82.232544 
102.984275 83.232544 
102.996448 84.232544 
103.007598 85.232544 
103.018762 86.232544 
103.029935 87.232544 
103.041130 88.232544 
103.052304 89.232544 
103.063463 90.232544 
103.074613 91.232544 
103.084778 92.232544 
103.094935 93.232544 
103.105093 94.232544 
103.115267 95.232544 
103.125431 96.232544 
103.135582 97.232544 
103.145725 98.232544 
103.155883 99.232544 
103.166044 100.232536 
103.185284 101.232536 
103.194434 102.232536 
103.203576 103.232536 
103.212725 104.232536 
103.221876 105.232536 
103.231040 106.232536 
103.240189 107.232536 
103.249346 108.232536 
103.258495 109.232536 
103.267637 110.232536 
103.276802 111.232536 
103.284973 112.232536 
103.293145 113.232536 
103.301294 114.232536 
103.309503 115.232536 
103.317698 116.232536 
103.325844 117.232536 
103.333995 118.232536 
103.342151 119.232536 
103.350301 120.232544 
103.358444 121.232536 
103.366602 122.232536 
103.374751 123.232529 
103.382901 124.232536 
103.391044 125.232536 
103.398207 126.232536 
103.405370 127.232536 
103.412518 128.232544 
103.419660 129.232544 
103.426845 130.232544 
103.434032 131.232544 
103.441179 132.232544 
103.448342 133.232544 
103.455492 134.232544 
103.462641 135.232544 
103.469791 136.232544 
103.476933 137.232544 
103.484083 138.232544 
103.491246 139.232544 
103.498394 140.232544 
103.505558 141.232544 
103.512700 142.232544 
103.519848 143.232544 
103.526011 144.232544 
103.532185 145.232544 
103.538327 146.232544 
103.544477 147.232544 
103.550640 148.232544 
103.556788 149.232544 
103.562936 150.232544 
103.569090 151.232544 
103.575241 152.232544 
103.581404 153.232544 
103.593603 154.232544 
103.599767 155.232544 
103.605915 156.232544 
103.612078 157.232544 
103.618242 158.232544 
103.624390 159.232544 
103.630554 160.232544 
103.636704 161.232544 
103.642853 162.232544 
103.649009 163.232544 
103.655160 81.616272 
103.667304 40.808136 
103.691456 20.404068 
103.740610 10.202034 
103.838800 5.101017 
104.035031 2.550508 
104.427250 3.550508 
104.708437 4.550508 
104.927633 5.550508 
105.107805 6.550509 
105.259981 7.550509 
105.528239 8.550508 
105.644442 9.550508 
105.854692 10.550508 
105.948874 11.550508 
106.122095 12.550508 
106.289323 13.550508 
106.451558 14.550507 
106.609790 15.550507 
106.764051 16.550507 
106.824231 17.550507 
106.937451 18.550507 
107.048682 19.550507 
107.156905 20.550507 
107.263145 21.550507 
107.367372 22.550507 
107.469604 23.550507 
107.569823 24.550507 
107.670053 25.550507 
107.767277 26.550505 
107.863486 27.550507 
107.958711 28.550505 
108.051938 29.550505 
108.144166 30.550503 
108.235395 31.550503 
108.325623 32.550503 
108.414852 33.550503 
108.503078 34.550503 
108.591289 35.550503 
108.678501 36.550503 
108.764708 37.550503 
108.849935 38.550503 
108.935140 39.550503 
109.019345 40.550503 
109.103557 41.550503 
109.186754 42.550503 
109.268961 43.550503 
109.351166 44.550503 
109.432372 45.550503 
109.513584 46.550503 
109.594780 47.550503 
109.674992 48.550503 
109.755206 49.550499 
109.834410 50.550499 
109.913622 51.550499 
109.992820 52.550495 
110.071036 53.550495 
110.149242 54.550499 
110.227454 55.550499 
110.245629 56.550499 
110.280858 57.550503 
110.316079 58.550499 
110.350301 59.550499 
110.384521 60.550499 
110.418742 61.550499 
110.451965 62.550499 
110.485177 63.550499 
110.518385 64.550499 
110.551606 65.550499 
110.584827 66.550499 
110.617048 67.550499 
110.649268 68.550499 
110.681489 69.550499 
110.713709 70.550499 
110.744930 71.550499 
110.776151 72.550499 
110.807372 73.550499 
110.838593 74.550499 
110.869813 75.550499 
110.901034 76.550499 
110.931256 77.550499 
110.961476 78.550499 
110.991698 79.550499 
111.021918 80.550499 
111.052138 81.550499 
111.082355 82.550499 
111.111570 83.550499 
111.140808 84.550499 
111.170046 85.550499 
111.199294 86.550499 
111.228523 87.550499 
111.257761 88.550499 
111.287008 89.550499 
111.316236 90.550507 
111.344481 91.550507 
111.372712 92.550499 
111.400950 93.550499 
111.429187 94.550499 
111.457426 95.550507 
111.485658 97.550514 
111.513890 97.550514 
111.542127 98.550514 
111.570364 99.550514 
111.597609 100.550522 
111.624839 101.550529 
111.652076 102.550529 
111.679322 103.550537 
111.706552 104.550537 
111.733788 105.550537 
111.761026 106.550537 
111.788239 107.550537 
111.815476 108.550529 
111.842713 109.550522 
111.869951 110.550522 
111.896178 111.550522 
111.922422 112.550514 
111.948651 113.550514 
111.974890 114.550507 
112.001103 115.550507 
112.027343 116.550507 
112.053580 117.550507 
112.079816 118.550507 
112.106054 120.550507 
112.132293 120.550507 
112.158531 121.550507 
112.184770 122.550514 
112.210997 123.550507 
112.237233 124.550507 
112.262454 125.550507 
112.287675 126.550507 
112.312902 127.550507 
112.338123 128.550507 
112.363335 130.550507 
112.388555 130.550507 
112.413777 131.550507 
112.438998 132.550507 
112.464191 133.550507 
112.489412 134.550507 
112.514623 135.550507 
112.539834 136.550507 
112.565052 137.550507 
112.590297 138.550507 
112.615526 139.550507 
112.640763 140.550507 
112.665979 141.550507 
112.691217 142.550507 
112.715455 143.550507 
112.739682 144.550507 
112.763903 145.550507 
112.788115 146.550507 
112.812331 147.550507 
112.836550 148.550507 
112.860770 149.550507 
112.884991 150.550507 
112.909204 151.550507 
112.933424 152.550507 
112.957644 153.550507 
112.981866 154.550507 
113.006081 155.550507 
113.030301 156.550507 
113.054523 157.550507 
113.078741 158.550507 
113.102971 159.550507 
113.127192 160.550507 
113.151412 161.550507 
113.175631 162.550507 
113.199852 163.550507 
113.224073 164.550507 
113.248282 165.550507 
113.272500 166.550507 
113.295720 167.550507 
113.318938 168.550507 
113.342158 169.550507 
113.365370 170.550507 
113.388593 171.550507 
113.411821 172.550507 
113.435068 173.550507 
113.458292 174.550507 
113.481524 175.550507 
113.504772 176.550507 
113.509953 177.550507 
113.520065 178.550507 
113.530168 179.550507 
113.540271 180.550522 
113.550381 182.550522 
113.560505 182.550522 
113.570607 183.550522 
113.580726 185.550522 
113.590841 185.550522 
113.600947 186.550507 
113.611059 188.550507 
113.621173 188.550507 
113.631283 190.550507 
113.641395 191.550507 
113.651509 191.550507 
113.661613 192.550522 
113.671724 194.550537 
113.681838 194.550537 
113.691940 195.550537 
113.702069 197.550537 
113.712198 197.550537 
113.722292 198.550537 
113.732400 200.550537 
113.741511 200.550537 
113.750615 201.550522 
113.759727 203.550537 
113.768846 203.550537 
113.777965 204.550537 
113.787087 206.550537 
113.796215 206.550537 
113.805344 207.550537 
113.814471 208.550522 
113.823599 210.550522 
113.832714 210.550522 
113.841822 211.550522 
113.850935 213.550522 
113.860061 213.550522 
113.869181 214.550522 
113.878306 215.550522 
113.887416 217.550537 
113.896531 217.550537 
113.905635 218.550537 
113.914763 220.550537 
113.923891 220.550537 
113.932999 221.550537 
113.942092 223.550537 
113.951223 223.550537 
113.960345 224.550537 
113.969457 226.550537 
113.978571 227.550537 
113.987700 227.550537 
113.996828 229.550522 
114.005941 230.550507 
114.015061 230.550507 
114.019247 231.550507 
114.027384 232.550491 
114.035521 234.550507 
114.043659 234.550507 
114.051765 235.550491 
114.059902 236.550476 
114.068034 238.550491 
114.076173 238.550491 
114.084279 240.550507 
114.092416 241.550522 
114.100554 242.550522 
114.108677 242.550522 
114.116791 243.550537 
114.124928 245.550522 
114.133056 245.550522 
114.141203 246.550507 
114.149341 247.550491 
114.157477 249.550491 
114.165600 249.550491 
114.172718 251.550491 
114.179854 252.550491 
114.186977 253.550491 
114.194099 254.550491 
114.201229 254.550491 
114.208367 256.550476 
114.215489 257.550476 
114.222625 257.550476 
114.229765 258.550476 
114.236879 259.550476 
114.243992 261.550476 
114.251130 262.550476 
114.258249 262.550476 
114.265363 264.550476 
114.272500 265.550476 
114.279619 265.550476 
114.286757 266.550476 
114.293885 268.550476 
114.301007 134.275238 
114.312145 67.137619 
114.330280 67.137619 
114.363417 33.568810 
114.426564 16.784405 
114.485735 8.392202 
114.650991 9.392202 
114.757171 10.392202 
114.950240 11.392202 
115.037440 12.392202 
115.117631 13.392202 
115.266717 14.392202 
115.410790 15.392201 
115.551909 16.392200 
115.613094 17.392200 
115.728195 18.392200 
115.840316 19.392200 
115.891518 20.392200 
115.988662 21.392200 
116.034827 22.392200 
116.078995 23.392200 
116.121166 24.392200 
116.161343 25.392200 
116.200558 26.392202 
116.237752 27.392202 
116.273918 28.392200 
116.309127 29.392199 
116.343342 30.392200 
116.375521 31.392200 
116.406683 32.392200 
116.436857 33.392200 
116.466043 34.392200 
116.495237 35.392200 
116.523424 36.392200 
116.550590 37.392200 
116.576802 38.392200 
116.602988 39.392200 
116.628174 40.392200 
116.677425 41.392200 
116.701601 42.392200 
116.724767 43.392200 
116.747930 44.392200 
116.793152 45.392200 
116.815321 46.392200 
116.858561 47.392200 
116.879731 48.392200 
116.899892 49.392200 
116.939114 50.392200 
116.958295 51.392200 
116.977476 52.392200 
116.996651 53.392197 
117.014836 54.392197 
117.051069 55.392193 
117.086297 56.392197 
117.121531 57.392197 
117.138708 58.392197 
117.155893 59.392197 
117.172078 60.392200 
117.188253 61.392204 
117.204415 62.392204 
117.235636 63.392204 
117.266851 64.392204 
117.298076 65.392204 
117.329283 66.392204 
117.344445 67.392204 
117.358608 68.392204 
117.372770 69.392204 
117.386932 70.392204 
117.415152 71.392204 
117.442373 72.392204 
117.469643 73.392204 
117.482830 74.392204 
117.495977 75.392204 
117.509127 76.392204 
117.522284 77.392204 
117.534449 78.392204 
117.558669 79.392204 
117.582894 80.392204 
117.607132 81.392204 
