0.000030 11.111111 
0.090213 11.111111 
0.180482 41.801556 
0.203662 56.892776 
0.220870 64.184387 
0.236058 67.576195 
0.250238 69.018097 
0.264437 69.485046 
0.278622 69.464523 
0.292804 69.200264 
0.320931 69.200264 
0.335194 68.814133 
0.349379 68.367065 
0.363561 67.889534 
0.377768 67.396774 
0.391961 66.896385 
0.406145 66.392197 
0.421345 65.886101 
0.436530 65.379044 
0.466662 65.379044 
0.481883 64.871521 
0.497086 64.363762 
0.512278 63.855885 
0.527483 63.347946 
0.542711 62.839973 
0.557913 62.331989 
0.574124 61.823994 
0.590318 61.316002 
0.622468 61.316002 
0.638734 60.808002 
0.654934 60.299999 
0.671136 59.792000 
0.687327 59.283997 
0.703511 58.776005 
0.720714 58.268005 
0.737918 57.760002 
0.755128 57.251999 
0.789252 57.251999 
0.806514 56.744007 
0.823724 56.236004 
0.840932 55.728004 
0.858134 55.220005 
0.876329 54.712002 
0.894539 54.204002 
0.912736 53.696003 
0.930955 53.188007 
0.967093 53.188007 
0.985361 52.680012 
1.003546 52.172005 
1.022741 51.664001 
1.041937 51.156002 
1.061116 50.648003 
1.080303 50.140003 
1.099501 49.632004 
1.119698 49.124001 
1.159810 49.124001 
1.180071 48.616001 
1.200261 48.108006 
1.220457 47.600006 
1.241639 47.092003 
1.262831 46.584003 
1.284039 46.076000 
1.305244 45.568001 
1.326450 45.060001 
1.369621 45.060001 
1.391889 44.552002 
1.414022 44.044003 
1.436218 43.536003 
1.458420 43.028004 
1.481625 42.520004 
1.504834 42.012001 
1.528025 41.504002 
1.552222 40.996002 
1.600380 40.996002 
1.624653 40.488003 
1.648850 39.980003 
1.674039 39.472000 
1.699244 38.964001 
1.724454 38.456001 
1.750654 37.948002 
1.776880 37.440002 
1.803080 36.932003 
1.856295 36.932003 
1.883549 36.424004 
1.910718 35.916000 
1.937887 35.658001 
1.966037 35.525002 
1.994189 35.454502 
2.022337 35.415253 
2.050482 35.391624 
2.078624 35.375813 
2.134797 35.375813 
2.162970 35.613907 
2.191110 35.728954 
2.218252 35.782478 
2.245349 35.805241 
2.272495 35.812622 
2.299633 35.812309 
2.326778 35.808155 
2.353922 35.802078 
2.408096 35.802078 
2.435291 36.045040 
2.462431 36.162521 
2.489570 36.217262 
2.516709 36.240631 
2.543843 36.248314 
2.570980 36.248158 
2.598126 36.244080 
2.625271 36.238041 
2.679446 36.238041 
2.706614 36.731018 
2.733748 36.723511 
2.760888 36.715755 
2.788026 36.707878 
2.815165 36.699940 
2.842304 36.691971 
2.869436 36.683987 
2.896574 36.675995 
2.950744 36.675995 
2.977930 37.167999 
3.004069 37.160000 
3.030215 37.152000 
3.056352 37.144001 
3.082484 37.136002 
3.108621 37.128002 
3.134753 37.120003 
3.160890 37.112003 
3.213037 37.112003 
3.239215 37.354004 
3.265353 37.471001 
3.291492 37.525501 
3.317630 37.548752 
3.343788 37.556377 
3.369946 37.556190 
3.396083 37.552097 
3.422222 37.296051 
3.474363 37.296051 
3.500526 37.664024 
3.526668 37.844013 
3.552807 37.930008 
3.578950 37.969006 
3.605111 37.984505 
3.631257 37.738251 
3.657395 37.611126 
3.683527 37.543564 
3.735718 37.543564 
3.761907 38.005783 
3.788046 38.232891 
3.814193 38.092445 
3.840328 38.018223 
3.866465 37.977112 
3.892599 37.952557 
3.918737 37.936279 
3.944879 37.924141 
3.997055 37.924141 
4.023231 38.164070 
4.049320 38.280037 
4.075455 38.334019 
4.101592 38.357010 
4.127735 38.364506 
4.153867 38.364250 
4.180004 38.360126 
4.206130 38.354065 
4.258305 38.354065 
4.284470 38.597031 
4.309609 38.714516 
4.334757 38.769257 
4.359909 38.792629 
4.385052 38.800316 
4.410189 38.550159 
4.435327 38.421082 
4.461462 38.352539 
4.513638 38.352539 
4.539811 38.814270 
4.564950 39.041134 
4.590090 38.900566 
4.615228 38.826283 
4.640367 38.785141 
4.665504 38.760571 
4.690641 38.744286 
4.715778 38.732143 
4.765946 38.732143 
4.791123 38.972069 
4.816263 39.088036 
4.841403 39.142017 
4.866541 39.165009 
4.891678 38.922504 
4.916815 38.797249 
4.941952 38.730625 
4.967041 38.693314 
5.017214 38.693314 
5.042394 38.920658 
5.067531 39.030327 
5.092673 39.081165 
5.117809 39.102585 
5.142947 39.109291 
5.168084 39.108646 
5.193221 38.854324 
5.218389 38.723164 
5.268577 38.723164 
5.293748 39.051582 
5.318892 39.211792 
5.344046 39.287895 
5.369223 39.071949 
5.394367 38.709976 
5.419504 38.774986 
5.444640 38.803493 
5.469802 38.813744 
5.519986 38.813744 
5.545177 38.862873 
5.570315 38.883438 
5.595457 38.889721 
5.620593 38.888863 
5.645725 38.884430 
5.670861 38.628216 
5.695998 38.496109 
5.721135 38.426056 
5.772309 38.426056 
5.798477 38.887028 
5.823615 39.113518 
5.848755 38.972759 
5.873921 38.898376 
5.899085 38.607189 
5.924246 38.707596 
5.949403 38.753799 
5.974556 38.772900 
6.024760 38.772900 
6.049957 38.528450 
6.075118 38.902225 
6.100304 39.085114 
6.125465 38.922558 
6.150622 38.707275 
6.175772 38.595638 
6.200920 38.535820 
6.226065 38.501911 
6.276217 38.501911 
6.301376 38.730957 
6.326514 38.841480 
6.351623 38.892738 
6.376790 38.914368 
6.401925 38.921185 
6.427062 38.920593 
6.452195 38.666298 
6.477332 38.535149 
6.527549 38.535149 
6.552732 38.465576 
6.577884 38.926788 
6.603025 38.903393 
6.628191 38.887695 
6.653333 38.625847 
6.678472 38.586926 
6.703605 38.563461 
6.728742 38.547729 
6.778929 38.547729 
6.804135 38.535866 
6.829298 38.775932 
6.854446 38.891968 
6.879624 38.945984 
6.904772 38.718990 
6.929910 38.399498 
6.956048 38.235748 
6.982193 38.149876 
7.034370 38.149876 
7.060552 38.602936 
7.085689 38.825470 
7.110837 38.682735 
7.135974 38.607368 
7.161111 38.565685 
7.186248 38.540840 
7.211386 38.524422 
7.236524 38.512211 
7.286727 38.512211 
7.311934 38.502106 
7.362009 38.743053 
7.387162 39.109528 
7.412310 39.038765 
7.437447 38.999382 
7.462583 38.975693 
7.487721 38.959846 
7.512904 38.947922 
7.563050 38.947922 
7.588211 39.057961 
7.613351 39.108982 
7.638492 39.130493 
7.663647 39.137245 
7.688790 38.886623 
7.713928 39.007309 
7.739042 38.813656 
7.764179 38.712830 
7.814390 38.712830 
7.839573 38.658417 
7.864721 39.127209 
7.889861 39.107605 
7.915046 39.093803 
7.940185 38.832901 
7.965330 38.770451 
7.990468 38.735222 
8.015605 38.713612 
8.065782 38.948807 
8.116031 38.948807 
8.141173 39.312405 
8.166310 39.490204 
8.191459 39.325104 
8.216610 38.988552 
8.241762 39.066277 
8.266926 39.101139 
8.292094 39.114571 
8.342286 39.114571 
8.367477 39.189285 
8.392618 39.222641 
8.417737 39.235321 
8.442875 39.237659 
8.468013 39.234833 
8.493151 38.979416 
8.518284 38.847710 
8.543421 38.777855 
8.593618 39.238926 
8.643907 39.238926 
8.669057 39.465462 
8.694258 39.574730 
8.719443 39.375366 
8.744603 39.521683 
8.769758 39.590843 
8.794904 39.621422 
8.820079 39.382710 
8.870269 39.382710 
8.895439 39.759354 
8.920610 39.943676 
8.945767 39.781837 
8.970914 39.566917 
8.996056 39.455460 
9.021193 39.395729 
9.046326 39.361866 
9.071490 39.340935 
9.121676 39.340935 
9.146876 39.576466 
9.172015 39.690231 
9.197198 39.743114 
9.222350 39.515556 
9.247487 39.445778 
9.272624 39.156891 
9.297761 39.008446 
9.322898 38.930222 
9.373095 38.930222 
9.398278 39.387112 
9.423417 39.611557 
9.448555 39.469780 
9.473693 39.394890 
9.498838 39.353443 
9.523975 39.328720 
9.549108 39.312359 
9.574246 39.300179 
9.624458 39.300179 
9.649636 39.040089 
9.674793 39.406044 
9.699966 39.585022 
9.725121 39.420509 
9.750267 39.180256 
9.775410 39.056129 
9.800550 38.990067 
9.825689 38.953033 
9.875868 38.953033 
9.901037 39.180515 
9.926174 39.290260 
9.951309 39.341129 
9.976466 39.362564 
10.001606 39.369282 
10.026743 39.368645 
10.051854 39.114323 
10.076991 38.983162 
10.127244 38.983162 
10.152447 38.913582 
10.177597 39.374790 
10.202751 39.351395 
10.227919 39.335697 
10.253074 39.073853 
10.278220 39.188927 
10.303357 39.242462 
10.328526 39.265232 
10.378717 39.265232 
10.403929 39.142616 
10.429080 39.327309 
10.454230 39.415653 
10.479384 39.455826 
10.504532 39.221912 
10.529671 38.874954 
10.554808 38.697479 
10.579946 38.604740 
10.630118 38.604740 
10.655280 39.054367 
10.680426 39.025185 
10.705566 39.006592 
10.730712 38.993298 
10.755850 38.982651 
10.780996 38.973324 
10.806134 38.964661 
10.831286 38.706329 
10.881492 38.706329 
10.906661 38.823166 
10.931800 39.127583 
10.956940 39.275795 
10.982081 39.095898 
11.007239 39.001945 
11.032399 38.700974 
11.057538 38.796486 
11.082675 38.840244 
11.132874 38.840244 
11.158083 38.858124 
11.183218 39.113064 
11.208352 39.236534 
11.233537 39.294266 
11.258690 39.069134 
11.283829 39.096565 
11.308966 38.856281 
11.334115 38.732140 
11.384322 38.732140 
11.409514 38.916069 
11.434659 39.254036 
11.459800 39.169018 
11.484938 39.122505 
11.510102 39.095253 
11.535248 38.827625 
11.560396 38.737816 
11.585541 38.688908 
11.635728 38.688908 
11.685947 38.910454 
11.711089 39.267227 
11.736225 39.441612 
11.761365 39.274807 
11.786528 39.187401 
11.811670 38.889702 
11.836808 38.986851 
11.861941 39.031425 
11.912163 39.031425 
11.937348 39.049713 
11.962497 39.304855 
11.987636 39.428429 
12.012793 39.486214 
12.037937 39.261108 
12.063076 38.990555 
12.088213 38.851276 
12.113351 38.777641 
12.163527 38.777641 
12.188686 39.236820 
12.213820 39.462410 
12.238959 39.321205 
12.264096 39.246601 
12.289301 39.205299 
12.314445 38.930649 
12.339592 39.039326 
12.364739 39.089661 
12.414901 39.089661 
12.440081 39.110832 
12.465220 39.367416 
12.490357 39.491707 
12.515503 39.549854 
12.540675 39.324928 
12.565819 38.958466 
12.590957 39.021233 
12.616095 39.048618 
12.666299 39.048618 
12.691472 39.058311 
12.716610 39.309155 
12.741723 39.430580 
12.766892 39.487289 
12.792061 39.261646 
12.817248 39.038826 
12.842419 38.673412 
12.867590 38.736710 
12.917814 38.736710 
12.943021 39.014355 
12.968174 39.173180 
12.993327 39.248589 
13.018468 39.032295 
13.043610 38.920147 
13.068751 38.860077 
13.093890 38.826038 
13.119027 38.805023 
13.169212 38.805023 
13.219469 39.040512 
13.244625 38.904255 
13.269781 39.332130 
13.294930 39.542065 
13.320085 39.393036 
13.345245 39.064518 
13.370393 39.146255 
13.395531 39.183128 
13.445762 39.183128 
13.470988 39.197563 
13.496178 39.450783 
13.521342 39.573391 
13.546517 39.630699 
13.571676 39.405350 
13.596826 39.408676 
13.621972 39.156338 
13.647113 39.026169 
13.697318 39.026169 
13.722488 39.207085 
13.747625 39.543541 
13.772766 39.457771 
13.797912 39.410885 
13.823099 39.383446 
13.848252 39.115723 
13.873391 39.227859 
13.898529 39.279930 
13.948734 39.279930 
13.973911 39.301964 
13.999049 39.558983 
14.024189 39.683491 
14.049354 39.741745 
14.074500 39.516872 
14.099639 39.246437 
14.124777 39.107220 
14.149915 39.033607 
14.200116 39.033607 
14.225302 39.242805 
14.250458 39.117401 
14.275617 39.050701 
14.300754 39.013351 
14.325887 38.990677 
14.351045 38.975338 
14.376194 38.963669 
14.401332 38.703835 
14.451508 38.703835 
14.501740 39.069916 
14.526883 39.498959 
14.551987 39.459480 
14.577126 39.435741 
14.602263 39.419868 
14.627400 39.407936 
14.652533 39.397968 
14.677670 39.388985 
14.727876 39.388985 
14.753049 39.380493 
14.778192 39.622246 
14.803336 39.739124 
14.828502 39.793564 
14.853642 39.566780 
14.878779 39.319389 
14.903917 39.191696 
14.929064 39.123848 
14.979240 39.123848 
15.004444 39.585926 
15.029580 39.562965 
15.054719 39.547482 
15.079854 39.535744 
15.104992 39.525871 
15.130130 39.516937 
15.155268 39.508469 
15.180403 39.250233 
15.230628 39.250233 
15.255801 39.367119 
15.280937 39.671558 
15.306076 39.819778 
15.331214 39.639889 
15.356384 39.545944 
15.381541 39.244972 
15.406680 39.340485 
15.431817 39.384243 
15.482009 39.384243 
15.507230 39.402122 
15.532404 39.527061 
15.557554 39.585529 
15.582704 39.610764 
15.607849 39.619381 
15.632989 39.369690 
15.658137 38.990845 
15.683278 39.047424 
15.733477 39.047424 
15.758648 39.321712 
15.783789 39.502853 
15.808930 39.339428 
15.834068 39.253716 
15.859216 39.206860 
15.884362 39.179428 
15.909510 39.161713 
15.934648 39.148857 
15.984823 39.148857 
16.010002 39.388428 
16.035141 39.504215 
16.060281 39.558105 
16.085419 39.581055 
16.110553 39.338528 
16.135720 39.213264 
16.160866 38.896633 
16.186004 38.984314 
16.236176 38.984314 
16.261361 39.274158 
16.286508 39.165077 
16.311660 39.356541 
16.336813 39.448273 
16.361975 39.490135 
16.387125 39.257069 
16.412262 39.006531 
16.437401 38.877266 
16.487578 38.877266 
16.512778 39.308632 
16.537924 39.270317 
16.563065 39.247158 
16.588204 39.231583 
16.613342 39.219791 
16.638509 39.209892 
16.663654 38.950947 
16.688793 38.865471 
16.738935 38.865471 
16.764112 39.068737 
16.789259 39.166367 
16.814399 39.211182 
16.839537 39.229591 
16.864675 39.234795 
16.889813 38.983398 
16.914951 38.853699 
16.940089 38.784851 
16.990251 38.784851 
17.015429 39.246426 
17.040595 39.223213 
17.065759 38.957607 
17.090897 39.070801 
17.116022 39.123402 
17.141210 39.145699 
17.166355 38.902851 
17.191493 38.623428 
17.241672 38.623428 
17.266860 38.979713 
17.292001 39.153858 
17.317142 39.236931 
17.342289 39.024464 
17.367438 38.914230 
17.392584 38.855114 
17.417749 38.821556 
17.442894 38.550777 
17.492990 38.550777 
17.518169 38.911392 
17.543334 39.087696 
17.568480 38.921844 
17.593619 39.084923 
17.618752 39.162460 
17.643889 39.197231 
17.669053 38.960617 
17.694198 38.588310 
17.744230 38.588310 
17.769433 39.148155 
17.794579 39.174076 
17.819720 39.053040 
17.844866 38.988522 
17.870011 38.952263 
17.895150 38.930130 
17.920315 38.915066 
17.945459 38.653534 
17.995495 38.653534 
18.020674 39.018768 
18.045809 39.197384 
18.070948 39.032692 
18.096095 38.994347 
18.121232 38.721172 
18.146370 38.580589 
18.171508 38.506294 
18.196653 38.465149 
18.246829 38.465149 
18.271998 38.690575 
18.297137 38.799286 
18.322278 38.849644 
18.347433 38.870819 
18.372582 38.877411 
18.397717 38.876705 
18.422855 38.622353 
18.448018 38.491177 
18.498203 38.491177 
18.523384 38.921585 
18.548534 39.132793 
18.573680 38.984398 
18.598828 38.752201 
18.623957 38.632103 
18.649095 38.568050 
18.674232 38.532028 
18.699370 38.510014 
18.749549 38.510014 
18.774726 38.745010 
18.799864 38.858505 
18.825028 38.911251 
18.850172 38.683624 
18.875306 38.815811 
18.900443 38.627907 
18.925581 38.529953 
18.950743 38.476978 
19.000936 38.476978 
19.026108 38.946487 
19.051246 38.927242 
19.076412 38.913620 
19.101557 38.652809 
19.126695 38.614407 
19.151833 38.591202 
19.176971 38.575600 
19.202108 38.313801 
19.253275 38.313801 
19.279452 38.678902 
19.304590 38.857452 
19.329758 38.942726 
19.354911 38.731365 
19.380061 38.419685 
19.406199 38.259842 
19.432332 38.175922 
19.458477 38.129959 
19.510659 38.129959 
19.536839 38.602982 
19.561975 38.585491 
19.587110 38.572746 
19.612247 38.562374 
19.637385 38.553185 
19.662523 38.544594 
19.687660 38.536297 
19.712804 38.278145 
19.763980 38.278145 
19.790149 38.645073 
19.815288 38.824535 
19.840455 38.910271 
19.865603 38.699135 
19.890741 38.435566 
19.916879 38.299782 
19.943016 38.227890 
19.969149 38.187946 
20.021329 38.187946 
20.047513 38.663971 
20.072654 38.647987 
20.097793 38.635994 
20.122926 38.625996 
20.148063 38.616997 
20.173200 38.608498 
20.198334 38.600250 
20.223471 38.592125 
20.273721 38.592125 
20.298925 38.334064 
20.325083 38.701035 
20.350276 38.880516 
20.375440 38.716259 
20.400582 38.476128 
20.425721 38.352062 
20.451858 38.286034 
20.477997 38.249016 
20.530175 38.249016 
20.556375 38.726509 
20.607572 38.711254 
20.632712 38.949631 
20.657851 39.064816 
20.682990 39.118408 
20.708128 39.141205 
20.733266 39.148602 
20.758430 38.898300 
20.808606 38.898300 
20.833771 39.269150 
20.858935 39.450577 
20.884081 39.287289 
20.909221 39.047646 
20.934363 38.923824 
20.959502 38.857910 
20.984640 38.820953 
21.009778 38.798477 
21.059949 38.798477 
21.085130 39.033237 
21.110271 39.146622 
21.135408 39.199310 
21.160547 39.221657 
21.185686 39.228828 
21.210833 38.978413 
21.235971 38.849205 
21.261139 38.780602 
21.311325 38.780602 
21.336501 39.242302 
21.361658 39.219151 
21.386870 39.203575 
21.412030 38.941788 
21.437179 39.056892 
21.462322 39.110447 
21.487462 39.133224 
21.512604 38.890614 
21.562777 38.890614 
21.587944 39.265305 
21.613109 39.448654 
21.638269 39.286327 
21.663446 39.095161 
21.688594 38.745583 
21.713733 38.816792 
21.738870 38.848396 
21.764032 38.860199 
21.814217 38.860199 
21.839407 38.886101 
21.864552 38.895050 
21.889703 38.895527 
21.939897 38.891762 
21.965043 39.135880 
21.990181 39.003941 
22.015319 38.933968 
22.040458 38.894985 
22.090637 38.894985 
22.115806 39.371490 
22.140947 39.355743 
22.166116 39.343872 
22.191262 39.083935 
22.216399 39.199966 
22.241537 39.253983 
22.266677 39.276993 
22.291841 39.034496 
22.342035 39.034496 
22.367217 39.409248 
22.392364 39.592625 
22.417509 39.430313 
22.442648 39.215157 
22.467787 39.103577 
22.492925 39.043789 
22.518064 39.009895 
22.543203 38.988949 
22.593368 38.988949 
22.618548 39.224472 
22.643686 39.338238 
22.668846 39.391121 
22.693987 39.163559 
22.719126 39.295780 
22.744263 39.357887 
22.769402 39.134945 
22.794555 39.019470 
22.844736 39.019470 
22.869911 39.457737 
22.895047 39.672867 
22.920216 39.526432 
22.945362 39.199219 
22.970498 39.281609 
22.995636 39.318806 
23.020820 39.333405 
23.045963 39.086700 
23.095971 39.086700 
23.121197 38.829350 
23.146350 39.196678 
23.171517 39.376339 
23.196673 39.212166 
23.221822 38.900082 
23.246966 38.740044 
23.272116 38.656021 
23.297255 38.610012 
23.347446 38.610012 
23.372638 38.833008 
23.397776 38.940506 
23.422919 38.990253 
23.448092 39.011124 
23.473244 38.767563 
23.498383 38.891781 
23.523521 38.949890 
23.548659 38.724945 
23.598878 38.724945 
23.624076 38.608471 
23.649229 39.046234 
23.674379 39.261116 
23.699552 39.114559 
23.724704 38.787277 
23.774809 38.869640 
23.799982 39.156822 
23.825127 39.046410 
23.875098 39.046410 
23.900295 38.857204 
23.925462 39.258606 
23.950657 39.455303 
23.975813 39.299652 
24.000959 38.991825 
24.026098 38.833916 
24.051245 38.750957 
24.076384 38.705482 
24.126563 38.705482 
24.151740 38.928741 
24.176880 39.036369 
24.202016 39.086185 
24.227154 39.107094 
24.252268 39.113548 
24.277429 39.112774 
24.302591 38.858383 
24.327744 38.727192 
24.377943 38.727192 
24.403158 38.657593 
24.428346 39.118797 
24.453496 39.345398 
24.478691 39.204700 
24.503856 38.880348 
24.528996 38.964176 
24.554134 39.002090 
24.579288 39.017044 
24.629473 39.017044 
24.654640 39.140522 
24.679775 39.198265 
24.704917 39.223133 
24.730080 39.231567 
24.755225 38.981785 
24.780364 38.626892 
24.805502 38.445446 
24.831641 38.350723 
24.883830 38.350723 
24.935066 38.799362 
24.960179 39.019680 
24.985321 39.125839 
25.010459 39.174919 
25.035597 39.195461 
25.060735 39.201729 
25.085873 39.200863 
25.111012 38.946434 
25.161210 38.946434 
25.186399 38.815216 
25.211539 39.245609 
25.236681 39.456802 
25.261846 39.308403 
25.286991 38.980202 
25.312130 39.062099 
25.337269 39.099052 
25.362431 39.113525 
25.412577 39.113525 
25.437762 39.236763 
25.462901 39.294380 
25.488042 39.319191 
25.513220 39.327595 
25.538382 39.077797 
25.563520 39.198898 
25.588666 39.005447 
25.613803 38.904724 
25.664010 38.904724 
25.689211 38.850361 
25.714349 39.319183 
25.739494 39.299591 
25.764660 39.285797 
25.789803 39.024899 
25.814941 38.962448 
25.840080 38.927223 
25.865218 38.905613 
25.915397 38.905613 
25.965635 39.140808 
25.990777 39.504406 
26.015915 39.682205 
26.066149 39.517101 
26.091321 39.180550 
26.116479 39.508274 
26.141653 39.668137 
26.166818 39.494068 
26.216829 39.494068 
26.241995 39.725037 
26.267135 39.836517 
26.292276 39.888260 
26.317420 39.910130 
26.342586 39.667068 
26.367754 39.541534 
26.392899 39.474766 
26.418063 39.437386 
26.468249 39.437386 
26.493441 39.914692 
26.543682 39.899345 
26.568837 39.887672 
26.593976 40.127838 
26.618115 40.243919 
26.642253 40.047958 
26.666428 39.945980 
26.691582 39.640991 
26.741609 40.080498 
26.790664 40.080498 
26.814813 40.296249 
26.838951 40.400124 
26.863084 40.448063 
26.887222 40.468033 
26.911359 40.224018 
26.935541 40.098007 
26.959682 39.781002 
27.008710 39.781002 
27.033876 40.368500 
27.058042 40.408249 
27.082182 40.174126 
27.106321 40.303062 
27.130459 40.363533 
27.154598 40.389767 
27.178781 40.148880 
27.202926 39.774441 
27.251922 39.774441 
27.300004 40.179222 
27.324168 40.377613 
27.348326 40.222809 
27.372482 40.391403 
27.396662 40.471703 
27.420816 40.257851 
27.444978 40.146927 
27.469123 39.837463 
27.518207 39.837463 
27.543375 40.428734 
27.567538 40.470367 
27.591685 40.237183 
27.615824 40.366592 
27.639962 40.427296 
27.664100 40.453651 
27.688265 40.212826 
27.712406 39.838409 
27.761424 39.838409 
27.809451 40.243206 
27.833630 40.441605 
27.857772 40.286804 
27.881909 40.455402 
27.906042 40.535698 
27.930188 40.321850 
27.954353 40.210922 
27.978493 39.901463 
28.027541 39.901463 
28.076664 40.242729 
28.100812 40.409367 
28.124945 40.560684 
28.149082 40.632343 
28.173220 40.664169 
28.197356 40.426086 
28.221495 40.303043 
28.245632 40.237518 
28.293807 40.237518 
28.342056 40.450760 
28.366217 40.553379 
28.390360 40.850693 
28.414498 40.995346 
28.438643 40.813675 
28.462807 40.718838 
28.486952 40.417419 
28.511091 40.334709 
28.559231 40.334709 
28.607424 40.539356 
28.631561 40.887680 
28.655699 41.057838 
28.679845 40.888920 
28.703983 40.800461 
28.728147 40.752232 
28.752293 40.474113 
28.776431 40.581059 
28.824612 40.581059 
28.872887 40.880531 
28.897033 40.776264 
28.921171 40.970131 
28.945309 41.063065 
28.969462 41.105534 
28.993606 40.872765 
29.017745 40.848381 
29.041883 40.582191 
29.090058 40.582191 
29.114235 40.945095 
29.138373 41.122551 
29.162514 41.207275 
29.186652 40.995636 
29.210789 40.885818 
29.259007 40.826908 
29.283163 40.543457 
29.307323 40.647728 
29.355538 40.647728 
29.379729 40.945866 
29.403872 41.162933 
29.428016 41.017467 
29.452149 40.940735 
29.476287 40.898369 
29.500425 40.873184 
29.524563 40.856590 
29.548705 40.594296 
29.596879 40.594296 
29.645114 40.959145 
29.669263 41.137573 
29.693401 41.222786 
29.717540 41.261395 
29.741717 41.276695 
29.765857 41.030346 
29.789995 40.725174 
29.814132 40.568588 
29.862303 40.568588 
29.886473 40.986294 
29.910612 40.941147 
29.934753 40.914574 
29.958890 40.897285 
29.983027 40.884644 
30.007166 40.874321 
30.031304 40.615162 
30.055442 40.481583 
30.103617 40.481583 
30.151831 40.910789 
30.175978 40.871395 
30.200116 41.097694 
30.224254 41.206848 
30.248416 41.257423 
30.272561 41.028713 
30.296707 40.756355 
30.320846 40.616177 
30.369038 40.616177 
30.393226 41.042091 
30.417362 41.001045 
30.441503 40.976524 
30.465641 40.960262 
30.489776 40.948128 
30.513914 40.938065 
30.538054 40.679031 
30.562192 40.545517 
30.610371 40.974758 
30.658646 40.974758 
30.682795 40.935379 
30.706933 41.161690 
30.731069 41.270844 
30.755208 41.321423 
30.803496 41.092712 
30.827638 40.724358 
30.851794 41.036179 
30.900012 41.036179 
30.924199 41.188087 
30.948342 41.380043 
30.972486 41.472023 
30.996625 41.514011 
31.020763 41.281006 
31.044928 41.160503 
31.069074 40.846252 
31.093212 40.935127 
31.141415 40.935127 
31.189680 41.225563 
31.213832 41.116783 
31.237984 41.558392 
31.262131 41.525192 
31.286301 41.504597 
31.310458 41.240295 
31.334618 41.354149 
31.358768 41.407074 
31.406991 41.407074 
31.431202 41.429539 
31.455339 41.532768 
31.479480 41.580383 
31.527700 41.600193 
31.551865 41.606094 
31.576018 41.355049 
31.600156 41.475525 
31.624291 41.531761 
31.672495 41.531761 
31.696684 41.555882 
31.720824 41.813942 
31.743965 41.938972 
31.767057 41.747486 
31.790246 41.647743 
31.814403 41.343872 
31.838557 41.259937 
31.862704 41.213966 
31.910883 41.213966 
31.935056 41.436985 
31.959197 41.544495 
31.983338 41.594246 
32.007476 41.365124 
32.031610 41.246559 
32.055784 41.183281 
32.079929 40.897640 
32.104068 41.000816 
32.152239 41.000816 
32.176458 41.298409 
32.200605 41.193203 
32.224745 41.208603 
32.248883 40.962303 
32.273021 40.835152 
32.297163 40.767574 
32.321302 40.729790 
32.345450 40.706894 
32.393624 40.706894 
32.417802 40.941448 
32.441957 41.054726 
32.466104 40.857365 
32.490243 40.754684 
32.514382 40.699341 
32.538520 40.667671 
32.562694 40.647835 
32.586840 40.383919 
32.634883 40.383919 
32.659045 40.569958 
32.683185 40.658981 
32.707329 40.699490 
32.731433 40.465744 
32.755572 40.344872 
32.779711 40.280437 
32.803868 40.244217 
32.828046 40.222107 
32.876222 40.222107 
32.924448 40.457054 
32.948628 40.820526 
32.972778 40.748264 
32.996920 40.530136 
33.021060 40.417068 
33.045207 40.356533 
33.069342 40.322266 
33.117538 40.301132 
33.165743 40.301132 
33.213998 40.786568 
33.238140 41.025284 
33.262277 41.140640 
33.310486 41.194321 
33.334632 41.467159 
33.358792 41.349579 
33.382936 41.286789 
33.407070 41.251396 
33.455245 41.251396 
33.503541 41.479698 
33.527705 41.339848 
33.551860 41.765923 
33.575013 41.974960 
33.598187 41.825481 
33.621343 41.496742 
33.645489 41.578373 
33.669633 41.615189 
33.717827 41.615189 
33.742009 41.629593 
33.766147 41.776798 
33.789288 41.846397 
33.812427 41.877197 
33.835566 41.638599 
33.859734 41.515297 
33.883881 41.199650 
33.908020 41.287827 
33.956191 41.287827 
33.980389 41.577911 
34.004536 41.468956 
34.028676 41.660477 
34.052815 41.752239 
34.075955 41.544121 
34.100119 41.436062 
34.124276 41.128029 
34.148415 41.042015 
34.196585 41.042015 
34.220749 41.245007 
34.244883 41.342506 
34.269046 41.387253 
34.293204 41.405628 
34.317343 41.160812 
34.341499 41.034405 
34.365685 40.967201 
34.389832 40.679600 
34.437880 40.679600 
34.462047 41.031799 
34.486194 41.203899 
34.510342 41.035950 
34.534480 41.019974 
34.558619 40.757988 
34.582758 40.622993 
34.606898 40.551498 
34.631048 40.511749 
34.679246 40.737873 
34.727506 40.737873 
34.751648 41.096939 
34.775786 41.272469 
34.799925 41.106236 
34.824064 41.019119 
34.848197 40.971561 
34.872363 40.943779 
34.896509 40.675888 
34.944571 40.675888 
34.968748 40.859943 
34.992884 40.947975 
35.017028 40.987988 
35.041169 40.753990 
35.065308 40.632996 
35.089447 40.568497 
35.113586 40.532249 
35.137725 40.510124 
35.185908 40.510124 
35.210082 40.745064 
35.234223 40.858532 
35.258364 40.911263 
35.282503 40.933632 
35.306650 40.690815 
35.330794 40.565407 
35.354953 40.498703 
35.379114 40.461353 
35.427295 40.461353 
35.451475 40.534676 
35.475632 40.567337 
35.499777 40.579670 
35.523918 40.581833 
35.548056 40.328918 
35.572200 40.198460 
35.596347 40.129227 
35.620486 40.090614 
35.668666 40.090614 
35.692822 40.317307 
35.716959 40.426655 
35.741101 40.477325 
35.765241 40.498665 
35.789405 40.255333 
35.813559 39.879665 
35.838700 39.937836 
35.863838 39.962917 
35.914045 39.962917 
35.939244 39.971458 
35.964397 40.221729 
35.988549 40.342865 
36.012724 40.399433 
36.036875 40.173714 
36.061017 39.926857 
36.086156 39.799427 
36.111295 39.731712 
36.161470 39.731712 
36.186633 40.193855 
36.210774 40.170929 
36.234915 40.155464 
36.259054 40.143734 
36.283218 40.133865 
36.307400 39.874931 
36.332540 39.741467 
36.357697 39.670731 
36.407915 39.670731 
36.433115 39.881367 
36.458248 40.054680 
36.482396 40.137341 
36.506534 39.924667 
36.531673 39.814335 
36.556812 39.755165 
36.581949 39.721584 
36.632153 39.700790 
36.682334 39.700790 
36.707504 40.186394 
36.731643 40.425198 
36.755784 40.540596 
36.779922 40.344299 
36.804080 40.242149 
36.828223 39.937077 
36.853369 40.030540 
36.902561 40.073269 
36.951782 40.073269 
36.975987 40.090637 
37.000141 40.595318 
37.024296 40.843658 
37.048472 40.713829 
37.072651 40.394917 
37.096826 40.351456 
37.120998 40.325729 
37.145161 40.308865 
37.193358 40.308865 
37.217540 40.296432 
37.241691 40.536217 
37.265836 40.652107 
37.289974 40.456055 
37.314132 40.354027 
37.338292 40.049015 
37.362443 40.142509 
37.410633 40.185253 
37.458843 40.185253 
37.483035 40.202629 
37.507201 40.707314 
37.531356 40.705658 
37.555519 40.700829 
37.579688 40.444416 
37.603845 40.408211 
37.627988 40.386105 
37.652128 40.121056 
37.700376 40.121056 
37.724573 40.234528 
37.748702 40.537262 
37.772844 40.684631 
37.796983 40.504314 
37.821171 40.410156 
37.845318 40.109077 
37.869458 40.204540 
37.893597 40.248268 
37.941793 40.248268 
37.965971 40.266132 
37.990110 40.343063 
38.014252 40.377533 
38.038391 40.140766 
38.062538 40.018387 
38.086678 39.953194 
38.111814 39.916595 
38.136952 39.894299 
38.187133 39.894299 
38.212330 40.129150 
38.236477 39.992577 
38.261618 40.170288 
38.285761 40.255142 
38.309900 40.043571 
38.334043 39.933784 
38.359196 39.624893 
38.384351 39.716446 
38.434525 39.716446 
38.459724 40.008224 
38.483866 39.900112 
38.509024 39.938057 
38.534163 39.953030 
38.559302 39.956512 
38.584441 39.954258 
38.609611 39.699127 
38.634766 39.317562 
38.684867 39.317562 
38.710050 39.872780 
38.735205 39.896389 
38.760354 39.702194 
38.785493 39.601097 
38.810632 39.546547 
38.835771 39.515274 
38.860910 39.495636 
38.886050 39.481819 
38.936217 39.481819 
38.961385 39.720909 
38.986511 39.836456 
39.011652 39.890228 
39.036809 39.913113 
39.061950 39.670555 
39.087105 39.545277 
39.112294 39.478638 
39.137435 39.191319 
39.187543 39.191319 
39.212712 39.543663 
39.237885 39.715832 
39.263035 39.547913 
39.288180 39.709957 
39.313326 39.786980 
39.338508 39.821491 
39.363669 39.584747 
39.388810 39.332375 
39.438984 39.332375 
39.464166 39.702187 
39.489309 39.883095 
39.514452 39.969547 
39.539592 39.758774 
39.564726 39.649387 
39.589865 39.590691 
39.615032 39.557346 
39.640192 39.286674 
39.690255 39.286674 
39.715425 39.647339 
39.740593 39.823669 
39.765758 39.657833 
39.790899 39.642914 
39.816047 39.631458 
39.866239 39.371727 
39.916431 39.487865 
39.941571 39.791931 
39.991750 39.791931 
40.016939 40.189964 
40.041104 40.134983 
40.065245 40.353493 
40.089384 40.458748 
40.113523 40.507374 
40.137687 40.277687 
40.161835 39.908844 
40.186975 39.970421 
40.237148 39.970421 
40.262347 40.247211 
40.286502 40.131607 
40.310661 40.319805 
40.334816 40.409904 
40.359016 40.450954 
40.383172 40.217476 
40.407312 39.966740 
40.432452 39.837372 
40.482634 39.837372 
40.507814 40.268684 
40.531980 40.230343 
40.556140 39.957169 
40.581279 40.066586 
40.605418 40.117294 
40.653632 40.138649 
40.677787 39.895325 
40.702947 40.019661 
40.752141 40.019661 
40.776317 40.327831 
40.800468 40.299919 
40.824611 40.281960 
40.848752 40.268978 
40.872891 40.258492 
40.897031 40.249245 
40.921170 39.990623 
40.946310 39.857311 
40.996485 39.857311 
41.021683 40.286659 
41.045827 40.247330 
41.069964 40.021664 
41.094109 39.904831 
41.119246 39.842415 
41.144383 39.807209 
41.169531 39.785606 
41.194670 39.770802 
41.244847 39.770802 
41.270007 40.009399 
41.294147 40.124699 
41.318297 40.178352 
41.342446 40.201176 
41.366604 39.958588 
41.415819 39.833294 
41.440967 39.766647 
41.466115 39.979324 
41.516297 39.979324 
41.541517 40.331661 
41.565663 40.253830 
41.589814 40.460915 
41.613950 40.560459 
41.662112 40.356232 
41.686259 40.250114 
41.710398 40.313057 
41.758585 40.340530 
41.806760 40.340530 
41.854996 40.850266 
41.879137 41.101131 
41.903276 41.222565 
41.927453 41.279282 
41.951601 41.053642 
41.975740 41.186821 
42.023941 40.999409 
42.072193 41.151703 
42.120383 41.151703 
42.144564 41.723850 
42.167729 42.005928 
42.190879 41.892963 
42.214010 41.928482 
42.237150 41.692242 
42.284343 41.570122 
42.330539 41.755062 
42.353687 41.843529 
42.399878 41.843529 
42.423074 42.383766 
42.446221 42.399883 
42.469377 42.153938 
42.492534 42.276970 
42.515688 42.334484 
42.538837 42.109245 
42.561998 41.992622 
42.585156 41.680309 
42.631236 41.680309 
42.654422 42.020157 
42.677579 42.186077 
42.700748 42.015038 
42.723903 42.021519 
42.747043 41.770760 
42.770179 41.641380 
42.794318 41.572689 
42.818476 41.534348 
42.866656 41.534348 
42.890853 41.535175 
42.914991 41.531586 
42.939129 41.525795 
42.963287 41.518898 
42.987450 41.261448 
43.011623 41.128723 
43.035789 41.058361 
43.083996 41.019180 
43.132177 41.019180 
43.180397 41.495590 
43.204541 41.979797 
43.251745 41.967899 
43.274885 42.207947 
43.321059 42.323975 
43.367320 42.377987 
43.390486 42.150993 
43.413647 42.533497 
43.459839 42.533497 
43.483017 42.720749 
43.506163 42.930374 
43.529304 42.781189 
43.552445 42.702595 
43.598641 42.659294 
43.621777 42.883648 
43.644915 42.741821 
43.691111 42.666912 
43.737315 42.666912 
43.760519 42.875458 
43.783658 43.225731 
43.829855 43.396866 
43.853023 43.478432 
43.875178 43.265217 
43.898318 43.404610 
43.944520 43.470306 
43.989756 43.499153 
44.034946 43.499153 
44.057118 44.009579 
44.079263 44.260788 
44.101414 44.132393 
44.123554 43.934196 
44.145700 43.775551 
44.189907 43.775551 
44.212046 43.743774 
44.234207 43.723888 
44.278407 43.723888 
44.300608 43.959946 
44.322770 44.073975 
44.367080 44.126987 
44.389250 43.899498 
44.411406 44.031750 
44.433559 44.093872 
44.455698 43.870937 
44.477865 43.755470 
44.522053 43.755470 
44.544228 43.765736 
44.588421 43.766869 
44.610568 44.013435 
44.632707 43.882717 
44.654845 43.813362 
44.676984 43.774681 
44.699123 43.501339 
44.721262 43.360672 
44.766434 43.360672 
44.789628 43.286335 
44.812779 43.495171 
44.834931 43.595585 
44.857031 43.641792 
44.879189 43.410896 
44.902365 43.041447 
44.925534 43.102722 
44.948721 43.129360 
44.994876 43.129360 
45.018081 43.138680 
45.041226 43.235340 
45.064375 43.279671 
45.087517 43.047836 
45.110659 42.927917 
45.156857 42.863960 
45.179996 42.827980 
45.203131 42.805988 
45.249345 42.805988 
45.272530 43.040993 
45.295677 42.952496 
45.318818 42.904251 
45.341969 42.876125 
45.365118 42.858063 
45.388257 42.595032 
45.411396 42.459515 
45.434535 42.387756 
45.480734 42.387756 
45.503913 42.597878 
45.550117 42.698940 
45.573262 42.995468 
45.619456 42.889732 
45.642621 43.082867 
45.665774 42.925430 
45.688914 42.842716 
45.712054 42.797356 
45.758231 42.797356 
45.781407 43.020679 
45.804547 42.974342 
45.827688 42.947170 
45.850827 42.929588 
45.873967 42.916794 
45.897106 42.656399 
45.920241 42.522202 
45.943378 42.451099 
45.989552 42.661552 
46.035785 42.661552 
46.058888 43.012775 
46.082028 43.184387 
46.128242 43.178101 
46.174478 43.178101 
46.197643 43.005051 
46.220791 43.164524 
46.243938 43.240265 
46.290152 43.240265 
46.313372 43.274132 
46.336537 43.537067 
46.358683 43.664536 
46.380844 43.724266 
46.403017 43.500134 
46.425176 43.134064 
46.448322 43.067032 
46.494517 43.029518 
46.540699 43.029518 
46.563909 43.256760 
46.587048 43.366379 
46.610194 43.417191 
46.633334 43.438595 
46.656474 43.445297 
46.702716 43.194649 
46.725875 42.815327 
46.749041 43.121666 
46.795274 43.121666 
46.818469 43.270832 
46.841615 43.413414 
46.864764 43.480709 
46.886907 43.260353 
46.932105 43.146175 
46.955245 43.335091 
46.978385 43.175545 
47.001525 43.091774 
47.047673 43.295887 
47.093940 43.295887 
47.117099 43.143944 
47.140249 43.563972 
47.162402 43.769985 
47.184571 43.618996 
47.206722 43.289497 
47.229870 43.370750 
47.253011 43.407375 
47.299215 43.407375 
47.322400 43.421684 
47.345550 43.520844 
47.367704 43.316422 
47.390846 43.210213 
47.413986 43.153107 
47.460208 43.120552 
47.483389 42.850277 
47.506559 42.961136 
47.552738 42.961136 
47.599008 43.262569 
47.622207 43.159286 
47.645368 43.603645 
47.667533 43.571823 
47.689750 43.551910 
47.711910 43.287956 
47.735064 43.223980 
47.758214 42.937988 
47.804416 42.937988 
47.850647 43.290993 
47.873783 43.463497 
47.896922 43.545746 
47.919062 43.582874 
47.963285 43.597435 
47.985438 43.350719 
48.008585 43.473358 
48.053778 43.530678 
48.098992 43.530678 
48.121197 43.555340 
48.143351 43.813667 
48.165505 43.938835 
48.187657 43.997417 
48.231898 43.772705 
48.254070 43.406353 
48.277253 43.719177 
48.299425 43.621590 
48.343701 43.621590 
48.365922 43.568794 
48.388083 43.788399 
48.410241 43.894199 
48.432415 43.943100 
48.454567 43.713551 
48.476740 43.488777 
48.498899 43.122387 
48.522037 43.185196 
48.568214 43.185196 
48.614450 43.462597 
48.637602 43.347298 
48.660767 43.535648 
48.682923 43.625824 
48.705097 43.666912 
48.727249 43.433456 
48.750396 43.110729 
48.773537 42.945366 
48.819714 43.358685 
48.865966 43.358685 
48.889118 43.311340 
48.912259 43.533669 
48.934397 43.640835 
48.956535 43.440414 
49.001792 43.336208 
49.024958 43.030106 
49.048112 43.123055 
49.094320 43.123055 
49.117509 43.415527 
49.140655 43.379765 
49.163800 43.357880 
49.209995 43.342941 
49.233135 43.581470 
49.255275 43.446739 
49.278415 43.375370 
49.324612 43.335686 
49.370832 43.335686 
49.394035 43.561844 
49.416183 43.920921 
49.438325 43.846462 
49.482544 43.805229 
49.504693 43.780613 
49.526833 43.586304 
49.548974 43.485153 
49.571114 43.430576 
49.616291 43.430576 
49.660515 43.649292 
49.682654 44.004646 
49.704804 43.928322 
49.749029 43.886162 
49.771195 43.861080 
49.793354 43.642540 
49.815493 43.529270 
49.860688 43.468636 
49.905872 43.468636 
49.950096 43.934319 
49.972237 44.163158 
50.016434 44.273582 
50.038573 44.324791 
50.060713 44.346397 
50.104907 44.353199 
50.127048 44.352600 
50.149212 44.348301 
50.193398 44.348301 
50.215563 44.592148 
50.237716 44.765038 
50.281954 44.765038 
50.304103 44.538517 
50.326244 44.671257 
50.348394 44.733627 
50.370545 44.760815 
50.414768 44.520409 
50.458967 44.520409 
50.481171 44.896206 
50.503366 45.080101 
50.525525 44.918049 
50.547703 44.727028 
50.569853 44.377514 
50.591993 44.448753 
50.614134 44.480377 
50.658357 44.242188 
50.702546 44.242188 
50.724721 44.393093 
50.768914 44.464546 
50.791080 44.746273 
50.835276 44.633133 
50.857415 44.822567 
50.901612 44.663284 
50.945817 44.829643 
50.967964 44.908821 
51.012135 45.444412 
51.056390 45.444412 
51.078545 45.458206 
51.099686 45.711105 
51.120825 45.833553 
51.163030 45.640778 
51.184176 45.540390 
51.205315 45.332195 
51.227455 45.224098 
51.271634 45.416050 
51.315867 45.416050 
51.338021 45.758026 
51.359175 45.675014 
51.380306 45.629509 
51.401446 45.602757 
51.443664 45.585381 
51.464813 45.322689 
51.486927 45.437347 
51.531107 45.437347 
51.574378 45.740673 
51.595542 45.638336 
51.616713 45.833168 
51.658928 45.926586 
51.680108 45.969292 
51.701264 45.736645 
51.743324 45.712326 
51.764466 45.696163 
51.806645 45.696163 
51.848871 45.934082 
51.870012 46.299042 
51.891148 46.227520 
51.933339 46.187759 
51.975562 46.163879 
51.996718 45.897942 
52.017876 46.010971 
52.060094 46.063484 
52.102275 46.063484 
52.123442 46.407742 
52.144611 46.575874 
52.165768 46.405937 
52.207956 46.316967 
52.250106 46.268486 
52.292294 46.490242 
52.334515 46.597122 
52.355685 46.646561 
52.397807 46.646561 
52.418978 47.167282 
52.440147 47.423641 
52.482415 47.297817 
52.503568 46.980911 
52.524710 47.068455 
52.566903 47.108231 
52.609157 47.124115 
52.630307 46.878059 
52.672362 46.878059 
52.714469 47.501030 
52.735634 47.558514 
52.756755 47.703255 
52.797963 47.771629 
52.839189 47.801815 
52.859335 47.812904 
52.879475 47.588451 
52.920665 47.472229 
52.961839 47.910114 
53.002042 47.910114 
53.022183 48.125061 
53.062382 48.228531 
53.082525 48.276264 
53.122715 48.296135 
53.142853 48.302063 
53.182998 48.301033 
53.223149 48.296516 
53.263393 48.296516 
53.283565 48.290257 
53.303713 48.533127 
53.343922 48.650562 
53.364131 48.705284 
53.384285 48.478638 
53.404428 48.611320 
53.424569 48.423660 
53.464762 48.325832 
53.504980 48.325832 
53.525197 48.272919 
53.545364 48.492458 
53.585589 48.598228 
53.625858 48.647114 
53.646043 48.417557 
53.686151 48.548779 
53.726278 48.860390 
53.746450 48.762196 
53.786407 48.762196 
53.806588 49.127102 
53.826734 49.305550 
53.866983 49.140778 
53.887127 49.054386 
53.907267 48.781197 
53.927406 48.640598 
53.947545 48.566299 
53.967678 48.275146 
54.007856 48.275146 
54.028021 48.375572 
54.048170 48.421787 
54.068311 48.440895 
54.088460 48.446449 
54.108604 48.195225 
54.128743 48.065617 
54.148882 47.996811 
54.169020 47.708405 
54.209198 47.708405 
54.229369 47.810204 
54.249558 47.857101 
54.269747 47.626553 
54.289864 47.329277 
54.311011 47.176640 
54.332151 47.096321 
54.353299 46.802166 
54.374450 46.651085 
54.416608 46.651085 
54.437778 46.821545 
54.458919 46.902771 
54.480060 46.939384 
54.501200 46.703693 
54.522340 46.581848 
54.543479 46.516926 
54.564618 46.230461 
54.606811 46.083233 
54.648966 46.083233 
54.670170 46.255615 
54.691311 46.587807 
54.712452 46.499905 
54.733602 46.451950 
54.754740 46.423973 
54.775890 46.155991 
54.797036 45.767998 
54.818179 45.820000 
54.860356 45.820000 
54.881572 46.091999 
54.902716 45.973999 
54.923855 45.780998 
54.944998 45.680500 
54.966138 45.626251 
54.987277 45.345131 
55.009416 45.200565 
55.031552 45.124283 
55.075743 45.124283 
55.097909 45.332142 
55.120049 45.432068 
55.142145 45.478039 
55.163313 45.247017 
55.185463 44.877510 
55.207602 44.938755 
55.251824 44.715378 
55.273992 44.849689 
55.318181 44.849689 
55.340364 44.984848 
55.362523 45.048424 
55.384669 45.076214 
55.406814 44.836105 
55.428954 44.712051 
55.451102 44.646027 
55.473242 44.609013 
55.517439 44.336510 
55.561619 44.336510 
55.583804 44.696255 
55.605954 44.872124 
55.628095 44.956062 
55.650237 44.744030 
55.672429 44.634018 
55.694580 44.325008 
55.716720 44.416504 
55.760922 44.208252 
55.805147 44.208252 
55.827328 44.350128 
55.849488 44.667065 
55.871642 44.821533 
55.893788 44.894768 
55.915961 44.677383 
55.938137 44.314693 
55.982240 44.249344 
56.026334 44.212673 
56.070421 44.212673 
56.092681 44.440338 
56.114855 44.800167 
56.137020 44.976082 
56.159187 44.810040 
56.181372 44.723022 
56.203533 44.425510 
56.225688 44.522758 
56.247849 44.317379 
56.292025 44.317379 
56.314227 44.460686 
56.358342 44.350342 
56.380484 44.541172 
56.402631 44.632584 
56.446825 44.424294 
56.468976 44.566147 
56.513169 44.633072 
56.557361 44.662537 
56.601567 44.662537 
56.623766 45.173267 
56.645915 45.424637 
56.668070 45.296318 
56.690236 45.228161 
56.712392 44.940079 
56.734537 45.042038 
56.778736 44.839020 
56.822999 44.983509 
56.867191 44.983509 
56.889373 45.551762 
56.910529 45.831879 
56.931714 45.717941 
56.952880 45.406971 
56.975029 45.117485 
56.997166 44.968742 
57.041360 44.890369 
57.085603 45.097183 
57.129785 45.097183 
57.151952 45.696590 
57.173092 45.761147 
57.215322 45.761147 
57.236491 45.516575 
57.257650 45.640289 
57.299855 45.698143 
57.342147 45.723072 
57.363296 45.481537 
57.405328 45.481537 
57.426543 46.106770 
57.447721 46.165382 
57.468907 45.940693 
57.490102 45.670349 
57.511280 45.781174 
57.532449 45.582588 
57.574668 45.479294 
57.617914 45.423649 
57.661119 45.423649 
57.683329 45.891823 
57.705412 46.121910 
57.726585 45.982956 
57.747758 45.707478 
57.768912 45.565742 
57.790064 45.490871 
57.833263 45.449432 
57.876449 45.424717 
57.919622 45.424717 
57.941792 45.908356 
57.962926 46.146179 
57.984092 46.011089 
58.005242 45.689545 
58.026383 45.774773 
58.047518 45.563385 
58.068657 45.453693 
58.111875 45.394844 
58.155064 45.394844 
58.177236 45.861420 
58.198378 45.840710 
58.219552 45.826355 
58.240705 45.565178 
58.261844 45.526588 
58.282982 45.253296 
58.326177 45.112648 
58.369378 45.038326 
58.412558 45.038326 
58.434759 45.497162 
58.455902 45.722576 
58.498134 45.831291 
58.519290 45.631645 
58.540446 45.777824 
58.582651 45.846912 
58.624885 45.877457 
58.646057 45.638729 
58.688115 45.638729 
58.709309 46.015366 
58.730478 46.199684 
58.751639 46.037842 
58.772789 46.048920 
58.793934 45.800461 
58.815077 45.672230 
58.857275 45.604118 
58.899509 45.566059 
58.941741 45.566059 
58.962948 46.043030 
59.005193 46.277515 
59.026349 46.140755 
59.047503 46.318378 
59.089723 46.153191 
59.110848 46.316597 
59.132001 46.144299 
59.174007 45.876152 
59.215992 46.238075 
59.258027 46.415039 
59.300077 46.415039 
59.321234 46.749519 
59.363413 46.912762 
59.384596 46.990379 
59.405749 46.775188 
59.426891 46.461594 
59.469089 46.300797 
59.511269 46.716400 
59.553511 46.716400 
59.595716 46.920200 
59.616860 47.268105 
59.659048 47.188053 
59.680186 47.394028 
59.722384 47.493015 
59.764581 47.538506 
59.806807 47.557255 
59.849001 47.557255 
59.870186 48.062626 
59.911415 48.311310 
59.931573 48.181656 
59.951720 48.362827 
59.991921 48.449417 
60.032154 48.488708 
60.052305 48.254353 
60.072445 48.383179 
60.112626 48.693588 
60.152886 48.693588 
60.173044 48.594795 
60.213102 48.685398 
60.253149 48.726700 
60.293221 48.993351 
60.313373 48.872673 
60.333508 49.058338 
60.353653 48.897171 
60.393840 48.897171 
60.414036 49.062580 
60.434192 48.891289 
60.474287 49.051643 
60.514381 49.127823 
60.554503 49.161911 
60.574669 48.924957 
60.594827 49.052479 
60.635036 49.112244 
60.675281 49.112244 
60.695493 49.138123 
60.735548 49.397060 
60.775660 49.772530 
60.795852 49.706264 
60.816040 49.539131 
60.836218 49.201565 
60.856393 49.278786 
60.896620 49.313393 
60.936848 49.313393 
60.957065 49.326694 
60.997187 49.579346 
61.017351 49.701675 
61.057604 49.758839 
61.077807 49.533417 
61.097977 49.666710 
61.138202 49.729355 
61.178443 49.756676 
61.218662 49.756676 
61.238890 50.088337 
61.258074 50.077084 
61.296303 50.077084 
61.335538 49.986542 
61.355723 49.687271 
61.375934 49.783638 
61.416155 49.827816 
61.456386 49.845909 
61.496575 49.845909 
61.516785 50.350956 
61.556014 50.599483 
61.575218 50.469742 
61.594376 50.222870 
61.613527 50.095436 
61.651728 50.027721 
61.690935 49.989861 
61.711079 49.966930 
61.751120 50.225464 
61.790229 50.225464 
61.829287 50.409367 
61.868348 50.409367 
61.887496 50.684685 
61.906639 50.568344 
61.944867 50.506172 
61.983027 50.471088 
62.002174 50.449547 
62.040352 50.684772 
62.078611 50.684772 
62.097746 50.798386 
62.116891 50.673195 
62.155089 50.606598 
62.174236 50.569298 
62.212429 50.546650 
62.250620 50.531330 
62.288813 50.519669 
62.326991 51.009834 
62.365216 51.009834 
62.384367 51.250919 
62.403510 51.367462 
62.441711 51.171730 
62.479916 51.319866 
62.518110 51.389931 
62.556303 51.420971 
62.594527 51.432487 
62.632718 51.432487 
62.651883 51.780243 
62.671031 51.950123 
62.709216 51.781059 
62.747407 51.942528 
62.785597 52.019264 
62.823788 52.053627 
62.861975 52.066814 
62.900157 52.319405 
62.938331 52.691704 
62.975546 52.691704 
63.012767 52.873848 
63.030925 53.210926 
63.067124 53.125465 
63.103336 53.078732 
63.121491 53.051369 
63.157561 52.879684 
63.175701 52.789841 
63.211876 52.990921 
63.248091 52.990921 
63.284285 53.087460 
63.320481 53.381729 
63.356657 53.524868 
63.374802 53.592438 
63.392928 53.622223 
63.411062 53.383110 
63.447257 53.259552 
63.483438 53.443779 
63.519676 53.443779 
63.537843 53.781887 
63.555998 53.696945 
63.592205 53.650475 
63.610331 53.623238 
63.628485 53.355618 
63.646630 53.063816 
63.682825 52.913910 
63.719009 53.084949 
63.755225 53.084949 
63.791423 53.166473 
63.827618 53.453243 
63.863807 53.592621 
63.900000 53.658310 
63.918141 53.687157 
63.936281 53.697578 
63.972471 53.448792 
64.008664 53.448792 
64.026839 53.570396 
64.062911 53.627201 
64.081053 53.901604 
64.117252 53.784801 
64.153492 53.722397 
64.171648 53.437199 
64.207756 53.540604 
64.243886 53.588303 
64.279976 53.588303 
64.298163 53.978149 
64.334363 54.169075 
64.352522 54.260536 
64.370672 54.052269 
64.388848 53.944134 
64.406997 53.636063 
64.425136 53.252029 
64.461332 53.056019 
64.497516 53.204010 
64.533749 53.204010 
64.569948 53.274010 
64.606146 53.555004 
64.642340 53.691505 
64.678544 53.755756 
64.696684 53.783878 
64.714824 53.793945 
64.750996 53.544975 
64.787172 53.544975 
64.823397 53.916485 
64.859591 54.098244 
64.895786 54.185123 
64.931992 54.224567 
64.950134 54.490288 
64.986259 54.369141 
65.022443 54.304573 
65.040592 54.268284 
65.076610 54.268284 
65.112678 54.366142 
65.148710 54.661076 
65.184746 54.804543 
65.202894 54.872272 
65.239082 54.902134 
65.275277 54.913074 
65.311462 54.914547 
65.347669 54.911274 
65.383842 54.911274 
65.402015 55.405640 
65.438222 55.398819 
65.456366 55.641415 
65.492526 55.438347 
65.528716 55.438347 
65.546867 55.399178 
65.582902 55.221592 
65.618935 55.128799 
65.654951 55.578400 
65.690015 55.578400 
65.725051 55.799198 
65.760087 55.905602 
65.795124 55.954796 
65.830157 55.975403 
65.847296 56.231705 
65.881483 56.105846 
65.915667 56.038921 
65.949881 56.038921 
65.967085 56.001457 
66.001151 56.228733 
66.035211 56.338375 
66.069301 56.389183 
66.086480 56.160591 
66.120601 56.292294 
66.137761 56.354141 
66.171976 56.381073 
66.206168 56.381073 
66.223364 56.510532 
66.257563 56.571266 
66.291756 56.597633 
66.326006 56.606812 
66.343171 56.357407 
66.360325 56.478706 
66.377464 56.285347 
66.411658 56.184673 
66.445860 56.184673 
66.463037 56.130333 
66.497120 56.349171 
66.531206 56.454590 
66.548369 56.503300 
66.565519 56.273651 
66.599564 55.976822 
66.633609 55.824409 
66.667653 55.744202 
66.701683 55.744202 
66.735776 56.200104 
66.769823 56.424053 
66.803871 56.532032 
66.837946 56.582016 
66.855108 56.353004 
66.889227 56.484501 
66.923349 56.546249 
66.957524 56.573128 
66.991636 56.573128 
67.008801 56.832561 
67.042992 56.958282 
67.077180 57.017139 
67.094331 56.792572 
67.111471 56.772282 
67.145666 56.508141 
67.179870 56.372070 
67.214120 56.550037 
67.248328 56.550037 
67.265506 56.885017 
67.282660 56.798515 
67.299812 56.751255 
67.316959 56.723637 
67.334085 56.455814 
67.351240 56.067909 
67.368408 55.667957 
67.385569 55.463982 
67.420746 55.463982 
67.454974 55.607994 
67.472118 55.675995 
67.489261 55.455997 
67.507402 55.342003 
67.525539 55.031002 
67.543676 54.871498 
67.561809 54.787746 
67.579942 54.491875 
67.616101 54.491875 
67.652325 54.589939 
67.670460 54.634972 
67.688594 54.653488 
67.706727 54.658745 
67.724892 54.407372 
67.743040 54.027683 
67.761173 53.833847 
67.779305 53.732925 
67.815470 53.732925 
67.851705 53.928459 
67.869854 53.772228 
67.887988 53.940117 
67.906120 53.770061 
67.924252 53.681026 
67.942382 53.382515 
67.960540 53.229263 
67.978688 52.898628 
68.014690 52.898628 
68.050750 52.849316 
68.068883 53.070660 
68.087018 52.927326 
68.105151 52.851662 
68.123317 52.559834 
68.142465 52.159920 
68.161598 52.205959 
68.180731 51.974987 
68.218896 51.974987 
68.238073 52.105492 
68.257220 51.916744 
68.276355 51.616367 
68.295489 51.462181 
68.314622 51.381092 
68.333716 51.086548 
68.352866 50.935272 
68.372009 50.855637 
68.410182 50.855637 
68.448386 51.061817 
68.467519 51.160912 
68.486653 50.956455 
68.505786 50.850227 
68.524917 50.793114 
68.544048 50.510555 
68.563180 50.365280 
68.582318 50.288643 
68.620542 50.288643 
68.639712 50.246323 
68.658844 50.043159 
68.677985 49.937580 
68.698119 49.630791 
68.718251 49.473396 
68.738383 49.390697 
68.758515 49.345352 
68.778647 49.068676 
68.818812 49.068676 
68.859022 49.176334 
68.879157 49.476166 
68.899291 49.372086 
68.919430 49.316044 
68.939561 49.284019 
68.959692 49.014015 
68.979832 48.875004 
68.999963 48.801506 
69.040147 48.801506 
69.080360 49.010757 
69.100495 49.111374 
69.120629 49.157688 
69.140818 48.926842 
69.160961 48.557423 
69.181095 48.618713 
69.201228 48.395355 
69.221360 48.279678 
69.261559 48.279678 
69.281725 48.217838 
69.301866 48.302917 
69.322000 48.091461 
69.342146 47.981731 
69.362290 47.922867 
69.382423 47.639435 
69.402557 47.493717 
69.423689 47.416862 
69.465857 47.416862 
69.507071 47.624432 
69.527257 47.724213 
69.547408 47.520107 
69.568540 47.414059 
69.589671 47.357033 
69.610818 47.324516 
69.631949 47.304253 
69.653139 47.040127 
69.695322 47.040127 
69.716477 47.154060 
69.737609 47.207031 
69.758780 47.229515 
69.779920 46.986759 
69.801053 46.707382 
69.822185 46.563690 
69.843316 46.487846 
69.864448 46.195923 
69.906623 46.195923 
69.948837 46.295963 
69.969975 46.591980 
69.991108 46.735992 
70.012240 46.553997 
70.033407 46.459000 
70.054556 46.157501 
70.075689 45.800751 
70.096821 45.618378 
70.138987 45.618378 
70.181194 45.773190 
70.202330 46.096596 
70.223462 46.004299 
70.244594 45.954147 
70.265725 45.925076 
70.286856 45.656540 
70.307995 45.518269 
70.329130 45.445137 
70.372309 45.445137 
70.394502 45.654568 
70.415635 45.755287 
70.436779 45.551643 
70.457931 45.445820 
70.480064 45.388908 
70.524269 45.356453 
70.568481 45.336227 
70.590681 45.572113 
70.633857 45.572113 
70.677080 45.936058 
70.698240 45.864029 
70.719394 45.944016 
70.740555 45.980007 
70.761709 45.744003 
70.782870 45.622002 
70.804022 45.557003 
70.825172 45.270500 
70.868353 45.270500 
70.890525 45.623249 
70.911671 45.545624 
70.932847 45.502811 
70.953996 45.227409 
70.976152 44.883705 
70.998293 44.707851 
71.020434 44.615929 
71.042575 44.565964 
71.086757 44.565964 
71.130986 44.786983 
71.153125 44.893494 
71.175273 44.942749 
71.197413 44.963375 
71.219566 44.719688 
71.241743 44.593845 
71.285916 44.526924 
71.330101 44.489464 
71.374264 44.489464 
71.396465 44.966732 
71.418607 45.201363 
71.440750 45.314682 
71.462903 45.117340 
71.485039 44.860672 
71.529190 44.728336 
71.573382 44.908165 
71.617577 44.994087 
71.661742 44.994087 
71.704970 45.533043 
71.726115 45.798523 
71.747254 45.927261 
71.768393 45.987633 
71.810590 46.013817 
71.852790 46.022907 
71.873926 46.023453 
71.895081 46.019726 
71.937255 46.019726 
71.958438 46.263863 
71.979588 46.131931 
72.000741 46.157967 
72.021879 45.916985 
72.043020 45.792492 
72.085212 45.726250 
72.127448 45.689125 
72.148597 45.416561 
72.191685 45.416561 
72.233873 46.026283 
72.255033 46.077141 
72.276187 46.348572 
72.297325 46.230286 
72.318466 46.167145 
72.360711 46.131573 
72.381876 45.859787 
72.423979 45.969894 
72.466050 45.969894 
72.487241 46.270947 
72.508384 46.263474 
72.529527 46.255737 
72.550669 46.247868 
72.592867 46.239937 
72.614035 46.231968 
72.635194 45.973984 
72.677301 45.614990 
72.719396 45.614990 
72.761539 45.931496 
72.782683 46.335747 
72.824870 46.283875 
72.846009 46.503937 
72.888209 46.359970 
72.930408 46.533985 
72.972608 46.616997 
73.014820 46.904499 
73.057010 46.904499 
73.078184 47.294250 
73.120405 47.485126 
73.141559 47.576561 
73.162697 47.464279 
73.204891 47.404140 
73.226031 47.370071 
73.268228 47.349037 
73.289370 47.334518 
73.331450 47.334518 
73.372587 47.823257 
73.392745 48.063629 
73.432937 48.179813 
73.473122 48.233910 
73.513320 48.256954 
73.533469 48.264484 
73.573556 48.264244 
73.613639 48.510120 
73.653758 48.510120 
73.673954 48.629055 
73.714057 48.934525 
73.754191 49.083263 
73.774349 49.153633 
73.794493 49.054821 
73.834686 49.001411 
73.874877 48.970711 
73.915098 49.201355 
73.955286 49.201355 
73.995512 49.562679 
74.035727 49.989342 
74.055883 49.948673 
74.094970 50.174343 
74.134049 50.283173 
74.173170 50.333588 
74.192329 50.104794 
74.230436 50.236397 
74.268551 50.236397 
74.287752 50.548199 
74.306896 50.546093 
74.345104 50.541046 
74.364258 50.534523 
74.402423 50.527264 
74.440625 50.519634 
74.459795 50.261818 
74.497903 50.378914 
74.536005 50.378914 
74.555208 50.683453 
74.593269 50.629723 
74.631329 50.848862 
74.669383 50.954430 
74.707434 51.003216 
74.745490 51.023605 
74.783540 51.279804 
74.821590 51.403900 
74.859623 51.961952 
74.897712 52.236977 
74.935810 52.236977 
74.954970 52.120487 
74.993073 52.398125 
75.031184 52.398125 
75.069299 52.439064 
75.088461 52.205532 
75.107634 52.334766 
75.145818 52.334766 
75.183100 52.645382 
75.201294 52.546692 
75.220464 52.743347 
75.257693 52.837673 
75.294972 52.880836 
75.313162 52.648418 
75.331333 52.422211 
75.368463 52.305107 
75.405568 52.305107 
75.424703 52.742554 
75.461923 52.707275 
75.480115 52.435638 
75.499276 52.545818 
75.537483 52.596909 
75.575707 52.618454 
75.594880 52.375229 
75.632965 52.499619 
75.671041 52.499619 
75.690230 52.807808 
75.727168 52.779903 
75.764087 52.761955 
75.800996 52.998978 
75.837947 53.113487 
75.856098 52.916744 
75.874239 53.064369 
75.910436 52.884186 
75.946646 52.884186 
75.964837 53.040092 
76.000899 52.912045 
76.036965 53.094025 
76.073036 53.181015 
76.109098 53.220509 
76.145162 53.236252 
76.181225 53.240128 
76.217290 53.488060 
76.253338 53.858032 
76.289453 53.858032 
76.325519 54.039017 
76.361651 54.125511 
76.379834 53.914757 
76.415925 54.055382 
76.452028 54.121693 
76.470194 54.150845 
76.506237 54.007420 
76.542264 54.431705 
76.578359 54.431705 
76.614403 54.639858 
76.650444 54.739929 
76.686481 54.785965 
76.722540 54.804985 
76.740691 54.810490 
76.776774 54.809246 
76.812859 54.804619 
76.848953 54.804619 
76.867142 55.048313 
76.903221 55.166161 
76.939297 55.471077 
76.957438 55.619541 
76.993671 55.439774 
77.011833 55.095886 
77.047954 55.169945 
77.084132 55.202976 
77.120239 55.202976 
77.138423 55.335484 
77.173516 55.647743 
77.208609 55.799870 
77.243726 55.871929 
77.260878 55.653965 
77.294954 55.790981 
77.329034 55.855488 
77.363147 55.883747 
77.397233 55.883747 
77.414412 55.941875 
77.448609 55.966934 
77.482791 55.975471 
77.516987 55.975735 
77.551148 55.971863 
77.585343 55.965939 
77.619586 55.958973 
77.636745 55.951485 
77.670812 55.991737 
77.704939 55.991737 
77.739034 56.261932 
77.773133 56.261932 
77.807226 56.384968 
77.841312 56.442486 
77.875408 56.467239 
77.909493 56.475624 
77.943579 56.475811 
77.977645 56.721897 
78.011776 56.721897 
78.045860 57.090950 
78.079946 57.271477 
78.114031 57.357738 
78.148166 57.396866 
78.165315 57.162437 
78.199390 57.291222 
78.233465 57.351608 
78.267558 57.351608 
78.284742 57.377808 
78.318821 57.636898 
78.352911 57.762451 
78.370088 57.821232 
78.387245 57.596615 
78.421268 57.374306 
78.455297 57.259155 
78.489319 57.197578 
78.523335 57.197578 
78.540514 57.412792 
78.574613 57.290401 
78.608714 57.225197 
78.642833 57.438595 
78.676936 57.541298 
78.711047 57.588650 
78.745147 57.614166 
78.779258 57.614166 
78.813344 57.863079 
78.847479 57.863079 
78.881584 57.983536 
78.915715 58.289772 
78.932865 58.188881 
78.966960 58.134438 
79.001054 58.103226 
79.035176 58.333607 
79.052326 58.194813 
79.086386 58.194813 
79.103559 58.217411 
79.137757 58.224709 
79.171955 58.224354 
79.206157 58.220177 
79.240362 58.214092 
79.274559 58.457050 
79.308752 58.574535 
79.342956 58.629269 
79.377144 58.629269 
79.394342 58.902634 
79.427557 59.035320 
79.443712 58.847656 
79.475762 58.749828 
79.508817 58.696915 
79.525958 58.772236 
79.560191 58.772236 
79.577357 58.446121 
79.611428 58.779060 
79.645503 58.779060 
79.678620 58.941532 
79.694779 58.768768 
79.726855 58.928383 
79.758930 59.004192 
79.791024 59.038090 
79.807175 58.801044 
79.840209 58.572525 
79.873227 58.954266 
79.905268 58.954266 
79.937326 59.141129 
79.953478 58.980568 
79.985560 58.896282 
80.017640 58.850140 
80.050749 58.823067 
80.067899 58.805538 
80.101960 58.590767 
80.136001 58.729382 
80.170092 58.729382 
80.203151 59.044685 
80.236211 59.198345 
80.269262 59.271172 
80.302322 59.315792 
80.335390 59.315792 
80.351533 59.317890 
80.367673 59.314953 
80.399851 59.314953 
80.416025 59.309471 
80.448318 59.302742 
80.464458 59.045380 
80.496614 58.912689 
80.528759 58.842346 
80.560888 59.053181 
80.577039 58.904594 
80.610056 58.672302 
80.643062 58.802155 
80.676116 58.802155 
80.708136 58.863075 
80.724281 58.889534 
80.756294 58.899387 
80.788304 58.899387 
80.804444 58.889847 
80.836661 58.889847 
80.852812 58.632927 
80.885873 58.750462 
80.918986 59.055233 
80.951085 59.055233 
80.967235 58.953613 
81.000270 58.720810 
81.033305 58.600399 
81.066341 58.536205 
81.099371 58.500099 
81.116510 58.728054 
81.150690 58.838028 
81.183931 58.838028 
81.217126 58.889011 
81.250326 58.910503 
81.283503 59.167252 
81.316702 59.291630 
81.349930 59.349812 
81.366096 59.124908 
81.398107 59.008453 
81.430112 59.446224 
81.462175 59.446224 
81.478327 59.411110 
81.510372 59.235550 
81.542424 59.143776 
81.574465 59.093895 
81.606505 59.064949 
81.638547 59.046474 
81.670588 59.283234 
81.702612 59.283234 
81.734715 59.647610 
81.750867 59.575806 
81.782959 59.535904 
81.815060 59.511955 
81.847151 59.495975 
81.879256 59.483994 
81.895406 59.224003 
81.927479 59.340004 
81.959534 59.644001 
81.991691 59.644001 
82.007851 59.541996 
82.039952 59.737000 
82.072042 59.830498 
82.104154 59.873249 
82.120307 59.640629 
82.152322 59.640324 
82.184303 59.636166 
82.216304 59.880081 
82.248411 59.880081 
82.264561 59.748035 
82.296662 59.678013 
82.328760 59.639008 
82.360902 59.865501 
82.377065 59.724751 
82.409084 59.448383 
82.441102 59.306190 
82.473111 59.481098 
82.505181 59.481098 
82.537213 59.564548 
82.569241 59.602280 
82.601266 59.867142 
82.633307 59.995567 
82.649457 59.805782 
82.681533 59.504890 
82.713611 59.350445 
82.745663 59.519218 
82.777774 59.519218 
82.793913 59.599609 
82.826108 59.635803 
82.858303 59.649902 
82.890494 59.652950 
82.922689 59.650475 
82.954878 59.645237 
82.987071 59.638618 
83.019297 59.638618 
83.035491 59.881310 
83.067574 59.820652 
83.099660 59.786335 
83.131758 59.765163 
83.163840 59.750584 
83.195917 59.739296 
83.228001 59.729652 
83.244142 59.720825 
83.276316 59.962410 
83.308534 59.962410 
83.340746 60.079201 
83.356909 60.133606 
83.389067 60.156807 
83.421223 60.164402 
83.453380 60.164200 
83.485538 60.154053 
83.517723 60.154053 
83.549890 60.154053 
83.566077 60.147030 
83.598186 60.389507 
83.630297 60.506756 
83.662442 60.561375 
83.678596 60.334690 
83.710674 60.467346 
83.742744 60.529675 
83.774817 60.556843 
83.806901 60.556843 
83.823114 60.710423 
83.855343 60.440609 
83.887572 60.440609 
83.919784 60.390308 
83.951990 60.611153 
83.984191 60.717583 
84.016390 60.766788 
84.048636 60.787403 
84.080825 60.787403 
84.113049 61.043701 
84.129190 61.167850 
84.161403 61.225933 
84.177555 61.000965 
84.193702 60.555248 
84.225930 60.555248 
84.258126 60.475628 
84.290337 60.431816 
84.322519 60.655914 
84.354746 60.655914 
84.370934 60.763962 
84.403140 60.813976 
84.435376 60.834984 
84.451529 60.591499 
84.483600 60.465752 
84.515663 60.398880 
84.531811 60.361439 
84.564013 60.361439 
84.580192 60.338722 
84.612270 60.573360 
84.644357 60.686680 
84.676465 60.739338 
84.692617 60.511669 
84.724630 60.239826 
84.756638 60.099918 
84.788656 60.025963 
84.820631 60.484982 
84.852675 60.484982 
84.884689 60.710487 
84.916714 60.819241 
84.948757 60.869621 
84.964917 60.640808 
84.996967 60.522408 
85.029043 60.459202 
85.061144 60.673603 
85.093216 60.673603 
85.125340 60.848808 
85.157460 60.932404 
85.189544 60.970200 
85.221620 60.985100 
85.253719 60.986271 
85.285801 60.986271 
85.317873 60.981144 
85.349972 60.974567 
85.382048 60.974567 
85.398240 61.217289 
85.414390 61.334644 
85.446586 61.139324 
85.478810 61.037663 
85.494985 60.732838 
85.527083 60.826424 
85.559180 60.869209 
85.591291 60.886608 
85.623373 60.886608 
85.639541 61.141300 
85.671734 61.264652 
85.703956 61.322327 
85.720110 61.097168 
85.752136 61.100586 
85.784163 61.098301 
85.816200 61.093155 
85.832340 61.086575 
85.864557 61.086575 
85.880739 60.829281 
85.912801 60.946640 
85.944872 61.001324 
85.976975 61.024662 
85.993125 60.782333 
86.025196 60.907162 
86.057261 60.965580 
86.089344 60.990791 
86.121352 60.990791 
86.137522 61.071392 
86.169732 60.857693 
86.201936 60.996845 
86.234130 61.062424 
86.266322 61.091209 
86.298517 61.101604 
86.330714 61.102802 
86.362910 61.099403 
86.395105 61.099403 
86.411287 61.343704 
86.443499 61.461857 
86.475735 61.516930 
86.491888 61.290462 
86.523975 60.995232 
86.556049 60.843620 
86.588123 60.763817 
86.620201 60.969902 
86.652262 61.318951 
86.684393 61.318951 
86.716470 61.489471 
86.748597 61.570736 
86.764748 61.357372 
86.796831 61.246681 
86.828916 61.187347 
86.861026 61.403671 
86.877174 61.257835 
86.909225 61.252922 
86.941337 61.252922 
86.973413 61.246468 
87.005489 61.239239 
87.037558 61.231625 
87.069630 61.223808 
87.101732 61.465904 
87.133810 61.582951 
87.165880 61.637482 
87.197931 61.910748 
87.230031 61.910748 
87.262132 62.043377 
87.278282 61.855686 
87.310388 62.007847 
87.342510 62.079926 
87.374696 62.111961 
87.390800 61.873981 
87.406948 61.596996 
87.439127 61.704498 
87.471353 61.704498 
87.503557 61.754246 
87.535756 61.775124 
87.567954 61.781567 
87.600150 61.780785 
87.632349 61.776398 
87.664547 61.770203 
87.696704 61.763100 
87.728888 62.255554 
87.761139 62.255554 
87.777288 62.247776 
87.793428 62.061893 
87.809568 61.964951 
87.841776 61.662479 
87.873985 61.507236 
87.906180 61.425621 
87.938368 61.380810 
87.970541 61.854404 
88.002768 61.854404 
88.034960 62.087204 
88.067156 62.199596 
88.099354 62.251789 
88.131539 62.273899 
88.163718 62.280956 
88.179856 62.280483 
88.212053 62.276237 
88.244238 62.520123 
88.275486 62.520123 
88.290640 62.388062 
88.321767 62.164028 
88.352861 62.048012 
88.369015 61.986008 
88.401213 61.951004 
88.433376 61.929504 
88.465574 61.914745 
88.497762 62.153374 
88.530009 62.153374 
88.562213 62.268692 
88.594417 62.322350 
88.626612 62.345173 
88.658843 62.352596 
88.674991 62.352291 
88.691131 62.170139 
88.723321 62.075073 
88.755492 62.273537 
88.787708 62.273537 
88.819916 62.368774 
88.852107 62.412384 
88.884298 62.430191 
88.916496 62.435097 
88.948682 62.433552 
88.980866 62.428780 
89.013059 62.422386 
89.045230 62.665195 
89.076455 62.665195 
89.107643 62.782600 
89.138835 62.837299 
89.170047 63.110649 
89.185200 62.993328 
89.215284 62.776665 
89.245369 62.664333 
89.275453 62.604164 
89.305523 62.820080 
89.335638 62.820080 
89.350789 62.924042 
89.380985 62.972023 
89.411182 62.992016 
89.441379 62.998009 
89.471577 62.997005 
89.501774 62.992500 
89.531971 62.986248 
89.562169 62.986248 
89.577359 62.979126 
89.607413 62.971565 
89.637469 62.963787 
89.667527 62.955894 
89.697619 62.947948 
89.712787 62.689972 
89.742859 62.806984 
89.772926 62.861492 
89.803007 62.861492 
89.818200 62.884743 
89.848227 62.762371 
89.878257 62.697182 
89.908290 62.660595 
89.938318 62.638298 
89.968350 62.623150 
89.998390 62.611572 
90.028421 62.601784 
90.058436 62.842892 
90.088512 62.842892 
90.103685 62.709442 
90.133786 62.888718 
90.163821 62.974358 
90.193933 63.013180 
90.209086 62.778587 
90.240149 62.479294 
90.271190 62.325645 
90.302206 62.494823 
90.333313 62.494823 
90.363384 62.575409 
90.378539 62.611702 
90.408733 62.625851 
90.438928 62.628922 
90.469122 62.626457 
90.499317 62.621227 
90.529509 62.614616 
90.559684 62.857311 
90.589943 62.857311 
90.605090 62.724655 
90.620229 62.654327 
90.650420 62.615166 
90.680615 62.591587 
90.710837 62.575798 
90.725995 62.313896 
90.757072 62.024952 
90.788120 62.376484 
90.819219 62.376484 
90.849258 62.548241 
90.879329 62.630123 
90.909406 62.667061 
90.939474 62.681530 
90.969570 62.684761 
90.984722 62.432384 
91.015794 62.100189 
91.046843 62.100189 
91.077935 62.180099 
91.108996 62.216049 
91.140059 62.230030 
91.171100 62.233013 
91.202173 62.230511 
91.233238 62.225258 
91.264303 62.218636 
91.295368 62.211319 
91.326424 62.453663 
91.357576 62.453663 
91.373738 62.570831 
91.404949 62.625420 
91.436143 62.648708 
91.467332 62.656357 
91.482496 62.656181 
91.497650 62.402088 
91.528697 62.271049 
91.559723 62.451527 
91.590811 62.451527 
91.620888 62.537766 
91.636044 62.326881 
91.667155 62.467442 
91.697258 62.533722 
91.727412 62.562859 
91.742565 62.323429 
91.773557 62.093719 
91.804545 62.224861 
91.835570 62.224861 
91.866578 62.286430 
91.897630 62.313213 
91.913804 62.072613 
91.945866 62.198307 
91.977914 62.257156 
92.009975 62.282578 
92.026130 62.041290 
92.058202 62.416649 
92.090320 62.416649 
92.121420 62.600323 
92.136563 62.438160 
92.167671 62.175079 
92.198795 62.039543 
92.229903 62.217770 
92.261011 62.302887 
92.292125 62.341446 
92.323221 62.341446 
92.353406 62.606728 
92.368561 62.735363 
92.398813 62.545677 
92.413973 62.196846 
92.430111 62.268417 
92.462305 62.050205 
92.494503 61.937107 
92.526752 61.876560 
92.558947 61.876560 
92.591192 62.342281 
92.622402 62.571136 
92.637552 62.431576 
92.668637 62.203789 
92.699718 62.085896 
92.715854 62.022949 
92.748046 61.987473 
92.780239 61.965736 
92.812422 62.200867 
92.844653 62.200867 
92.876848 62.314438 
92.909114 62.367214 
92.925265 62.139603 
92.957327 62.271805 
92.989418 62.333900 
93.021535 62.360947 
93.037682 62.120476 
93.069720 62.318245 
93.101881 62.318245 
93.133970 62.413120 
93.150064 62.456562 
93.182242 62.224285 
93.214441 62.104141 
93.246608 62.040073 
93.278829 62.004040 
93.294980 61.982021 
93.327051 62.015003 
93.359181 62.015003 
93.375345 62.027508 
93.391499 62.029751 
93.423699 61.776871 
93.455896 61.646442 
93.488090 61.577225 
93.520288 61.538612 
93.552487 61.765305 
93.584675 62.124657 
93.616905 62.124657 
93.649100 62.300323 
93.681311 62.384167 
93.713507 62.422081 
93.745709 62.440517 
93.777922 62.440517 
93.810134 62.438259 
93.826302 62.183125 
93.858400 62.551567 
93.889546 62.551567 
93.920701 62.731785 
93.935865 62.567894 
93.966960 62.351952 
93.998050 62.239979 
94.029153 62.179989 
94.060244 62.396000 
94.091334 62.500000 
94.122412 62.798004 
94.152543 62.798004 
94.182633 62.943001 
94.212732 63.011501 
94.242830 63.041748 
94.272916 63.052872 
94.303030 63.054436 
94.318184 62.801220 
94.349230 62.492611 
94.380253 62.584305 
94.410347 62.584305 
94.440342 62.626152 
94.470396 62.643078 
94.500445 62.647537 
94.530488 62.645767 
94.560527 62.640884 
94.590609 62.634445 
94.620647 62.627220 
94.650671 62.869610 
94.680737 62.869610 
94.710882 62.986801 
94.726032 62.791405 
94.756153 62.939701 
94.786258 63.009857 
94.816381 63.040932 
94.831540 62.802464 
94.861631 62.525238 
94.891699 62.632622 
94.921822 62.632622 
94.951932 62.682316 
94.982019 62.703163 
95.012105 62.709583 
95.042190 62.708794 
95.072282 62.704395 
95.102359 62.698204 
95.117500 62.691105 
95.147678 62.933556 
95.177917 62.933556 
95.208121 63.050777 
95.223264 62.855385 
95.253376 62.753696 
95.283491 62.698853 
95.313551 62.667427 
95.343716 62.647717 
95.358887 62.383862 
95.389995 62.383862 
95.420157 62.747932 
95.450291 62.925968 
95.465446 62.760986 
95.495424 62.544495 
95.510563 62.432251 
95.541756 62.372128 
95.572945 62.338058 
95.604137 62.317028 
95.635315 62.317028 
95.665517 62.552513 
95.695721 62.666256 
95.725959 62.719124 
95.741112 62.491566 
95.771202 62.623787 
95.801293 62.685894 
95.831411 62.712944 
95.846566 62.472473 
95.877592 62.472473 
95.908613 62.420231 
95.924757 62.390118 
95.956987 62.371059 
95.989179 62.357529 
96.005327 62.346760 
96.037526 62.087379 
96.069716 61.953690 
96.101962 62.132843 
96.134151 62.132843 
96.166381 62.468426 
96.197589 62.632210 
96.212733 62.710110 
96.243953 62.495052 
96.260113 62.133522 
96.292238 62.198765 
96.308391 62.227386 
96.324543 62.237690 
96.356728 62.237690 
96.372997 61.988842 
96.389169 62.110424 
96.421408 61.917210 
96.437574 61.816605 
96.469804 61.762306 
96.485971 61.481148 
96.502121 61.206577 
96.534328 61.065296 
96.566507 61.065296 
96.598730 61.240658 
96.614890 61.324322 
96.631045 61.112160 
96.647196 61.002083 
96.663338 60.943043 
96.695531 60.659519 
96.711672 60.513767 
96.743895 60.436886 
96.776086 60.436886 
96.792256 60.644444 
96.808398 60.744221 
96.840593 60.540115 
96.856757 60.434059 
96.872911 60.127033 
96.889052 59.791523 
96.921245 59.619766 
96.953440 59.529881 
96.985619 59.529881 
97.017831 59.730946 
97.033968 59.827480 
97.050105 59.871738 
97.066242 59.639870 
97.082382 59.519939 
97.098524 59.205971 
97.130745 59.044987 
97.146897 58.710495 
97.179961 58.710495 
97.212073 59.039246 
97.228217 59.199619 
97.260454 59.025806 
97.276611 58.684906 
97.309689 58.760448 
97.326839 58.794220 
97.361072 58.557114 
97.378238 58.434559 
97.412201 58.434559 
97.446241 58.465275 
97.463383 58.476643 
97.480526 58.478325 
97.497667 58.475163 
97.531865 58.219582 
97.549010 58.087795 
97.566152 58.017895 
97.600343 57.728939 
97.634557 57.728939 
97.651749 57.830467 
97.685813 57.675232 
97.702954 57.593609 
97.737149 57.548809 
97.754299 57.522404 
97.788497 57.505203 
97.822693 57.492599 
97.856892 57.482300 
97.891070 57.482300 
97.925297 57.723148 
97.942439 57.839577 
97.959583 57.893787 
97.976723 57.916897 
98.010924 57.674446 
98.028093 57.549217 
98.045250 57.232609 
98.062392 57.070305 
98.096569 57.070305 
98.130795 57.235157 
98.147960 57.313587 
98.165118 57.098789 
98.182260 56.833401 
98.199400 56.696701 
98.233605 56.624352 
98.267802 56.584179 
98.302000 56.560089 
98.336194 56.560089 
98.370432 56.794048 
98.387581 56.907017 
98.404723 56.959515 
98.438915 56.731754 
98.456066 56.863876 
98.490274 56.675941 
98.524472 56.577969 
98.558666 56.524986 
98.592848 56.524986 
98.627087 56.994499 
98.644233 57.225254 
98.661391 57.086628 
98.678542 56.763313 
98.712630 56.847660 
98.729759 56.885834 
98.746896 56.650921 
98.781119 56.529457 
98.815305 56.529457 
98.832466 56.608360 
98.866659 56.608360 
98.900856 56.616184 
98.935052 56.616096 
98.969259 56.606030 
99.003457 56.599014 
99.037655 56.599014 
99.071890 56.591507 
99.106078 56.591507 
99.140297 57.083759 
99.174516 57.325882 
99.191674 57.192936 
99.208816 57.372463 
99.243010 57.208225 
99.277198 57.122120 
99.311434 57.075066 
99.328604 56.797535 
99.362699 56.797535 
99.396831 57.154766 
99.430950 57.329384 
99.448153 57.162693 
99.482193 57.402672 
99.516227 57.437336 
99.550280 57.437336 
99.567475 57.200668 
99.584665 56.972340 
99.618770 57.354168 
99.652985 57.354168 
99.687147 57.541084 
99.704316 57.380539 
99.738451 57.625134 
99.772588 57.660568 
99.806757 57.660568 
99.823924 57.424290 
99.857996 57.350143 
99.892043 57.559074 
99.926153 57.559074 
99.960246 57.659534 
99.977404 57.455772 
100.011481 57.667946 
100.045557 57.697968 
100.079654 57.697968 
100.096841 57.458984 
100.130907 57.585495 
100.164945 57.585495 
100.199064 57.894749 
100.216222 57.795380 
100.233373 57.991695 
100.250517 57.835846 
100.284714 57.753918 
100.318960 57.708961 
100.336118 57.432484 
100.370166 57.386250 
100.404190 57.386250 
100.438259 57.609123 
100.472313 57.716568 
100.489477 57.516289 
100.506648 57.662140 
100.540807 57.481071 
100.575030 57.636539 
100.592188 57.460274 
100.626228 57.166134 
100.660252 57.166134 
100.694339 57.515072 
100.728384 57.685532 
100.745524 57.766766 
100.762665 57.442692 
100.796861 57.442692 
100.831059 57.349678 
100.865286 57.349678 
100.882456 57.078835 
100.916590 57.078835 
100.950761 57.439419 
100.984939 57.615707 
101.002140 57.449856 
101.036208 57.612934 
101.070271 57.690472 
101.104358 57.725235 
101.121552 57.488613 
101.155677 57.616302 
101.189779 57.616302 
101.223939 57.926155 
101.241152 57.893539 
101.275257 57.893539 
101.309342 57.922768 
101.343448 57.933388 
101.360635 57.934692 
101.377800 57.681351 
101.411912 57.550671 
101.445993 57.981331 
101.480148 57.981331 
101.497306 57.942673 
101.531421 57.717335 
101.565491 57.850670 
101.599573 57.913330 
101.633647 57.940666 
101.667721 57.951168 
101.701795 57.951168 
101.735853 58.197582 
101.769973 58.197582 
101.787163 58.066788 
101.821305 58.333706 
101.855442 58.333706 
101.889598 58.372849 
101.906789 58.138432 
101.940949 58.327610 
101.975107 58.327610 
102.009278 58.327610 
102.026483 58.353806 
102.060617 58.612907 
102.094768 58.738457 
102.128918 58.797226 
102.146111 58.572617 
102.180206 58.706306 
102.197376 58.769150 
102.231599 58.796574 
102.265792 58.796574 
102.282991 58.700287 
102.300171 58.898148 
102.316326 58.743076 
102.349538 58.661541 
102.366659 58.616768 
102.383812 58.340385 
102.400962 57.948193 
102.418084 57.998089 
102.452278 57.998089 
102.486504 58.019047 
102.503720 58.025532 
102.520906 57.774776 
102.554960 57.693390 
102.572120 57.648701 
102.589262 57.372353 
102.623459 57.230179 
102.657657 57.155090 
102.691840 57.155090 
102.726066 57.363552 
102.743210 57.463776 
102.777447 57.509884 
102.794602 57.278938 
102.811754 57.409466 
102.828903 57.220734 
102.863095 57.122368 
102.880267 57.069187 
102.914462 57.069187 
102.948694 57.110596 
102.982890 57.127296 
103.000034 57.131649 
103.034232 57.129826 
103.068448 57.124912 
103.085635 57.118462 
103.119866 56.861237 
103.154120 56.978622 
103.188311 56.978622 
103.222544 57.283310 
103.256747 57.431656 
103.273911 57.501831 
103.291067 57.282913 
103.325133 56.991455 
103.359210 56.841732 
103.393291 57.094433 
103.427351 57.094433 
103.461396 57.381218 
103.495503 57.520611 
103.529569 57.586304 
103.563629 57.586304 
103.597683 57.615150 
103.631750 57.625580 
103.665845 57.876793 
103.683000 57.748390 
103.717088 57.680195 
103.751164 57.680195 
103.785295 58.142097 
103.802446 58.119045 
103.836502 57.949524 
103.870550 57.860764 
103.904576 58.062386 
103.938627 58.159191 
103.972687 58.203590 
104.006746 58.221798 
104.040780 58.476894 
104.074858 58.476894 
104.108919 58.600445 
104.141970 58.908222 
104.175052 59.058113 
104.191214 58.879055 
104.207355 58.785519 
104.240551 58.705372 
104.273745 58.705372 
104.306964 58.705372 
104.324178 58.686691 
104.357272 58.923347 
104.373427 59.037670 
104.405618 58.840832 
104.421765 58.738411 
104.438919 58.433208 
104.472963 58.396599 
104.507029 58.374306 
104.541079 58.609158 
104.575209 58.609158 
104.592391 58.472580 
104.626475 58.650295 
104.660578 58.773571 
104.694702 58.773571 
104.711852 58.538780 
104.745908 58.667389 
104.779999 58.727692 
104.814104 58.727692 
104.831304 58.753845 
104.848446 58.834923 
104.882677 58.621468 
104.916869 58.451374 
104.951063 58.667686 
104.985266 58.771847 
105.019462 58.819927 
105.053656 58.819927 
