0.000021 7 
0.290489 98 
0.380747 151 
0.463987 206 
0.540224 282 
0.611471 332 
0.677687 459 
0.739974 666 
0.798145 713 
0.853449 844 
0.905682 1088 
0.955877 1208 
1.003086 1358 
1.048340 1398 
1.091636 1547 
1.132899 1769 
1.173157 1881 
1.211405 2046 
1.248661 2051 
1.283921 2131 
1.318199 2300 
1.351441 2339 
1.383649 2589 
1.414880 2691 
1.445135 2941 
1.474385 3091 
1.502664 3156 
1.529974 3209 
1.557214 3225 
1.583434 3268 
1.608670 3287 
1.633908 3427 
1.658124 3553 
1.681361 3599 
1.704641 3703 
1.726816 3953 
1.749058 4014 
1.770299 4264 
1.791503 4298 
1.811772 4334 
1.832122 4398 
1.852372 4628 
1.871648 4663 
1.890792 4855 
1.908999 4992 
1.927185 4992 
1.945383 5019 
1.962575 4796 
1.979750 4900 
1.996920 4900 
2.030172 4689 
2.046366 4495 
2.062568 4664 
2.078761 4558 
2.093911 4686 
2.109089 4533 
2.124248 4713 
2.139436 4521 
2.153613 4771 
2.181902 4616 
2.196103 4616 
2.210292 4866 
2.224479 4915 
2.237665 4729 
2.250841 4564 
2.264024 4618 
2.277225 4687 
2.290423 4495 
2.302605 4724 
2.314785 4483 
2.326975 4533 
2.339167 4557 
2.351335 4354 
2.363524 4477 
2.375704 4306 
2.386876 4436 
2.398050 4686 
2.409209 4490 
2.420370 4502 
2.431575 4271 
2.442771 4511 
2.453957 4608 
2.464121 4653 
2.474331 4513 
2.484516 4578 
2.494686 4430 
2.504912 4515 
2.515103 4631 
2.525272 4822 
2.535489 4616 
2.545777 4722 
2.555951 4643 
2.565139 4681 
2.574275 4769 
2.583442 4793 
2.592723 4729 
2.601876 4945 
2.620105 4945 
2.629316 5024 
2.638501 5056 
2.647743 4924 
2.656938 5051 
2.666126 4824 
2.674267 4988 
2.682475 5004 
2.690665 5175 
2.698822 5321 
2.707890 5321 
2.716122 5494 
2.724277 5535 
2.732443 5438 
2.740628 5494 
2.748807 5539 
2.756979 5687 
2.765162 5449 
2.773393 5518 
2.781601 5749 
2.788764 5604 
2.795942 5651 
2.803132 5901 
2.810319 5965 
2.817483 6063 
2.824649 5825 
2.831908 5852 
2.839113 5869 
2.847433 5869 
2.854633 6079 
2.861813 6329 
2.869027 6367 
2.876201 6617 
2.890469 6408 
2.897663 6562 
2.904817 6812 
2.918003 6597 
2.924193 6654 
2.930378 6688 
2.936534 6889 
2.942711 6681 
2.948897 6931 
2.955063 7102 
2.961253 7216 
2.967400 7148 
2.973575 7384 
2.979761 7405 
2.985963 7645 
2.992146 7673 
2.998295 7678 
3.004470 7485 
3.010628 7497 
3.016811 7574 
3.022947 7824 
3.035169 7654 
3.041350 7676 
3.047538 7749 
3.053708 7979 
3.059856 8067 
3.065991 7969 
3.072991 8010 
3.078244 8203 
3.087802 8064 
3.092955 8147 
3.098134 8374 
3.103320 8501 
3.108484 8751 
3.113668 8996 
3.118835 9101 
3.124006 8892 
3.129229 9142 
3.134431 9287 
3.139590 9326 
3.144746 9576 
3.149921 9453 
3.155075 9557 
3.160251 9726 
3.165430 9741 
3.170615 9991 
3.175811 10119 
3.180965 10186 
3.186151 10186 
3.191830 10436 
3.196600 10475 
3.201765 10725 
3.211990 10585 
3.217170 10802 
3.222327 10822 
3.227556 10859 
3.232725 11044 
3.237897 11218 
3.243066 11034 
3.248243 11045 
3.253469 11088 
3.258683 11281 
3.262835 11361 
3.266943 11127 
3.271101 11377 
3.279293 11434 
3.283466 11583 
3.287645 11646 
3.291832 11664 
3.296006 11743 
3.300176 11542 
3.304362 11560 
3.308528 11701 
3.312801 11781 
3.317043 11845 
3.321233 12066 
3.325390 12229 
3.329568 12102 
3.333738 12163 
3.337890 12304 
3.342038 12554 
3.346183 12804 
3.350349 12927 
3.354521 13004 
3.358687 12819 
3.362857 12831 
3.367012 13008 
3.371196 13258 
3.375366 13335 
3.379551 13397 
3.383757 13647 
3.387960 13426 
3.392120 13612 
3.396267 13678 
3.400432 13720 
3.404591 13826 
3.408736 13954 
3.416972 13963 
3.421146 13756 
3.425316 13897 
3.429485 14008 
3.433678 14129 
3.437886 14379 
3.442079 14428 
3.446264 14374 
3.450452 14624 
3.454634 14737 
3.458784 14778 
3.462940 14812 
3.467085 15005 
3.475324 15083 
3.479511 14924 
3.482683 15095 
3.485863 15261 
3.489009 15266 
3.492165 15428 
3.495339 15440 
3.498505 15512 
3.501684 15663 
3.504896 15742 
3.508083 15543 
3.511247 15630 
3.517502 15680 
3.520661 15930 
3.526832 16000 
3.529984 16062 
3.533139 16145 
3.536306 15943 
3.539460 15952 
3.542634 16202 
3.545793 16325 
3.548967 16531 
3.552199 16768 
3.555405 16787 
3.558575 16902 
3.561741 17103 
3.564921 17353 
3.568128 17353 
3.571287 17370 
3.574445 17539 
3.577563 17655 
3.580702 17715 
3.583823 17835 
3.586991 17844 
3.590142 17882 
3.593310 18127 
3.596484 17958 
3.599647 18191 
3.602803 18369 
3.609001 18489 
3.612149 18589 
3.615323 18662 
3.618509 18688 
3.621696 18860 
3.624872 18872 
3.628031 18719 
3.631183 18748 
3.634329 18761 
3.637480 18842 
3.640626 18961 
3.643784 19043 
3.646957 19069 
3.650060 19124 
3.653233 19230 
3.656412 19336 
3.659593 19180 
3.662758 19229 
3.665919 19298 
3.669105 19537 
3.672335 19599 
3.675539 19832 
3.681737 19873 
3.684902 19961 
3.688051 19850 
3.691239 19856 
3.694406 19907 
3.697562 20001 
3.700706 20051 
3.703822 20132 
3.706976 20333 
3.710148 20470 
3.713335 20542 
3.716503 20599 
3.719676 20371 
3.722846 20621 
3.725997 20763 
3.729156 20879 
3.732322 21129 
3.738585 21320 
3.741818 21570 
3.748042 21337 
3.751196 21587 
3.757403 21728 
3.760574 21820 
3.763731 22070 
3.766900 22149 
3.770084 22399 
3.773259 22440 
3.776432 22540 
3.779582 22481 
3.782707 22606 
3.785883 22697 
3.789014 22947 
3.792222 23043 
3.795488 23108 
3.798712 23127 
3.801862 23370 
3.805021 23390 
3.808171 23145 
3.811359 23395 
3.814578 23405 
3.817758 23655 
3.820914 23738 
3.824070 23821 
3.827238 23986 
3.830409 24062 
3.833787 24179 
3.836955 24202 
3.840124 24200 
3.843308 24415 
3.846479 24496 
3.849642 24540 
3.853783 24714 
3.856065 24783 
3.859251 25033 
3.865461 25283 
3.868619 25080 
3.871774 25144 
3.874931 25187 
3.878087 25437 
3.881239 25590 
3.884463 25822 
3.887578 25895 
3.890738 25934 
3.893907 26159 
3.897040 26174 
3.900173 25958 
3.903318 26010 
3.906479 26260 
3.909709 26269 
3.912998 26372 
3.916242 26577 
3.919407 26827 
3.926996 27041 
3.930849 27041 
3.935013 27260 
3.939169 27361 
3.943320 27395 
3.949220 27645 
3.953415 27737 
3.957589 27858 
3.961763 27858 
3.965928 27895 
3.970111 27916 
3.974292 27999 
3.978469 28024 
3.982644 28207 
3.986831 28264 
3.991015 28113 
3.995224 28188 
3.999412 28406 
4.003568 28571 
4.007712 28698 
4.011875 28776 
4.016055 28757 
4.020215 28868 
4.024387 29017 
4.028557 29248 
4.032794 29498 
4.037006 29545 
4.041160 29795 
4.049380 29795 
4.053580 30045 
4.061723 30202 
4.065880 30220 
4.070029 30470 
4.074204 30548 
4.078366 30548 
4.082529 30604 
4.086702 30854 
4.090879 31104 
4.095072 31159 
4.099221 31217 
4.103394 31359 
4.107543 31369 
4.111723 31150 
4.115922 31173 
4.120102 31182 
4.124254 31209 
4.128405 31334 
4.132562 31401 
4.136720 31308 
4.140871 31483 
4.146379 31582 
4.151552 31633 
4.156755 31652 
4.161883 31758 
4.167023 31857 
4.172187 31634 
4.177408 31884 
4.187648 31929 
4.192865 32037 
4.198057 31965 
4.203212 32094 
4.208398 32118 
4.213600 32147 
4.218768 32180 
4.223932 32215 
4.229098 32299 
4.234665 32107 
4.239903 32113 
4.245075 32194 
4.250241 32251 
4.255390 32330 
4.260556 32224 
4.265736 32243 
4.270934 32271 
4.276102 32282 
4.281309 32337 
4.286452 32423 
4.291626 32384 
4.296831 32438 
4.302022 32497 
4.307153 32556 
4.312343 32598 
4.317515 32358 
4.322702 32416 
4.328889 32625 
4.335066 32685 
4.341241 32728 
4.347412 32840 
4.353605 32708 
4.359778 32806 
4.365952 32842 
4.372353 32860 
4.378520 32860 
4.384717 32898 
4.390923 33001 
4.397114 33049 
4.403275 33086 
4.409444 32871 
4.415616 33121 
4.427866 33186 
4.434049 33210 
4.440235 32988 
4.446442 33063 
4.452627 33178 
4.458814 33249 
4.464999 33263 
4.471153 33102 
4.477335 33352 
4.484490 33470 
4.491638 33527 
4.498797 33298 
4.505987 33386 
4.513263 33620 
4.520482 33716 
4.527669 33729 
4.534868 33686 
4.542057 33936 
4.549235 33979 
4.556405 33808 
4.563575 33813 
4.570764 33885 
4.577961 33962 
4.585145 33971 
4.592311 34057 
4.599509 33880 
4.607691 33907 
4.615884 33962 
4.624069 33746 
4.632268 33814 
4.640516 33935 
4.648695 33960 
4.656910 33943 
4.665108 33994 
4.673267 34022 
4.681444 33810 
4.689636 34000 
4.697831 34036 
4.706021 34235 
4.714237 34004 
4.723438 34036 
4.732603 34209 
4.741760 33982 
4.750964 34134 
4.760156 34204 
4.769315 34324 
4.778555 34114 
4.787745 34176 
4.796920 33934 
4.806111 34184 
4.815303 34224 
4.825496 34301 
4.835683 34182 
4.845873 34187 
4.856038 34187 
4.866227 34252 
4.876430 34287 
4.886631 34073 
4.896798 34135 
4.906958 34192 
4.917134 34080 
4.928336 34104 
4.939530 34296 
4.950719 34194 
4.961949 34243 
4.973170 34255 
4.984370 34035 
4.995581 34130 
5.007763 33897 
5.019968 33938 
5.032148 33969 
5.044358 33816 
5.056590 33822 
5.068781 33712 
5.081011 33730 
5.094197 33769 
5.107400 33575 
5.120615 33662 
5.133804 33550 
5.146962 33558 
5.161160 33374 
5.175354 33439 
5.189533 33268 
5.203713 33342 
5.217898 33204 
5.233145 33350 
5.248394 33135 
5.263589 33259 
5.278779 33152 
5.295001 33281 
5.311182 33063 
5.327378 33072 
5.343585 32957 
5.360791 32974 
5.377989 32934 
5.395386 32969 
5.413617 32746 
5.431808 32569 
5.449997 32819 
5.469209 32743 
5.488394 32519 
5.508578 32769 
5.528852 32656 
5.549015 32423 
5.570188 32655 
5.591332 32587 
5.613594 32418 
5.635813 32436 
5.659008 32282 
5.682170 32116 
5.706365 31892 
5.731568 31726 
5.756787 31610 
5.782998 31747 
5.810182 31510 
5.837378 31350 
5.865565 31107 
5.894763 30888 
5.924981 30713 
5.956213 30541 
6.020472 30061 
6.053655 29938 
6.087851 29583 
6.123050 29404 
6.160244 29391 
6.198463 29213 
6.238637 28931 
6.279887 28706 
6.323131 28528 
6.368294 28062 
6.415484 27819 
6.465676 27404 
6.517872 26921 
6.573096 26450 
6.631308 25960 
6.693480 25529 
6.759674 25076 
6.830894 24691 
6.907135 24255 
6.990322 23349 
7.080502 22906 
7.180690 22156 
7.291849 21221 
7.417036 20268 
7.559215 19220 
7.725397 18083 
7.868381 16902 
7.993586 15960 
8.104776 15048 
8.204953 14304 
8.295135 13650 
8.378322 12986 
8.454490 12523 
8.525695 11831 
8.591862 11353 
8.654042 10898 
8.712254 10443 
8.767464 9991 
8.819645 9525 
8.869856 9376 
8.917070 9166 
8.962306 8749 
9.005537 8387 
9.046748 8216 
9.087006 7732 
9.125172 7493 
9.162425 7436 
9.197614 7326 
9.231866 7104 
9.265072 6889 
9.297249 6672 
9.328454 6217 
9.358687 6320 
9.387845 5826 
9.416068 5861 
9.443247 5658 
9.496698 5437 
9.522919 4974 
9.548175 4772 
9.573402 4567 
9.597620 4334 
9.620821 4368 
9.644030 4272 
9.666237 4338 
9.688410 3882 
9.709642 3968 
9.730880 4004 
9.751060 3563 
9.771250 3644 
9.791530 3721 
9.810780 3282 
9.830002 3312 
9.848217 3330 
9.866410 2857 
9.884582 2871 
9.901775 3092 
9.918969 2885 
9.936145 2663 
9.952354 2764 
9.969316 2777 
9.985283 2544 
10.001477 2356 
10.016658 2440 
10.031854 2307 
10.047060 2111 
10.062287 2135 
10.076487 2163 
10.090674 2008 
10.104844 2191 
10.119034 2119 
10.133223 2176 
10.146409 2047 
10.159589 2082 
10.172770 1873 
10.185943 1894 
10.199150 1660 
10.211328 1828 
10.223518 1876 
10.235716 1635 
10.247989 1686 
10.260112 1488 
10.272287 1494 
10.284474 1520 
10.295726 1633 
10.306969 1498 
10.318108 1272 
10.329311 1412 
10.340522 1422 
10.351665 1439 
10.362894 1225 
10.373062 1243 
10.383227 1082 
10.393419 1230 
10.403618 1480 
10.413816 1561 
10.424039 1341 
10.434233 1356 
10.444435 1147 
10.454648 1211 
10.464846 1249 
10.474049 1261 
10.483232 1074 
10.492459 1107 
10.501650 950 
10.510899 990 
10.520103 1059 
10.529374 1084 
10.538590 953 
10.547768 1161 
10.556984 1048 
10.566166 1072 
10.574344 1226 
10.582526 1349 
10.590757 1404 
10.598916 1212 
10.607151 1415 
10.615367 1579 
10.623533 1394 
10.631701 1411 
10.639873 1657 
10.648081 1758 
10.656256 1597 
10.664487 1633 
10.672693 1693 
10.680867 1476 
10.688032 1562 
10.695171 1640 
10.702354 1685 
10.709506 1703 
10.716692 1488 
10.723954 1544 
10.738368 1311 
10.745559 1384 
10.752762 1634 
10.759963 1746 
10.767127 1766 
10.774296 1533 
10.781474 1594 
10.788663 1745 
10.795830 1766 
10.802999 1595 
10.810149 1709 
10.816332 1870 
10.822479 1898 
10.828636 1968 
10.834789 1951 
10.840992 2026 
10.847193 2143 
10.853347 2313 
10.859522 2136 
10.865667 2288 
10.871875 2358 
10.878118 2387 
10.884295 2515 
10.890483 2574 
10.897099 2413 
10.903312 2631 
10.909500 2679 
10.915698 2698 
10.921888 2505 
10.928052 2542 
10.934226 2607 
10.940420 2823 
10.952634 2899 
10.958828 2698 
10.965016 2714 
10.970170 2725 
10.975322 2771 
10.980486 2576 
10.985653 2583 
10.990835 2732 
10.999832 2748 
11.001186 2765 
11.006351 2813 
11.011510 2575 
11.016719 2725 
11.021901 2798 
11.027083 3016 
11.032277 3024 
11.037595 2834 
11.042807 2887 
11.047967 2902 
11.053134 2927 
11.058290 3053 
11.063474 3070 
11.068668 2927 
11.073839 3177 
11.079038 3266 
11.084214 3399 
11.089411 3649 
11.094601 3710 
11.099756 3499 
11.109979 3641 
11.115162 3667 
11.120324 3725 
11.125506 3870 
11.130780 3884 
11.136632 3699 
11.141071 3817 
11.146229 3868 
11.150410 3898 
11.154625 3929 
11.158796 3687 
11.162950 3837 
11.167107 3889 
11.171259 3902 
11.175443 4092 
11.179616 4149 
11.183802 4275 
11.192004 4096 
11.196167 4101 
11.200341 4185 
11.204495 4234 
11.208681 4423 
11.213854 4441 
11.218023 4207 
11.222173 4335 
11.230403 4376 
11.234565 4411 
11.238714 4422 
11.242901 4498 
11.247110 4658 
11.251264 4435 
11.255419 4506 
11.259599 4544 
11.263764 4597 
11.269114 4632 
11.273347 4750 
11.277525 4508 
11.281673 4518 
11.285821 4593 
11.289978 4620 
11.294128 4637 
11.298270 4654 
11.302704 4755 
11.306880 4518 
11.311032 4676 
11.315195 4716 
11.319350 4764 
11.323494 4811 
11.327667 4892 
11.331889 5018 
11.336095 4848 
11.340261 4857 
11.344407 5002 
11.352962 5033 
11.357117 5146 
11.361283 5173 
11.365471 5187 
11.369670 5210 
11.372803 5075 
11.375958 5251 
11.379113 5383 
11.382291 5500 
11.385441 5535 
11.388663 5678 
11.391881 5791 
11.395052 5805 
11.398205 5786 
11.404379 5954 
11.410570 6003 
11.414072 6028 
11.417226 6085 
11.420403 6127 
11.423582 6273 
11.426745 6511 
11.429913 6354 
11.433070 6399 
11.439259 6592 
11.442437 6643 
11.445619 6717 
11.448811 6793 
11.452009 6807 
11.455190 6876 
11.458355 6694 
11.461499 6707 
11.468279 6806 
11.471443 6948 
11.474612 7087 
11.477783 7337 
11.484015 7394 
11.487175 7461 
11.490345 7329 
11.493730 7366 
11.496751 7416 
11.499911 7511 
11.503075 7672 
11.506252 7804 
11.509417 7934 
11.515151 8069 
11.518339 7861 
11.521511 7970 
11.524665 7993 
11.527822 8011 
11.530987 8112 
11.537215 8140 
11.540363 8170 
11.543579 8318 
11.546704 8073 
11.549888 8184 
11.553042 8221 
11.556205 8286 
11.559379 8422 
11.562529 8452 
11.565700 8470 
11.568880 8517 
11.572103 8693 
11.575280 8888 
11.578441 8680 
11.581590 8713 
11.584742 8774 
11.588178 8823 
11.591344 8938 
11.594505 9070 
11.600721 9079 
11.603892 9093 
11.607066 9161 
11.610264 8994 
11.613516 9059 
11.616674 9158 
11.619828 9255 
11.622977 9314 
11.629390 9390 
11.632635 9565 
11.635862 9664 
11.639058 9524 
11.642214 9730 
11.648434 9795 
11.651596 9854 
11.654755 9918 
11.657902 9936 
11.661050 10127 
11.666280 9892 
11.668451 10142 
11.672668 10228 
11.676883 10240 
11.679042 10294 
11.681189 10419 
11.685406 10451 
11.687560 10517 
11.689724 10767 
11.691843 10873 
11.694014 10910 
11.696217 10699 
11.698418 10718 
11.700657 10791 
11.702833 10797 
11.704994 10866 
11.707818 11035 
11.709362 11137 
11.711512 11306 
11.715987 11332 
11.718228 11476 
11.720386 11517 
11.722534 11592 
11.726738 11568 
11.730957 11574 
11.733113 11596 
11.735217 11649 
11.737376 11770 
11.739524 11929 
11.741689 11940 
11.743819 12018 
11.745977 12055 
11.748124 12152 
11.750427 12224 
11.752526 12246 
11.754772 12269 
11.756955 12063 
11.759117 12117 
11.761271 12208 
11.763418 12233 
11.767621 12315 
11.769839 12430 
11.772046 12436 
11.774193 12561 
11.776311 12758 
11.780513 12999 
11.782673 13046 
11.784845 13052 
11.786969 12951 
11.789200 13043 
11.791349 13082 
11.793508 13104 
11.795650 13240 
11.797807 13353 
11.799955 13486 
11.802117 13533 
11.804282 13550 
11.806430 13738 
11.808634 13760 
11.811108 13852 
11.814578 13998 
11.816700 13835 
11.818853 13841 
11.820992 13896 
11.825321 14010 
11.829552 14032 
11.831708 14051 
11.833849 14109 
11.838045 14228 
11.842466 14347 
11.844700 14516 
11.846969 14516 
11.849183 14675 
11.851335 14730 
11.853477 14957 
11.855628 15066 
11.857788 15275 
11.859891 15317 
11.862034 15402 
11.864178 15417 
11.866342 15450 
11.868498 15523 
11.870751 15600 
11.872925 15688 
11.875161 15766 
11.877343 15532 
11.879506 15676 
11.881676 15709 
11.883840 15805 
11.885980 15904 
11.888127 16088 
11.890229 16158 
11.892375 16296 
11.894584 16452 
11.896768 16464 
11.900957 16554 
11.905170 16605 
11.907370 16740 
11.909551 16740 
11.911692 16759 
11.913868 16781 
11.916006 16889 
11.918180 16999 
11.920334 17025 
11.922498 17106 
11.924643 17264 
11.928911 17391 
11.931084 17417 
11.933279 17445 
11.935441 17541 
11.937596 17337 
11.939756 17487 
11.941893 17569 
11.944042 17609 
11.948261 17656 
11.950411 17688 
11.952566 17752 
11.954703 17809 
11.958903 17830 
11.961085 17894 
11.963272 17934 
11.965473 17961 
11.967627 17988 
11.969754 17779 
11.971895 17923 
11.974019 17959 
11.976166 17985 
11.978324 18044 
11.980468 18052 
11.982608 18194 
11.984797 18235 
11.987003 18303 
11.989161 18334 
11.991317 18440 
11.993481 18535 
11.995628 18624 
11.997778 18541 
11.999920 18647 
12.002076 18897 
12.004236 18928 
12.006418 18997 
12.008574 19247 
12.010759 19286 
12.012913 19536 
12.017127 19594 
12.019295 19654 
12.021469 19716 
12.023584 19832 
12.025712 19852 
12.027841 19755 
12.029979 19848 
12.032146 19966 
12.034308 20142 
12.036472 20216 
12.038638 20243 
12.040751 20269 
12.042923 20331 
12.045069 20342 
12.047287 20408 
12.049487 20428 
12.051647 20466 
12.053800 20484 
12.055952 20284 
12.058103 20438 
12.060255 20470 
12.062409 20487 
12.064570 20503 
12.066722 20549 
12.070942 20599 
12.073100 20628 
12.075248 20654 
12.079500 20729 
12.081697 20746 
12.085896 20860 
12.090087 21054 
12.092276 21054 
12.094425 21105 
12.096586 21170 
12.098759 21273 
12.100923 21295 
12.103066 21336 
12.105251 21486 
12.107750 21523 
12.109989 21549 
12.112167 21663 
12.114435 21719 
12.116615 21476 
12.118781 21490 
12.122979 21581 
12.125136 21644 
12.127297 21831 
12.129458 21960 
12.131608 22164 
12.135815 22174 
12.137964 22324 
12.142190 22534 
12.144320 22784 
12.148503 22843 
12.150663 22704 
12.154871 22746 
12.157043 22996 
12.161251 23121 
12.163425 23163 
12.165617 23299 
12.170070 23427 
12.172284 23508 
12.176535 23280 
12.178685 23390 
12.180828 23434 
12.182978 23452 
12.185129 23686 
12.189294 23731 
12.191470 23759 
12.193641 23778 
12.195796 23827 
12.200040 24039 
12.202222 24176 
12.204420 24235 
12.206551 24335 
12.208702 24091 
12.210887 24202 
12.213113 24244 
12.215312 24306 
12.217480 24452 
12.219628 24702 
12.221784 24868 
12.226023 24882 
12.228233 24917 
12.230449 24967 
12.232630 24977 
12.234780 24998 
12.236935 24972 
12.239086 25014 
12.243315 25264 
12.245498 25362 
12.247665 25438 
12.249811 25456 
12.251965 25491 
12.254077 25523 
12.256356 25773 
12.260602 25926 
12.262765 26060 
12.264923 26108 
12.269141 26181 
12.271294 25966 
12.273456 26216 
12.277689 26285 
12.279854 26360 
12.282022 26457 
12.284190 26587 
12.286410 26606 
12.288598 26773 
12.290761 26789 
12.295045 26807 
12.297192 26623 
12.301392 26818 
12.305594 26826 
12.309837 26867 
12.312016 26930 
12.316675 26988 
12.318851 27206 
12.321027 27297 
12.323198 27374 
12.325342 27515 
12.327736 27555 
12.329991 27397 
12.332162 27637 
12.334325 27658 
12.336487 27785 
12.338649 27883 
12.340834 27963 
12.343002 28213 
12.347252 28313 
12.349456 28500 
12.351633 28570 
12.353802 28635 
12.355942 28438 
12.358067 28596 
12.362295 28846 
12.364521 28920 
12.366704 28936 
12.368807 29025 
12.370961 29037 
12.373134 29055 
12.375284 29073 
12.377443 29132 
12.379609 29171 
12.381774 29421 
12.385983 29487 
12.388130 29330 
12.390275 29379 
12.392441 29421 
12.394608 29671 
12.398828 29678 
12.401011 29738 
12.403231 29782 
12.405378 29888 
12.407540 30138 
12.411712 30268 
12.415894 30336 
12.418057 30151 
12.420219 30239 
12.424420 30246 
12.426577 30322 
12.430798 30378 
12.432949 30495 
12.438237 30576 
12.441414 30634 
12.447669 30657 
12.450837 30431 
12.454012 30485 
12.457179 30515 
12.460350 30536 
12.463548 30738 
12.466753 30988 
12.472992 31030 
12.476147 30861 
12.479300 30938 
12.482461 31132 
12.485617 31265 
12.488765 31295 
12.491905 31370 
12.495100 31604 
12.498260 31643 
12.501455 31818 
12.504622 31878 
12.507810 31886 
12.510977 31756 
12.514140 31799 
12.517323 32020 
12.523558 32096 
12.526984 32107 
12.529967 32357 
12.536045 32330 
12.542097 32580 
12.548390 32602 
12.551544 32844 
12.557747 33010 
12.560939 33017 
12.564148 33130 
12.567331 33148 
12.570503 32971 
12.573660 33048 
12.576838 33070 
12.579995 33248 
12.583170 33498 
12.586356 33748 
12.589559 33790 
12.592750 33812 
12.595907 33652 
12.599059 33687 
12.602208 33716 
12.605316 33795 
12.608484 33831 
12.611643 33893 
12.614779 33914 
12.619190 34087 
12.622377 34183 
12.625529 34237 
12.628688 34367 
12.631829 34158 
12.634991 34234 
12.638165 34372 
12.641288 34494 
12.644493 34725 
12.647706 34767 
12.650901 34800 
12.654071 34990 
12.660272 34967 
12.666490 35156 
12.669664 35167 
12.672819 35242 
12.675983 35331 
12.679536 35548 
12.682742 35675 
12.685923 35925 
12.689083 35740 
12.692245 35922 
12.695394 36020 
12.698548 36270 
12.701737 36364 
12.704948 36403 
12.708143 36527 
12.711306 36702 
12.717501 36515 
12.720659 36633 
12.723818 36675 
12.729984 36767 
12.733177 36946 
12.736356 36972 
12.740533 37010 
12.744705 37070 
12.748868 37245 
12.753057 37147 
12.757224 37205 
12.761424 37322 
12.765623 37412 
12.769813 37457 
12.773947 37513 
12.782124 37481 
12.786280 37555 
12.790456 37583 
12.794929 37732 
12.799136 37823 
12.803266 37879 
12.807419 37935 
12.811580 37889 
12.815751 38046 
12.819965 38071 
12.824157 38099 
12.828346 38130 
12.832480 38334 
12.836611 38226 
12.844855 38302 
12.849034 38408 
12.853227 38446 
12.857410 38476 
12.861771 38615 
12.865745 38642 
12.869915 38684 
12.874102 38504 
12.878297 38515 
12.882493 38587 
12.886666 38696 
12.890825 38745 
12.894986 38782 
12.899133 38558 
12.903283 38673 
12.907428 38730 
12.915631 38780 
12.919812 38796 
12.923946 38861 
12.928095 38976 
12.932212 38830 
12.936376 38876 
12.940612 38913 
12.944810 38972 
12.948985 39018 
12.957187 38874 
12.961363 38894 
12.966530 38917 
12.971680 39077 
12.981924 39154 
12.987123 39397 
12.992304 39170 
12.997482 39323 
13.002661 39573 
13.007875 39585 
13.013091 39598 
13.018268 39374 
13.023428 39478 
13.028729 39536 
13.033934 39715 
13.039601 39963 
13.044790 39980 
13.049999 40000 
13.055174 39890 
13.060325 39915 
13.065517 40000 
13.070694 40000 
13.075830 40000 
13.086054 39780 
13.091218 40000 
13.101470 40000 
13.106612 40000 
13.111820 39894 
13.117034 40000 
13.122274 40000 
13.127489 40000 
13.132661 40000 
13.142883 39802 
13.148481 40000 
13.159718 40000 
13.165903 40000 
13.172097 40000 
13.178270 39799 
13.185019 39817 
13.190622 39869 
13.196820 39641 
13.209031 39712 
13.215234 39962 
13.221403 39972 
13.227599 40000 
13.233777 40000 
13.246345 40000 
13.252501 40000 
13.258661 39852 
13.270902 39892 
13.277100 40000 
13.283311 40000 
13.289480 40000 
13.295683 39884 
13.301927 39902 
13.308120 39919 
13.314336 39948 
13.320530 39799 
13.326662 39869 
13.333863 39894 
13.341067 40000 
13.348236 40000 
13.362471 39839 
13.369639 39986 
13.376824 39765 
13.384012 39786 
13.391219 39937 
13.398418 40000 
13.412692 39802 
13.419902 39904 
13.427082 39951 
13.434265 39987 
13.441451 39800 
13.448660 39990 
13.455863 40000 
13.463043 40000 
13.470249 39784 
13.478453 39952 
13.486607 40000 
13.494778 40000 
13.502935 39887 
13.519150 39913 
13.527350 40000 
13.535567 40000 
13.543902 40000 
13.552072 40000 
13.568311 39858 
13.576521 39951 
13.584712 40000 
13.592909 40000 
13.602120 39782 
13.611302 39877 
13.620469 39662 
13.629648 39765 
13.638840 39847 
13.648060 39881 
13.657248 39881 
13.666436 40000 
13.675591 40000 
13.684770 39818 
13.693954 39871 
13.703113 39947 
13.713370 39970 
13.723497 39828 
13.733698 39894 
13.743884 39661 
13.754080 39708 
13.764279 39805 
13.774459 39970 
13.784596 39735 
13.794800 39812 
13.806004 39744 
13.817209 39812 
13.828390 39923 
13.839560 39709 
13.850760 39783 
13.861942 39548 
13.873142 39723 
13.885356 39973 
13.897605 39803 
13.909778 39888 
13.921943 39862 
13.946182 39893 
13.958402 39878 
13.970584 39912 
13.983797 39816 
14.010060 39851 
14.023264 39610 
14.036881 39425 
14.050051 39675 
14.064220 39730 
14.078413 39748 
14.092583 39558 
14.106770 39423 
14.120972 39432 
14.136161 39484 
14.151357 39293 
14.166554 39049 
14.181749 39144 
14.199944 39144 
14.218953 38942 
14.235164 39129 
14.251377 39307 
14.268560 39092 
14.285755 39011 
14.302947 39054 
14.321129 38913 
14.339277 38702 
14.357489 38890 
14.376716 38890 
14.414968 38739 
14.434149 38678 
14.454337 38737 
14.474554 38571 
14.495762 38488 
14.516998 38738 
14.539202 38574 
14.561412 38574 
14.584623 38824 
14.607811 38407 
14.655236 38231 
14.679428 38154 
14.704632 38395 
14.730816 37907 
14.758036 38013 
14.785232 37843 
14.813970 37843 
14.842914 37843 
14.873118 37654 
14.904327 37459 
14.936542 37459 
14.969741 37209 
15.003949 36969 
15.039134 36788 
15.076325 36582 
15.114512 36582 
15.193845 35947 
15.234962 35947 
15.278162 35511 
15.323383 35511 
15.370599 35055 
15.419779 34805 
15.524080 34250 
15.579325 33786 
15.637564 33403 
15.699834 32966 
15.766066 32716 
15.837253 32216 
15.913551 31767 
15.996721 31129 
16.086924 30635 
16.186120 29869 
16.297358 28968 
16.421591 28029 
16.563836 27029 
16.905133 24448 
17.104290 22814 
17.353498 20907 
17.686712 18288 
18.185981 14135 
18.519098 11451 
18.768280 9465 
18.967435 7876 
19.133602 6643 
19.275830 5412 
19.400032 4445 
19.511224 3451 
19.610420 2785 
19.700622 2265 
19.783816 1676 
19.938030 541 
