0.000027 10.000000 
0.100330 11.000000 
0.190724 12.999999 
0.356931 12.999999 
0.433164 14.000000 
0.504431 15.000001 
0.570681 16.000000 
0.632908 17.000000 
0.691155 18.000000 
0.746409 19.000000 
0.798657 20.000000 
0.848921 21.000000 
0.896153 22.000000 
0.941382 23.000000 
0.984622 24.000000 
1.025886 25.000000 
1.066106 25.999998 
1.104317 26.999998 
1.141528 28.000000 
1.176775 29.000000 
1.211000 30.000002 
1.244221 31.000000 
1.276395 32.000000 
1.307633 33.000000 
1.337931 34.000000 
1.367193 35.000000 
1.395407 36.000000 
1.422636 37.000000 
1.449948 38.000000 
1.476185 39.000000 
1.501406 40.000000 
1.526651 41.000000 
1.550890 42.000000 
1.574135 43.000000 
1.597365 44.000000 
1.619605 45.000000 
1.641842 46.000000 
1.663092 47.000000 
1.684373 48.000000 
1.704609 49.000000 
1.724854 50.000000 
1.745101 51.000000 
1.764358 51.999996 
1.783563 52.999996 
1.801778 53.999996 
1.819971 54.999996 
1.838173 56.000000 
1.855418 57.000000 
1.872648 58.000000 
1.889856 59.000004 
1.906087 60.000004 
1.922279 61.000000 
1.938473 62.000000 
1.954662 63.000000 
1.969866 64.000000 
1.985046 65.000000 
2.000235 66.000000 
2.015456 67.000000 
2.029676 68.000000 
2.043882 69.000000 
2.058076 70.000000 
2.072240 71.000000 
2.086452 72.000000 
2.099639 73.000000 
2.112837 74.000000 
2.126034 75.000000 
2.139212 76.000000 
2.152344 77.000000 
2.164509 78.000000 
2.176697 79.000000 
2.188913 80.000000 
2.201113 81.000000 
2.213276 82.000000 
2.225482 83.000000 
2.237673 84.000000 
2.248860 85.000000 
2.260087 86.000000 
2.271301 87.000000 
2.282425 88.000000 
2.293730 89.000000 
2.305151 90.000000 
2.316314 91.000000 
2.326480 92.000000 
2.336684 93.000000 
2.346873 94.000000 
2.357058 95.000000 
2.367239 96.000000 
2.377425 97.000000 
2.387581 98.000000 
2.397795 99.000000 
2.408032 100.000000 
2.418264 100.999992 
2.427447 101.999992 
2.436682 102.999992 
2.445882 103.999992 
2.455061 104.999992 
2.464246 105.999992 
2.473443 107.000000 
2.482595 108.000000 
2.491796 108.000000 
2.500999 108.000000 
2.510223 107.000000 
2.519444 106.000008 
2.528615 105.000015 
2.537867 104.000015 
2.547081 103.000015 
2.556274 102.000015 
2.565431 101.000015 
2.574612 100.000023 
2.583788 99.000023 
2.593984 98.000023 
2.604189 97.000023 
2.614424 96.000023 
2.624671 95.000031 
2.634846 94.000031 
2.645043 93.000031 
2.655261 92.000031 
2.665435 91.000031 
2.675630 90.000038 
2.686823 89.000038 
2.698001 88.000038 
2.709223 87.000038 
2.720417 86.000038 
2.731610 85.000038 
2.742826 84.000038 
2.754013 83.000038 
2.766197 82.000038 
2.778388 81.000038 
2.790582 80.000038 
2.802836 79.000038 
2.814991 78.000038 
2.827198 77.000038 
2.839403 76.000038 
2.852595 75.000038 
2.865781 74.000038 
2.878978 73.000038 
2.892212 72.000038 
2.905423 71.000038 
2.919691 70.000038 
2.933869 69.000038 
2.948058 68.000038 
2.962212 67.000038 
2.976409 66.000038 
2.991617 65.000038 
3.006832 64.000038 
3.021995 63.000038 
3.037171 62.000038 
3.053429 61.000038 
3.069679 60.000038 
3.085858 59.000034 
3.102056 58.000034 
3.119253 57.000031 
3.136448 56.000027 
3.153653 55.000031 
3.171892 54.000027 
3.190104 53.000031 
3.208349 52.000027 
3.227622 51.000031 
3.247184 49.000034 
3.286358 49.000034 
3.306543 48.000034 
3.326772 47.000034 
3.348037 46.000034 
3.369267 45.000034 
3.391487 44.000034 
3.413724 43.000034 
3.436914 42.000034 
3.460144 41.000034 
3.484349 40.000034 
3.508554 39.000034 
3.533737 38.000034 
3.559924 37.000034 
3.587090 36.000034 
3.614289 35.000034 
3.642487 34.000034 
3.671646 33.000034 
3.701856 32.000034 
3.733076 31.000032 
3.765261 30.000032 
3.798469 29.000032 
3.832673 28.000032 
3.867866 27.000034 
3.905068 26.000034 
3.943252 25.000034 
3.982433 24.000034 
4.023623 23.000034 
4.066843 22.000034 
4.112076 21.000034 
4.159305 20.000034 
4.208574 19.000034 
4.260797 18.000034 
4.316016 17.000034 
4.374207 16.000034 
4.436395 15.000035 
4.502588 14.000035 
4.573766 13.000035 
4.649967 12.000034 
4.733179 11.000034 
4.823384 10.000034 
4.922590 9.000034 
5.033783 8.000034 
5.157939 7.000034 
5.300137 6.000034 
5.466326 5.000034 
5.665530 4.000034 
5.914715 5.000034 
6.113862 6.000034 
6.280062 7.000034 
6.422243 8.000034 
6.546428 9.000034 
6.657614 10.000034 
6.756795 11.000034 
6.846999 12.000034 
6.930224 13.000034 
7.006430 14.000034 
7.077605 15.000035 
7.143806 16.000034 
7.205992 17.000034 
7.264175 18.000034 
7.319358 19.000034 
7.371566 20.000034 
7.420795 21.000034 
7.467988 22.000034 
7.513199 23.000034 
7.556386 24.000034 
7.597571 25.000034 
7.636792 26.000034 
7.674991 27.000034 
7.712210 28.000034 
7.747485 29.000032 
7.781687 30.000032 
7.814913 31.000032 
7.847154 32.000031 
7.878360 33.000031 
7.908572 34.000031 
7.937800 35.000031 
7.966031 36.000031 
7.993222 37.000031 
8.020418 38.000031 
8.046643 39.000031 
8.071853 40.000031 
8.096076 41.000031 
8.120359 42.000031 
8.143609 43.000031 
8.166901 44.000031 
8.189149 45.000031 
8.211296 46.000031 
8.232523 47.000031 
8.253695 48.000031 
8.273883 49.000034 
8.294104 50.000034 
8.313413 51.000034 
8.332684 52.000034 
8.351874 53.000034 
8.370100 54.000034 
8.388356 55.000034 
8.406565 56.000034 
8.423740 57.000031 
8.440908 58.000027 
8.458053 59.000027 
8.474258 60.000031 
8.490448 61.000031 
8.506637 62.000031 
8.523226 63.000031 
8.538388 64.000031 
8.553525 65.000031 
8.568746 66.000031 
8.583999 67.000031 
8.598186 68.000031 
8.612369 69.000031 
8.626577 70.000031 
8.640784 71.000031 
8.654995 72.000031 
8.668204 73.000031 
8.681431 74.000031 
8.694622 75.000031 
8.707860 76.000031 
8.721068 77.000031 
8.733231 78.000031 
8.745438 79.000031 
8.757615 80.000031 
8.769788 81.000031 
8.782004 82.000031 
8.794220 83.000031 
8.806368 84.000031 
8.817887 85.000031 
8.829165 86.000031 
8.840549 87.000031 
8.851749 88.000031 
8.863035 89.000031 
8.874294 90.000038 
8.885493 91.000038 
8.895703 92.000046 
8.905941 93.000046 
8.916142 94.000046 
8.926342 95.000046 
8.936554 96.000053 
8.946738 97.000053 
8.956926 98.000053 
8.967105 99.000053 
8.977289 100.000061 
8.986490 101.000061 
8.995686 102.000061 
9.004885 103.000069 
9.014110 104.000069 
9.023287 105.000061 
9.032478 106.000061 
9.041695 107.000061 
9.050892 108.000053 
9.060079 109.000046 
9.069264 110.000046 
9.078452 111.000046 
9.087655 112.000046 
9.095839 113.000046 
9.104030 114.000053 
9.112219 115.000053 
9.120410 116.000053 
9.128536 117.000053 
9.136755 118.000053 
9.144983 119.000053 
9.153206 120.000061 
9.161419 121.000061 
9.169591 121.000061 
9.177788 120.000061 
9.186012 119.000053 
9.194231 118.000053 
9.202483 117.000053 
9.210671 116.000053 
9.218862 115.000053 
9.227111 114.000053 
9.235326 113.000053 
9.243527 112.000053 
9.251726 111.000053 
9.260912 110.000061 
9.270092 109.000061 
9.279277 108.000053 
9.288474 107.000053 
9.297708 106.000061 
9.306964 105.000061 
9.316230 104.000053 
9.325430 103.000053 
9.334706 102.000061 
9.343945 101.000061 
9.353192 100.000061 
9.362383 99.000061 
9.372982 98.000069 
9.383225 97.000069 
9.393503 96.000069 
9.403713 95.000069 
9.413895 94.000069 
9.424037 93.000069 
9.434228 92.000069 
9.444809 91.000076 
9.455061 90.000076 
9.466316 89.000076 
9.477513 88.000076 
9.488695 87.000076 
9.499898 86.000076 
9.511116 85.000076 
9.522332 84.000076 
9.533539 83.000076 
9.545742 82.000076 
9.557968 81.000076 
9.570186 80.000076 
9.582367 79.000076 
9.594526 78.000076 
9.606748 77.000076 
9.618935 76.000076 
9.632153 75.000076 
9.645358 74.000076 
9.658560 73.000076 
9.671760 72.000076 
9.684962 71.000076 
9.699160 70.000076 
9.713389 69.000076 
9.727650 68.000076 
9.741887 67.000076 
9.756110 66.000076 
9.771323 65.000076 
9.786531 64.000076 
9.801768 63.000076 
9.816977 62.000072 
9.833188 61.000072 
9.849690 60.000072 
9.865885 59.000076 
9.882090 58.000080 
9.899289 57.000080 
9.916501 56.000084 
9.933731 55.000080 
9.951955 54.000076 
9.970100 53.000076 
9.988307 52.000076 
10.007533 51.000080 
10.026801 50.000080 
10.045995 49.000080 
10.066187 48.000084 
10.086391 47.000084 
10.107603 46.000084 
10.128793 45.000084 
10.150980 44.000084 
10.173181 43.000084 
10.196387 42.000084 
10.219613 41.000084 
10.243847 40.000084 
10.268053 39.000084 
10.293249 38.000084 
10.319428 37.000084 
10.346622 36.000084 
10.373824 35.000084 
10.402033 34.000084 
10.431254 33.000084 
10.461485 32.000084 
10.492711 31.000084 
10.524876 30.000084 
10.558086 29.000084 
10.592288 28.000082 
10.627507 27.000080 
10.664713 26.000082 
10.702909 25.000082 
10.742117 24.000082 
10.783343 23.000082 
10.826586 22.000082 
10.871819 21.000082 
10.919004 20.000082 
10.968195 19.000082 
11.020384 18.000082 
11.075592 17.000082 
11.133875 16.000082 
11.196059 15.000081 
11.262246 14.000080 
11.333435 13.000081 
11.409632 12.000081 
11.492826 11.000081 
11.583029 10.000081 
11.682231 9.000081 
11.793420 8.000081 
11.917632 7.000081 
12.059818 6.000081 
12.226010 5.000081 
12.426016 4.000081 
12.675278 3.000081 
13.008465 2.000081 
13.509348 3.000081 
13.842656 4.000081 
14.091919 5.000081 
14.291108 6.000081 
14.457307 7.000081 
14.599502 8.000081 
14.723692 9.000081 
14.834873 10.000081 
14.934067 11.000081 
15.024286 12.000081 
15.107537 13.000081 
15.183739 14.000080 
15.254923 15.000079 
15.321142 16.000080 
15.383342 17.000080 
15.441569 18.000080 
15.496787 19.000080 
15.549001 20.000080 
15.598238 21.000080 
15.645412 22.000080 
15.690637 23.000078 
15.733845 24.000078 
15.775033 25.000078 
15.814239 26.000078 
15.852423 27.000078 
15.889632 28.000076 
15.924819 29.000078 
15.959029 30.000076 
15.992276 31.000076 
16.024530 32.000076 
16.055733 33.000076 
16.085944 34.000076 
16.115145 35.000076 
16.143336 36.000076 
16.170542 37.000076 
16.198020 38.000076 
16.224268 39.000076 
16.249464 40.000076 
16.273675 41.000076 
16.297911 42.000076 
16.321172 43.000076 
16.344379 44.000076 
16.366596 45.000076 
16.388785 46.000076 
16.409954 47.000076 
16.431234 48.000076 
16.451488 49.000080 
16.471685 50.000080 
16.490871 51.000080 
16.510066 52.000080 
16.529249 53.000084 
16.547440 54.000084 
16.565621 55.000080 
16.583826 56.000084 
16.600993 57.000080 
16.618261 59.000080 
16.651453 59.000080 
16.667639 60.000076 
16.683820 61.000080 
16.700003 62.000080 
16.716216 63.000080 
16.731451 64.000076 
16.746707 65.000076 
16.761926 66.000076 
16.777169 67.000076 
16.791435 68.000076 
16.805661 69.000076 
16.819859 70.000076 
16.834042 71.000076 
16.848237 72.000076 
16.861431 73.000076 
16.874646 74.000076 
16.887843 75.000076 
16.901060 76.000076 
16.914262 77.000076 
16.926454 78.000076 
16.938676 79.000076 
16.950889 80.000076 
16.963074 81.000076 
16.975261 82.000076 
16.987469 83.000076 
16.999667 84.000076 
17.010855 85.000076 
17.022060 86.000076 
17.033247 87.000076 
17.044436 88.000076 
17.055612 89.000076 
17.066805 90.000076 
17.078003 91.000076 
17.088209 92.000076 
17.098398 93.000069 
17.108575 94.000069 
17.118771 95.000069 
17.128975 96.000069 
17.139163 97.000069 
17.149370 98.000069 
17.159565 99.000076 
17.169738 100.000076 
17.178934 101.000076 
17.188117 102.000076 
17.197339 103.000076 
17.206584 104.000076 
17.215775 105.000076 
17.225476 106.000076 
17.234682 107.000076 
17.243892 108.000076 
17.253132 109.000069 
17.262340 110.000069 
17.271552 111.000069 
17.280741 112.000069 
17.289033 113.000069 
17.297259 114.000061 
17.305479 115.000069 
17.313620 116.000069 
17.321855 117.000069 
17.330049 118.000069 
17.338235 119.000069 
17.346470 120.000076 
17.354618 121.000076 
17.362843 122.000076 
17.371100 123.000076 
17.379258 124.000076 
17.387465 125.000076 
17.394634 126.000076 
17.401828 127.000076 
17.409048 128.000076 
17.416257 129.000076 
17.423419 130.000076 
17.430588 131.000076 
17.437796 132.000076 
17.445077 133.000076 
17.452251 134.000076 
17.459435 135.000076 
17.466628 136.000076 
17.473835 137.000076 
17.481107 138.000076 
17.488334 139.000076 
17.495533 140.000076 
17.502756 141.000076 
17.509968 142.000076 
17.517192 143.000076 
17.523394 144.000076 
17.529555 145.000076 
17.535729 146.000076 
17.541924 147.000076 
17.548130 148.000076 
17.554294 149.000076 
17.560500 150.000076 
17.566690 151.000076 
17.572875 152.000076 
17.579981 153.000076 
17.586191 154.000076 
17.592383 155.000076 
17.598547 156.000076 
17.604733 157.000076 
17.610928 158.000076 
17.617112 159.000076 
17.623325 160.000076 
17.629505 161.000076 
17.635665 162.000076 
17.641825 163.000076 
17.647975 164.000076 
17.654247 165.000076 
17.660451 165.000076 
17.666670 164.000076 
17.672819 163.000076 
17.679010 162.000076 
17.685229 161.000076 
17.691444 160.000076 
17.697644 159.000076 
17.703830 158.000076 
17.710011 157.000076 
17.716188 156.000076 
17.722593 155.000076 
17.728748 154.000076 
17.734955 153.000076 
17.741127 152.000076 
17.747334 151.000076 
17.753545 150.000076 
17.759750 149.000076 
17.765951 148.000076 
17.772141 147.000076 
17.778269 146.000076 
17.784428 145.000076 
17.790580 144.000076 
17.796776 143.000076 
17.802997 142.000076 
17.810176 141.000076 
17.817337 140.000076 
17.824525 139.000076 
17.831722 138.000076 
17.838921 137.000076 
17.846079 136.000076 
17.853286 135.000076 
17.860512 134.000076 
17.867694 133.000076 
17.874899 132.000076 
17.882037 131.000076 
17.889202 130.000076 
17.896387 129.000076 
17.903577 128.000076 
17.910787 127.000076 
17.917970 126.000076 
17.925147 125.000076 
17.932335 124.000076 
17.940564 123.000076 
17.948772 122.000076 
17.956990 121.000076 
17.965134 120.000076 
17.973330 119.000084 
17.981556 118.000084 
17.989783 117.000076 
17.998037 116.000084 
18.006197 115.000076 
18.014376 114.000076 
18.022589 113.000084 
18.030796 112.000084 
18.038985 111.000092 
18.048165 110.000092 
18.057339 109.000092 
18.066529 108.000092 
18.075705 107.000092 
18.084844 106.000092 
18.094074 105.000099 
18.103272 104.000099 
18.112459 103.000099 
18.121641 102.000099 
18.130853 101.000107 
18.140109 100.000107 
18.149286 99.000107 
18.159516 98.000114 
18.169764 97.000114 
18.179937 96.000114 
18.190121 95.000114 
18.200332 94.000114 
18.210556 93.000114 
18.220770 92.000114 
18.230986 91.000114 
18.241206 90.000114 
18.252395 89.000114 
18.263582 88.000114 
18.274791 87.000114 
18.285990 86.000114 
18.297126 85.000114 
18.308317 84.000114 
18.319540 83.000114 
18.331713 82.000114 
18.343867 81.000114 
18.356055 80.000114 
18.368249 79.000114 
18.380459 78.000114 
18.392655 77.000114 
18.404863 76.000114 
18.418037 75.000114 
18.431239 74.000114 
18.444413 73.000114 
18.457668 72.000114 
18.470888 71.000114 
18.485060 70.000114 
18.499289 69.000114 
18.513486 68.000114 
18.527636 67.000114 
18.541828 66.000114 
18.557048 65.000114 
18.572260 64.000114 
18.587492 63.000114 
18.602689 62.000118 
18.618956 61.000114 
18.635157 60.000111 
18.651347 59.000107 
18.667549 58.000103 
18.684757 57.000107 
18.702013 56.000107 
18.719305 55.000103 
18.737518 54.000099 
18.755713 53.000099 
18.773901 52.000099 
18.793133 51.000099 
18.812377 50.000099 
18.831674 49.000103 
18.851914 48.000103 
18.872107 47.000103 
18.893313 46.000103 
18.914547 45.000103 
18.936796 44.000103 
18.958981 43.000103 
18.982194 42.000103 
19.005439 41.000103 
19.029659 40.000103 
19.053888 39.000103 
19.079119 38.000103 
19.105301 37.000103 
19.132531 36.000103 
19.159775 35.000103 
19.187988 34.000103 
19.217208 33.000103 
19.247394 32.000103 
19.278597 31.000103 
19.310840 30.000105 
19.344048 29.000103 
19.378292 28.000103 
19.413495 27.000103 
19.450687 26.000101 
19.488878 25.000101 
19.528083 24.000101 
19.569376 23.000101 
19.612581 22.000101 
19.657806 21.000101 
19.705027 20.000101 
19.754288 19.000101 
19.806533 18.000101 
19.861762 17.000101 
19.919971 16.000101 
19.982194 15.000102 
20.048351 14.000103 
20.119565 13.000103 
20.195802 12.000103 
20.279024 11.000103 
20.369223 10.000103 
20.468421 9.000103 
20.579613 8.000103 
20.703783 7.000103 
20.845984 6.000103 
21.012203 5.000103 
21.211406 4.000103 
21.460594 3.000103 
21.793811 2.000103 
22.293075 1.000103 
23.292248 0.000103 
24.291423 1.000103 
25.290652 2.000103 
25.789839 3.000103 
26.123013 4.000103 
26.372212 5.000103 
26.571415 6.000103 
26.737597 7.000103 
26.879778 8.000103 
27.003975 9.000103 
27.115183 10.000103 
27.214367 11.000103 
27.304571 12.000103 
27.387767 13.000103 
27.463951 14.000103 
27.535135 15.000104 
27.601373 16.000103 
27.663531 17.000103 
27.721714 18.000103 
27.776911 19.000103 
27.829106 20.000103 
27.878328 21.000103 
27.925567 22.000103 
27.970789 23.000103 
28.013976 24.000103 
28.055159 25.000103 
28.094357 26.000101 
28.132982 27.000101 
28.170214 28.000101 
28.205480 29.000101 
28.239697 30.000101 
28.272877 31.000103 
28.305084 32.000103 
28.336281 33.000103 
28.366560 34.000103 
28.395796 35.000103 
28.424028 36.000103 
28.451193 37.000103 
28.478402 38.000103 
28.504635 39.000103 
28.529868 40.000103 
28.554055 41.000103 
28.578290 42.000103 
28.601533 43.000103 
28.624729 44.000103 
28.646917 45.000103 
28.669111 46.000103 
28.690330 47.000103 
28.711572 48.000103 
28.731794 49.000103 
28.751983 50.000107 
28.771186 51.000107 
28.790376 52.000107 
28.809582 53.000111 
28.827818 54.000111 
28.846029 55.000111 
28.864210 56.000111 
28.881385 57.000111 
28.898591 58.000111 
28.915989 60.000107 
28.949185 60.000107 
28.965443 61.000107 
28.981694 62.000111 
28.997887 63.000111 
29.013161 64.000107 
29.028391 65.000107 
29.043597 66.000107 
29.058791 67.000107 
29.073000 68.000107 
29.087183 69.000107 
29.101367 70.000107 
29.115548 71.000107 
29.129749 72.000107 
29.142961 73.000107 
29.156186 74.000107 
29.169415 75.000107 
29.182603 76.000107 
29.195786 77.000107 
29.207985 78.000107 
29.220180 79.000107 
29.232374 80.000107 
29.244602 81.000107 
29.256821 82.000107 
29.269024 83.000107 
29.281209 84.000107 
29.292379 85.000107 
29.303553 86.000107 
29.314736 87.000107 
29.325916 88.000107 
29.337126 89.000107 
29.348385 90.000107 
29.359794 92.000107 
29.380965 92.000107 
29.391177 93.000107 
29.401371 94.000107 
29.411553 95.000107 
29.421740 96.000099 
29.431925 97.000099 
29.442114 98.000099 
29.452355 99.000099 
29.462592 100.000099 
29.471768 101.000107 
29.480982 102.000107 
29.490189 103.000107 
29.499410 104.000107 
29.508596 105.000107 
29.517775 106.000114 
29.527001 107.000114 
29.536194 108.000114 
29.545395 109.000114 
29.554625 110.000114 
29.563812 111.000114 
29.573037 112.000114 
29.581237 113.000114 
29.589445 114.000114 
29.597711 115.000114 
29.605963 116.000122 
29.614156 117.000114 
29.622356 118.000107 
29.630544 119.000107 
29.638759 120.000099 
29.646965 121.000099 
29.655160 122.000099 
29.663352 123.000099 
29.671550 124.000107 
29.679731 125.000107 
29.686927 126.000107 
29.695150 127.000107 
29.702357 128.000107 
29.709567 129.000107 
29.716765 130.000107 
29.723940 131.000107 
29.731141 132.000107 
29.738391 133.000107 
29.745652 134.000107 
29.752855 135.000107 
29.760031 136.000107 
29.767212 137.000107 
29.774421 138.000107 
29.781611 139.000107 
29.788773 140.000107 
29.795949 141.000107 
29.803144 142.000107 
29.810340 143.000107 
29.816539 144.000107 
29.822747 145.000107 
29.828911 146.000107 
29.835132 147.000107 
29.841329 148.000107 
29.847530 149.000107 
29.853739 150.000107 
29.859931 151.000107 
29.866118 152.000107 
29.872312 153.000107 
29.878659 154.000107 
29.884860 155.000107 
29.891096 156.000107 
29.897271 157.000107 
29.903447 158.000107 
29.909664 159.000107 
29.915833 160.000107 
29.922053 161.000107 
29.928248 162.000107 
29.934435 163.000107 
29.940565 164.000107 
29.946732 165.000107 
29.952880 166.000107 
29.959075 166.000107 
29.965288 165.000107 
29.971419 164.000107 
29.977603 163.000107 
29.983796 162.000107 
29.989949 161.000107 
29.996156 160.000107 
30.002384 159.000107 
30.008550 158.000107 
30.014760 157.000107 
30.020983 156.000107 
30.027183 155.000107 
30.033349 154.000107 
30.039550 153.000107 
30.045737 152.000107 
30.051938 151.000107 
30.058112 150.000107 
30.064273 149.000107 
30.070479 148.000107 
30.076673 147.000107 
30.082841 146.000107 
30.089011 145.000107 
30.095210 144.000107 
30.101430 143.000107 
30.107626 142.000107 
30.114861 141.000107 
30.122042 140.000107 
30.129246 139.000107 
30.136446 138.000107 
30.143668 137.000107 
30.150888 136.000107 
30.158046 135.000107 
30.165218 134.000107 
30.172403 133.000107 
30.179614 132.000107 
30.186846 131.000107 
30.194023 130.000107 
30.201211 129.000107 
30.208404 128.000107 
30.215647 127.000107 
30.222895 126.000107 
30.230085 125.000107 
30.237305 124.000107 
30.245493 123.000099 
30.253693 122.000099 
30.261862 121.000099 
30.270038 120.000099 
30.278236 119.000092 
30.286443 118.000099 
30.294653 117.000107 
30.302845 116.000107 
30.311075 115.000107 
30.319283 114.000114 
30.327471 113.000114 
30.335691 112.000114 
30.343887 111.000114 
30.353073 110.000114 
30.362272 109.000114 
30.371469 108.000114 
30.380685 107.000114 
30.389890 106.000114 
30.399081 105.000114 
30.408280 104.000122 
30.417463 103.000130 
30.426665 102.000130 
30.435876 101.000130 
30.445079 100.000137 
30.454327 99.000137 
30.464528 98.000137 
30.474733 97.000130 
30.484907 96.000130 
30.495057 95.000130 
30.505252 94.000130 
30.515420 93.000130 
30.525634 92.000130 
30.535857 91.000130 
30.546061 90.000130 
30.557254 89.000130 
30.568446 88.000130 
30.579657 87.000130 
30.590849 86.000130 
30.602071 85.000130 
30.613286 84.000130 
30.624466 83.000130 
30.636705 82.000130 
30.648916 81.000130 
30.661113 80.000130 
30.673330 79.000130 
30.685555 78.000130 
30.697764 77.000130 
30.709921 76.000130 
30.723132 75.000130 
30.736373 74.000130 
30.749526 73.000130 
30.762701 72.000130 
30.775903 71.000130 
30.790092 70.000130 
30.804274 69.000130 
30.818475 68.000130 
30.832929 67.000130 
30.847162 66.000130 
30.862395 65.000130 
30.877611 64.000130 
30.892797 63.000130 
30.907993 62.000134 
30.924185 61.000137 
30.940415 60.000141 
30.956621 59.000141 
30.972813 58.000141 
30.990039 57.000145 
31.007255 56.000149 
31.024449 55.000149 
31.042657 54.000149 
31.060866 53.000149 
31.079068 52.000149 
31.098438 51.000149 
31.117684 50.000149 
31.136894 49.000149 
31.157103 48.000149 
31.177320 47.000145 
31.198552 46.000145 
31.219789 45.000145 
31.242008 44.000145 
31.264213 43.000145 
31.287425 42.000145 
31.310634 41.000145 
31.334881 40.000145 
31.359082 39.000145 
31.384302 38.000145 
31.410517 37.000145 
31.437713 36.000145 
31.464916 35.000145 
31.493143 34.000145 
31.522383 33.000145 
31.552592 32.000145 
31.583805 31.000143 
31.616016 30.000141 
31.649222 29.000141 
31.683427 28.000139 
31.718656 27.000139 
31.755907 26.000137 
31.794059 25.000139 
31.833216 24.000139 
31.874488 23.000139 
31.917825 22.000139 
31.963040 21.000139 
32.010231 20.000139 
32.059443 19.000139 
32.111656 18.000139 
32.166852 17.000139 
32.225047 16.000139 
32.287254 15.000139 
32.353464 14.000138 
32.424663 13.000138 
32.500889 12.000138 
32.584090 11.000138 
32.674317 10.000138 
32.773596 9.000138 
32.884797 8.000138 
33.008945 7.000138 
33.151143 6.000138 
33.317335 5.000138 
33.516529 4.000138 
33.765721 3.000138 
34.098925 2.000138 
34.598115 1.000138 
35.597313 0.000138 
36.596584 1.000138 
37.595850 2.000138 
38.095038 3.000138 
38.428224 4.000138 
38.677373 5.000138 
38.876560 6.000138 
39.042771 7.000138 
39.184984 8.000138 
39.309192 9.000138 
39.420430 10.000138 
39.519612 11.000138 
39.609808 12.000138 
39.692990 13.000138 
39.769172 14.000138 
39.840377 15.000138 
39.906570 16.000137 
39.968777 17.000137 
40.026979 18.000137 
40.082201 19.000137 
40.134385 20.000137 
40.183599 21.000137 
40.230812 22.000137 
40.276016 23.000137 
40.319226 24.000137 
40.360417 25.000139 
40.399622 26.000137 
40.437847 27.000135 
40.475119 28.000137 
40.510324 29.000139 
40.544526 30.000139 
40.577725 31.000139 
40.609922 32.000137 
40.641096 33.000137 
40.671308 34.000137 
40.700537 35.000137 
40.728698 36.000137 
40.755920 37.000137 
40.783146 38.000137 
40.809381 39.000137 
40.834525 40.000137 
40.858725 41.000137 
40.882932 42.000137 
40.906121 43.000137 
40.929399 44.000137 
40.951633 45.000137 
40.973791 46.000137 
40.995034 47.000137 
41.016294 48.000137 
41.036531 49.000137 
41.056734 50.000137 
41.075937 51.000137 
41.095130 52.000137 
41.114378 53.000137 
41.132696 54.000141 
41.150987 55.000137 
41.169185 56.000137 
41.186403 57.000137 
41.203637 58.000137 
41.220913 59.000134 
41.237101 60.000134 
41.253315 61.000137 
41.269498 62.000141 
41.285675 63.000141 
41.300870 64.000137 
41.316076 65.000137 
41.331292 66.000137 
41.346557 67.000137 
41.360777 68.000137 
41.374993 69.000137 
41.389169 70.000137 
41.403347 71.000137 
41.417537 72.000137 
41.430811 73.000137 
41.444000 74.000137 
41.457219 75.000137 
41.470438 76.000137 
41.483630 77.000137 
41.495828 78.000137 
41.508043 79.000137 
41.520196 80.000137 
41.532426 81.000137 
41.544645 82.000137 
41.556846 83.000137 
41.569071 84.000137 
41.580266 85.000137 
41.591505 86.000137 
41.602664 87.000137 
41.613833 88.000137 
41.625019 89.000137 
41.636292 90.000137 
41.647492 91.000137 
41.657690 92.000137 
41.667914 93.000137 
41.678090 94.000130 
41.688290 95.000130 
41.698532 96.000130 
41.708766 97.000130 
41.718998 98.000130 
41.729182 99.000130 
41.739405 100.000137 
41.748609 101.000145 
41.757784 102.000145 
41.766967 103.000145 
41.776177 104.000153 
41.785381 105.000145 
41.794559 106.000145 
41.803710 107.000153 
41.812901 108.000153 
41.822103 109.000153 
41.831300 110.000153 
41.840495 111.000145 
41.849699 112.000137 
41.857902 113.000145 
41.866121 114.000153 
41.874295 115.000153 
41.882486 116.000160 
41.890704 117.000160 
41.898872 118.000160 
41.907073 119.000160 
41.915323 120.000153 
41.923531 121.000160 
41.931775 122.000160 
41.939999 123.000160 
41.948230 124.000160 
41.956426 125.000160 
41.963617 126.000160 
41.970742 127.000160 
41.977920 128.000153 
41.985112 129.000153 
41.992305 130.000153 
41.999498 131.000153 
42.006674 132.000153 
42.013880 133.000153 
42.021059 134.000153 
42.028230 135.000153 
42.035444 136.000153 
42.042607 137.000153 
42.049762 138.000153 
42.056948 139.000153 
42.064144 140.000153 
42.071390 141.000153 
42.078574 142.000153 
42.085784 143.000153 
42.091980 144.000153 
42.098222 145.000153 
42.104591 146.000153 
42.110768 147.000153 
42.116948 148.000153 
42.123115 149.000153 
42.129304 150.000153 
42.135521 151.000153 
42.141700 152.000153 
42.147872 153.000153 
42.154025 154.000153 
42.160248 155.000153 
42.166444 156.000153 
42.172630 157.000153 
42.178807 158.000153 
42.185550 159.000153 
42.191712 160.000153 
42.197886 161.000153 
42.204114 162.000153 
42.210327 163.000153 
42.216499 164.000153 
42.222678 165.000153 
42.228886 165.000153 
42.235111 164.000153 
42.241303 163.000153 
42.247507 162.000153 
42.253723 161.000153 
42.259908 160.000153 
42.266083 159.000153 
42.272271 158.000153 
42.278490 157.000153 
42.284674 156.000153 
42.290868 155.000153 
42.297087 154.000153 
42.303270 153.000153 
42.309498 152.000153 
42.315660 151.000153 
42.321844 150.000153 
42.328031 149.000153 
42.334222 148.000153 
42.340408 147.000153 
42.346591 146.000153 
42.352965 145.000153 
42.359185 144.000153 
42.365405 143.000153 
42.371612 142.000153 
42.378773 141.000153 
42.385948 140.000153 
42.393095 139.000153 
42.400326 138.000153 
42.407575 137.000153 
42.414742 136.000153 
42.421931 135.000153 
42.429153 134.000153 
42.436387 133.000153 
42.443580 132.000153 
42.450773 131.000153 
42.457990 130.000153 
42.465240 129.000153 
42.472474 128.000153 
42.479726 127.000153 
42.486915 126.000153 
42.494076 125.000153 
42.501262 124.000145 
42.509455 123.000145 
42.517660 122.000145 
42.525811 121.000145 
42.534008 120.000145 
42.542214 119.000153 
42.550412 118.000153 
42.558583 117.000160 
42.566743 116.000160 
42.574906 115.000168 
42.583122 114.000160 
42.591334 113.000168 
42.599551 112.000168 
42.608488 111.000175 
42.617707 110.000175 
42.626940 109.000175 
42.636138 108.000175 
42.645332 107.000168 
42.654526 106.000168 
42.663760 105.000168 
42.672972 104.000168 
42.682199 103.000168 
42.691458 102.000168 
42.700698 101.000168 
42.709885 100.000175 
42.719086 99.000175 
42.729391 98.000175 
42.739543 97.000175 
42.749746 96.000175 
42.759964 95.000175 
42.770165 94.000175 
42.780405 93.000183 
42.790613 92.000183 
42.800747 91.000183 
42.810935 90.000183 
42.822128 89.000183 
42.833326 88.000183 
42.844580 87.000183 
42.855771 86.000183 
42.866997 85.000183 
42.878210 84.000183 
42.889399 83.000183 
42.901669 82.000183 
42.913888 81.000183 
42.926085 80.000183 
42.938320 79.000183 
42.950532 78.000183 
42.962724 77.000183 
42.974933 76.000183 
42.988137 75.000183 
43.001366 74.000183 
43.014558 73.000183 
43.027758 72.000183 
43.040989 71.000183 
43.055237 70.000183 
43.069407 69.000183 
43.083612 68.000183 
43.097817 67.000183 
43.112063 66.000183 
43.127272 65.000183 
43.142466 64.000183 
43.157692 63.000183 
43.172895 62.000183 
43.189116 61.000187 
43.205331 60.000187 
43.221544 59.000187 
43.237761 58.000187 
43.254998 57.000187 
43.272653 56.000191 
43.289862 55.000191 
43.308065 54.000191 
43.326282 53.000191 
43.344496 52.000187 
43.363701 51.000187 
43.382898 50.000187 
43.402107 49.000187 
43.422315 48.000187 
43.442514 47.000191 
43.463711 46.000191 
43.484943 45.000191 
43.507144 44.000191 
43.529368 43.000191 
43.552608 42.000191 
43.575809 41.000191 
43.600028 40.000191 
43.624245 39.000191 
43.649448 38.000191 
43.675655 37.000191 
43.702865 36.000191 
43.730096 35.000191 
43.758313 34.000191 
43.787551 33.000191 
43.817824 32.000191 
43.849043 31.000191 
43.881243 30.000191 
43.914448 29.000191 
43.948652 28.000191 
43.983839 27.000193 
44.021028 26.000193 
44.059240 25.000193 
44.098456 24.000193 
44.139663 23.000193 
44.182843 22.000193 
44.228047 21.000193 
44.275243 20.000193 
44.324443 19.000193 
44.376614 18.000193 
44.431822 17.000193 
44.490055 16.000193 
44.552312 15.000193 
44.618508 14.000193 
44.689791 13.000193 
44.765983 12.000193 
44.849190 11.000193 
44.939391 10.000193 
45.038611 9.000193 
45.149832 8.000193 
45.274041 7.000193 
45.416267 6.000193 
45.582550 5.000193 
45.781845 4.000193 
46.031100 3.000193 
46.364302 2.000193 
46.863515 1.000193 
47.862722 0.000193 
48.861961 1.000193 
49.861191 2.000193 
50.360380 3.000193 
50.693562 4.000193 
50.942764 5.000193 
51.141965 6.000193 
51.308135 7.000193 
51.450341 8.000193 
51.574665 9.000193 
51.685869 10.000193 
51.785065 11.000193 
51.875263 12.000193 
51.958451 13.000193 
52.034641 14.000193 
52.105825 15.000193 
52.171977 16.000193 
52.234174 17.000193 
52.292366 18.000193 
52.347577 19.000193 
52.399812 20.000193 
52.449067 21.000193 
52.496265 22.000193 
52.541479 23.000193 
52.584700 24.000193 
52.625910 25.000193 
52.665076 26.000193 
52.703266 27.000193 
52.740474 28.000193 
52.775658 29.000193 
52.809873 30.000193 
52.843109 31.000191 
52.875317 32.000191 
52.906528 33.000191 
52.936731 34.000191 
52.965947 35.000191 
52.994197 36.000191 
53.021471 37.000191 
53.048672 38.000191 
53.074868 39.000191 
53.100085 40.000191 
53.124272 41.000191 
53.148519 42.000191 
53.171716 43.000191 
53.194945 44.000191 
53.217236 45.000191 
53.239495 46.000191 
53.260654 47.000191 
53.281842 48.000191 
53.302130 49.000195 
53.322383 50.000195 
53.341585 51.000195 
53.360775 52.000195 
53.379981 53.000195 
53.398183 54.000195 
53.416365 55.000198 
53.434555 56.000195 
53.451744 57.000195 
53.468951 58.000195 
53.486139 59.000195 
53.502338 60.000195 
53.518520 61.000195 
53.534759 62.000191 
53.551010 63.000191 
53.566194 64.000191 
53.581410 65.000191 
53.596619 66.000191 
53.611841 67.000191 
53.626044 68.000191 
53.640242 69.000191 
53.654409 70.000191 
53.668598 71.000191 
53.682801 72.000191 
53.695979 73.000191 
53.709171 74.000191 
53.722411 75.000191 
53.735624 76.000191 
53.748832 77.000191 
53.761046 78.000191 
53.773222 79.000191 
53.785502 80.000191 
53.797677 81.000191 
53.809874 82.000191 
53.822092 83.000191 
53.834345 84.000191 
53.845543 85.000191 
53.856833 86.000191 
53.868180 87.000191 
53.879384 88.000191 
53.901707 89.000191 
53.912900 90.000191 
53.924050 91.000191 
53.934253 92.000191 
53.944464 93.000191 
53.954669 94.000191 
53.964880 95.000191 
53.975088 96.000191 
53.985265 97.000191 
53.995488 98.000191 
54.005720 99.000191 
54.015980 100.000191 
54.025162 101.000191 
54.034353 102.000191 
54.043562 103.000191 
54.052768 104.000191 
54.061993 105.000191 
54.071222 106.000183 
54.080422 107.000183 
54.089671 108.000175 
54.098899 109.000175 
54.108113 110.000175 
54.117338 111.000175 
54.126511 112.000175 
54.134696 113.000175 
54.142892 114.000175 
54.151095 115.000175 
54.159288 116.000168 
54.167467 117.000168 
54.175682 118.000160 
54.183907 119.000160 
54.192075 120.000153 
54.200259 121.000160 
54.208440 122.000160 
54.216649 123.000160 
54.224826 124.000160 
54.233022 125.000160 
54.240194 126.000160 
54.247367 127.000160 
54.254530 128.000153 
54.261740 129.000153 
54.268934 130.000153 
54.276098 131.000153 
54.283284 132.000153 
54.290518 133.000153 
54.297734 134.000153 
54.304939 135.000153 
54.312125 136.000153 
54.319305 137.000153 
54.326496 138.000153 
54.333732 139.000153 
54.340980 140.000153 
54.348145 141.000153 
54.355341 142.000153 
54.362580 143.000153 
54.369123 144.000153 
54.375300 145.000153 
54.381464 146.000153 
54.387661 147.000153 
54.393865 148.000153 
54.400052 149.000153 
54.406270 150.000153 
54.412510 151.000153 
54.418671 152.000153 
54.424830 153.000153 
54.431020 154.000153 
54.437243 155.000153 
54.443431 156.000153 
54.449606 157.000153 
54.455772 158.000153 
54.461942 159.000153 
54.468129 160.000153 
54.474350 161.000153 
54.480545 162.000153 
54.486734 163.000153 
54.492953 164.000153 
54.499121 165.000153 
54.511331 165.000153 
54.517538 165.000153 
54.523723 164.000153 
54.529926 163.000153 
54.536102 162.000153 
54.542293 161.000153 
54.548488 160.000153 
54.554700 159.000153 
54.560920 158.000153 
54.567086 157.000153 
54.573274 156.000153 
54.579478 155.000153 
54.585711 154.000153 
54.591952 153.000153 
54.598186 152.000153 
54.604402 151.000153 
54.610657 150.000153 
54.616857 149.000153 
54.623056 148.000153 
54.629396 147.000153 
54.635626 146.000153 
54.641792 145.000153 
54.647971 144.000153 
54.654191 143.000153 
54.660402 142.000153 
54.667613 141.000153 
54.674790 140.000153 
54.681979 139.000153 
54.689206 138.000153 
54.696568 137.000153 
54.703803 136.000153 
54.710941 135.000153 
54.718062 134.000153 
54.725261 133.000153 
54.732504 132.000153 
54.739740 131.000153 
54.746959 130.000153 
54.754131 129.000153 
54.761353 128.000153 
54.768543 127.000153 
54.775738 126.000153 
54.782923 125.000153 
54.790101 124.000145 
54.798283 123.000145 
54.806470 122.000145 
54.814650 121.000145 
54.822835 120.000145 
54.831006 119.000153 
54.839202 118.000153 
54.847429 117.000160 
54.855632 116.000160 
54.863818 115.000168 
54.872053 114.000160 
54.880263 113.000168 
54.888492 112.000168 
54.896681 111.000175 
54.905904 110.000175 
54.915110 109.000175 
54.924300 108.000175 
54.933466 107.000168 
54.942688 106.000168 
54.951905 105.000168 
54.961095 104.000168 
54.970301 103.000168 
54.979520 102.000168 
54.988781 101.000168 
54.998011 100.000175 
55.007201 99.000175 
55.017368 98.000175 
55.027604 97.000175 
55.037850 96.000175 
55.048061 95.000175 
55.058239 94.000175 
55.068444 93.000183 
55.078639 92.000183 
55.088893 91.000183 
55.099136 90.000183 
55.110332 89.000183 
55.121515 88.000183 
55.132761 87.000183 
55.143976 86.000183 
55.155183 85.000183 
55.166411 84.000183 
55.177619 83.000183 
55.189829 82.000183 
55.202024 81.000183 
55.214451 80.000183 
55.226649 79.000183 
55.238864 78.000183 
55.251112 77.000183 
55.263299 76.000183 
55.276501 75.000183 
55.289705 74.000183 
55.302921 73.000183 
55.316145 72.000183 
55.329449 71.000183 
55.343680 70.000183 
55.357880 69.000183 
55.372092 68.000183 
55.386354 67.000183 
55.400573 66.000183 
55.415792 65.000183 
55.431003 64.000183 
55.446189 63.000183 
55.461421 62.000183 
55.477664 61.000187 
55.493856 60.000187 
55.510069 59.000187 
55.526278 58.000187 
55.543505 57.000187 
55.560710 56.000191 
55.577921 55.000191 
55.596686 54.000191 
55.614909 53.000191 
55.633154 52.000187 
55.652420 51.000187 
55.671636 50.000187 
55.690815 49.000187 
55.711043 48.000187 
55.731320 47.000191 
55.752595 46.000191 
55.773861 45.000191 
55.796095 44.000191 
55.818316 43.000191 
55.841569 42.000191 
55.864879 41.000191 
55.889194 40.000191 
55.913477 39.000191 
55.938897 38.000191 
55.965207 37.000191 
55.992402 36.000191 
56.019592 35.000191 
56.047789 34.000191 
56.076987 33.000191 
56.107179 32.000191 
56.138378 31.000191 
56.170542 30.000191 
56.203753 29.000191 
56.237965 28.000191 
56.273177 27.000193 
56.310401 26.000193 
56.348598 25.000193 
56.387837 24.000193 
56.429078 23.000193 
56.472323 22.000193 
56.517573 21.000193 
56.564814 20.000193 
56.614015 19.000193 
56.666208 18.000193 
56.721359 17.000193 
56.779548 16.000193 
56.841745 15.000193 
56.907977 14.000193 
56.979177 13.000193 
57.055422 12.000193 
57.138678 11.000193 
57.228873 10.000193 
57.328082 9.000193 
57.439280 8.000193 
57.563481 7.000193 
57.705688 6.000193 
57.871965 5.000193 
58.071183 4.000193 
58.320402 3.000193 
58.653603 2.000193 
59.152811 1.000193 
60.152001 0.000193 
61.151218 1.000193 
62.150498 2.000193 
62.649683 3.000193 
62.982869 4.000193 
63.232054 5.000193 
63.431282 6.000193 
63.597498 7.000193 
63.739685 8.000193 
63.863896 9.000193 
63.975085 10.000193 
64.074288 11.000193 
64.164495 12.000193 
64.247705 13.000193 
64.323871 14.000193 
64.395065 15.000193 
64.461274 16.000193 
64.523473 17.000193 
64.581678 18.000193 
64.636875 19.000193 
64.689087 20.000193 
64.738249 21.000193 
64.785466 22.000193 
64.830672 23.000193 
64.873870 24.000193 
64.915065 25.000193 
64.954281 26.000193 
64.992501 27.000193 
65.029711 28.000193 
65.064915 29.000193 
65.099144 30.000193 
65.132382 31.000191 
65.164612 32.000191 
65.195894 33.000191 
65.226171 34.000191 
65.255376 35.000191 
65.283657 36.000191 
65.310861 37.000191 
65.338044 38.000191 
65.364282 39.000191 
65.389580 40.000191 
65.413795 41.000191 
65.437987 42.000191 
65.461181 43.000191 
65.484385 44.000191 
65.506603 45.000191 
65.528928 47.000191 
65.572074 47.000191 
65.593347 48.000191 
65.613597 49.000195 
65.633807 50.000195 
65.653029 51.000195 
65.672226 52.000195 
65.691419 53.000195 
65.709607 54.000195 
65.727810 55.000198 
65.746003 56.000195 
65.763207 57.000195 
65.780411 58.000195 
65.797597 59.000195 
65.813781 60.000195 
65.829984 61.000195 
65.846257 62.000191 
65.862490 63.000191 
65.877741 64.000191 
65.892928 65.000191 
65.908117 66.000191 
65.923321 67.000191 
65.937541 68.000191 
65.951750 69.000191 
65.965948 70.000191 
65.980104 71.000191 
65.994291 72.000191 
66.007491 73.000191 
66.020711 74.000191 
66.033871 75.000191 
66.047048 76.000191 
66.060285 77.000191 
66.072483 78.000191 
66.084702 79.000191 
66.096958 80.000191 
66.109164 81.000191 
66.121350 82.000191 
66.133573 83.000191 
66.145735 84.000191 
66.156926 85.000191 
66.168131 86.000191 
66.179317 87.000191 
66.190516 88.000191 
66.201737 89.000191 
66.212980 90.000191 
66.224166 91.000191 
66.234363 92.000191 
66.244568 93.000191 
66.254770 94.000191 
66.265011 95.000191 
66.275269 96.000191 
66.285499 97.000191 
66.295670 98.000191 
66.305867 99.000191 
66.316082 100.000191 
66.325234 101.000191 
66.334450 102.000191 
66.343661 103.000191 
66.352858 104.000191 
66.362083 105.000191 
66.371265 106.000183 
66.380436 107.000183 
66.389611 108.000175 
66.398798 109.000175 
66.407989 110.000175 
66.417166 111.000175 
66.426334 112.000175 
66.434565 113.000175 
66.442811 114.000175 
66.450997 115.000175 
66.459201 116.000168 
66.467384 117.000168 
66.475578 118.000160 
66.483779 119.000160 
66.491962 120.000153 
66.500135 121.000160 
66.508293 122.000160 
66.516488 123.000160 
66.524722 124.000160 
66.532961 125.000160 
66.540168 126.000160 
66.547365 127.000160 
66.554556 128.000153 
66.561751 129.000153 
66.568944 130.000153 
66.576187 131.000153 
66.583366 132.000153 
66.591067 133.000153 
66.598275 134.000153 
66.605462 135.000153 
66.612650 136.000153 
66.619862 137.000153 
66.627060 138.000153 
66.634298 139.000153 
66.641484 140.000153 
66.648658 141.000153 
66.656023 143.000153 
66.669227 143.000153 
66.675464 144.000153 
66.681702 145.000153 
66.687896 146.000153 
66.694151 147.000153 
66.700340 148.000153 
66.706546 149.000153 
66.712775 150.000153 
66.718934 151.000153 
66.725097 152.000153 
66.731284 153.000153 
66.737494 154.000153 
66.743675 155.000153 
66.749896 156.000153 
66.756141 157.000153 
66.762329 158.000153 
66.768504 159.000153 
66.774692 160.000153 
66.780877 161.000153 
66.787105 162.000153 
66.793347 163.000153 
66.799532 164.000153 
66.805687 165.000153 
66.811899 166.000153 
66.818095 166.000153 
66.824317 165.000153 
66.830559 164.000153 
66.836739 163.000153 
66.842931 162.000153 
66.849098 161.000153 
66.855304 160.000153 
66.861523 159.000153 
66.867722 158.000153 
66.873844 157.000153 
66.880026 156.000153 
66.886242 155.000153 
66.892449 154.000153 
66.898646 153.000153 
66.904864 152.000153 
66.911036 151.000153 
66.917208 150.000153 
66.923413 149.000153 
66.929623 148.000153 
66.935827 147.000153 
66.942007 146.000153 
66.948166 145.000153 
66.954309 144.000153 
66.960538 143.000153 
66.966732 142.000153 
66.973913 141.000153 
66.981126 140.000153 
66.988300 139.000153 
66.995841 138.000153 
67.003058 137.000153 
67.010264 136.000153 
67.017395 135.000153 
67.024574 134.000153 
67.031772 133.000153 
67.038972 132.000153 
67.046245 131.000153 
67.053435 130.000153 
67.060587 129.000153 
67.067739 128.000153 
67.074924 127.000153 
67.082111 126.000153 
67.089275 125.000153 
67.096530 124.000145 
67.104788 123.000145 
67.112989 122.000145 
67.121181 121.000145 
67.129365 120.000145 
67.137545 119.000153 
67.145756 118.000153 
67.153991 117.000160 
67.162253 116.000160 
67.170438 115.000168 
67.178648 114.000160 
67.186837 113.000168 
67.195041 112.000168 
67.203236 111.000175 
67.212440 110.000175 
67.221661 109.000175 
67.230867 108.000175 
67.240065 107.000168 
67.249262 106.000168 
67.258476 105.000168 
67.267671 104.000168 
67.276852 103.000168 
67.286057 102.000168 
67.295288 101.000168 
67.304457 100.000175 
67.313686 99.000175 
67.323881 98.000175 
67.334083 97.000175 
67.344289 96.000175 
67.354513 95.000175 
67.364753 94.000175 
67.374975 93.000183 
67.385172 92.000183 
67.395466 90.000183 
67.416641 90.000183 
67.427813 89.000183 
67.438997 88.000183 
67.450206 87.000183 
67.461344 86.000183 
67.472546 85.000183 
67.483788 84.000183 
67.495011 83.000183 
67.507573 82.000183 
67.519804 81.000183 
67.532009 80.000183 
67.544220 79.000183 
67.556459 78.000183 
67.568715 77.000183 
67.580920 76.000183 
67.594147 75.000183 
67.607339 74.000183 
67.620562 73.000183 
67.633788 72.000183 
67.646981 71.000183 
67.661209 70.000183 
67.675433 69.000183 
67.689672 68.000183 
67.703816 67.000183 
67.718020 66.000183 
67.733231 65.000183 
67.748426 64.000183 
67.763632 63.000183 
67.778878 62.000183 
67.795065 61.000187 
67.811276 60.000187 
67.827474 59.000187 
67.843642 58.000187 
67.860791 57.000187 
67.877998 56.000191 
67.895184 55.000191 
67.913383 54.000191 
67.931579 53.000191 
67.949790 52.000187 
67.969006 51.000187 
67.988206 50.000187 
68.007407 49.000187 
68.027599 48.000187 
68.047802 47.000191 
68.069039 46.000191 
68.090280 45.000191 
68.112483 44.000191 
68.134707 43.000191 
68.157990 42.000191 
68.181181 41.000191 
68.205380 40.000191 
68.229598 39.000191 
68.254818 38.000191 
68.281044 37.000191 
68.308335 36.000191 
68.335552 35.000191 
68.363751 34.000191 
68.393049 33.000191 
68.423361 32.000191 
68.454563 31.000191 
68.486807 30.000191 
68.520008 29.000191 
68.554257 28.000191 
68.589525 27.000193 
68.626825 26.000193 
68.665111 25.000193 
68.704345 24.000193 
68.745583 23.000193 
68.788788 22.000193 
68.833980 21.000193 
68.881177 20.000193 
68.930388 19.000193 
68.982579 18.000193 
69.037772 17.000193 
69.095983 16.000193 
69.158187 15.000193 
69.224398 14.000193 
69.295580 13.000193 
69.371777 12.000193 
69.454968 11.000193 
69.545127 10.000193 
69.644316 9.000193 
69.755508 8.000193 
69.879700 7.000193 
70.021903 6.000193 
70.188111 5.000193 
70.387305 4.000193 
70.636520 3.000193 
70.969718 2.000193 
71.468907 1.000193 
72.468124 0.000193 
73.467370 1.000193 
74.466606 2.000193 
74.965819 3.000193 
75.299005 4.000193 
75.548212 5.000193 
75.747427 6.000193 
75.913646 7.000193 
76.055860 8.000193 
76.180096 9.000193 
76.291345 10.000193 
76.390511 11.000193 
76.480725 12.000193 
76.563911 13.000193 
76.640125 14.000193 
76.711363 15.000193 
76.777576 16.000193 
76.839788 17.000193 
76.897976 18.000193 
76.953171 19.000193 
77.005360 20.000193 
77.054549 21.000193 
77.101747 22.000193 
77.146944 23.000193 
77.190164 24.000193 
77.231370 25.000193 
77.270560 26.000193 
77.308738 27.000193 
77.345891 28.000193 
77.381076 29.000193 
77.415316 30.000193 
77.448517 31.000191 
77.480716 32.000191 
77.511932 33.000191 
77.542129 34.000191 
77.571332 35.000191 
77.599531 36.000191 
77.626711 37.000191 
77.653913 38.000191 
77.680112 39.000191 
77.705317 40.000191 
77.729536 41.000191 
77.753823 42.000191 
77.777017 43.000191 
77.800235 44.000191 
77.822472 45.000191 
77.844673 46.000191 
77.865865 47.000191 
77.887089 48.000191 
77.907315 49.000195 
77.927502 50.000195 
77.946671 51.000195 
77.965880 52.000195 
77.985081 53.000195 
78.003278 54.000195 
78.021476 55.000198 
78.039679 56.000195 
78.056865 57.000195 
78.074061 58.000195 
78.091261 59.000195 
78.107464 60.000195 
78.123603 61.000195 
78.139782 62.000191 
78.155958 63.000191 
78.171145 64.000191 
78.186320 65.000191 
78.201550 66.000191 
78.216841 67.000191 
78.231046 68.000191 
78.245277 69.000191 
78.259443 70.000191 
78.273659 71.000191 
78.287834 72.000191 
78.301077 73.000191 
78.314340 74.000191 
78.327513 75.000191 
78.340716 76.000191 
78.353895 77.000191 
78.366108 78.000191 
78.378285 79.000191 
78.390462 80.000191 
78.402669 81.000191 
78.414935 82.000191 
78.427132 83.000191 
78.439331 84.000191 
78.450462 85.000191 
78.461679 86.000191 
78.472880 87.000191 
78.484080 88.000191 
78.495274 89.000191 
78.506477 90.000191 
78.517676 91.000191 
78.527862 92.000191 
78.538058 93.000191 
78.548239 94.000191 
78.558412 95.000191 
78.568641 96.000191 
78.578917 97.000191 
78.589137 98.000191 
78.599406 99.000191 
78.609610 100.000191 
78.618792 101.000191 
78.627993 102.000191 
78.637211 103.000191 
78.646392 104.000191 
78.655543 105.000191 
78.664745 106.000183 
78.673962 107.000183 
78.683131 108.000175 
78.692291 109.000175 
78.701488 110.000175 
78.710705 111.000175 
78.719867 112.000175 
78.728035 113.000175 
78.736229 114.000175 
78.744433 115.000175 
78.752619 116.000168 
78.760821 117.000168 
78.769029 118.000160 
78.777262 119.000160 
78.785436 120.000153 
78.793607 121.000160 
78.801812 122.000160 
78.810017 123.000160 
78.818212 124.000160 
78.826397 125.000160 
78.833594 126.000160 
78.840845 127.000160 
78.848084 128.000153 
78.855263 129.000153 
78.862433 130.000153 
78.869635 131.000153 
78.876981 132.000153 
78.884157 133.000153 
78.891334 134.000153 
78.898495 135.000153 
78.905724 136.000153 
78.913026 137.000153 
78.920216 138.000153 
78.927395 139.000153 
78.934578 140.000153 
78.941815 141.000153 
78.949000 142.000153 
78.956188 143.000153 
78.962396 144.000153 
78.968553 145.000153 
78.980790 146.000153 
78.986974 147.000153 
78.993120 148.000153 
78.999277 149.000153 
79.005568 150.000153 
79.011776 151.000153 
79.017984 152.000153 
79.024153 153.000153 
79.030334 154.000153 
79.036514 155.000153 
79.042705 156.000153 
79.048917 157.000153 
79.055095 158.000153 
79.061265 159.000153 
79.067445 160.000153 
79.073661 161.000153 
79.079869 162.000153 
79.092118 163.000153 
79.098255 164.000153 
79.104439 165.000153 
79.110732 166.000153 
79.116954 166.000153 
79.123145 165.000153 
79.129324 164.000153 
79.135511 163.000153 
79.141682 162.000153 
79.147891 161.000153 
79.154056 160.000153 
79.160199 159.000153 
79.166306 158.000153 
79.172465 157.000153 
79.178666 156.000153 
79.184877 155.000153 
79.191011 154.000153 
79.197187 153.000153 
79.203380 152.000153 
79.209563 151.000153 
79.215774 150.000153 
79.221968 149.000153 
79.228137 148.000153 
79.234314 147.000153 
79.240493 146.000153 
79.246687 145.000153 
79.252905 144.000153 
79.259074 143.000153 
79.265226 142.000153 
79.272382 141.000153 
79.279542 140.000153 
79.286743 139.000153 
79.293917 138.000153 
79.301106 137.000153 
79.308291 136.000153 
79.315514 135.000153 
79.322787 134.000153 
79.329955 133.000153 
79.337148 132.000153 
79.351774 131.000153 
79.359046 130.000153 
79.366215 129.000153 
79.373377 128.000153 
79.380576 127.000153 
79.387807 126.000153 
79.394983 125.000153 
79.402164 124.000145 
79.410338 123.000145 
79.418547 122.000145 
79.426826 121.000145 
79.435004 120.000145 
79.443189 119.000153 
79.451390 118.000153 
79.459562 117.000160 
79.467756 116.000160 
79.475949 115.000168 
79.484143 114.000160 
79.492394 113.000168 
79.500576 112.000168 
79.508762 111.000175 
79.517967 110.000175 
79.527203 109.000175 
79.536364 108.000175 
79.545551 107.000168 
79.554723 106.000168 
79.563914 105.000168 
79.573102 104.000168 
79.582298 103.000168 
79.591467 102.000168 
79.600667 101.000168 
79.609858 100.000175 
79.619061 99.000175 
79.629295 98.000175 
79.639481 97.000175 
79.649725 96.000175 
79.659965 95.000175 
79.670209 94.000175 
79.680432 93.000183 
79.690687 92.000183 
79.700948 91.000183 
79.711081 90.000183 
79.722288 89.000183 
79.733472 88.000183 
79.744692 87.000183 
79.755931 86.000183 
79.767211 85.000183 
79.778464 84.000183 
79.789682 83.000183 
79.801940 82.000183 
79.814223 81.000183 
79.826410 80.000183 
79.838586 79.000183 
79.850813 78.000183 
79.863066 77.000183 
79.875252 76.000183 
79.888448 75.000183 
79.901670 74.000183 
79.914885 73.000183 
79.928103 72.000183 
79.941310 71.000183 
79.955515 70.000183 
79.969695 69.000183 
79.983892 68.000183 
79.998108 67.000183 
80.012312 66.000183 
80.027514 65.000183 
80.042699 64.000183 
80.057906 63.000183 
80.073113 62.000183 
80.089373 61.000187 
80.105640 60.000187 
80.121880 59.000187 
80.138138 58.000187 
80.155577 57.000187 
80.172798 56.000191 
80.190033 55.000191 
80.208288 54.000191 
80.226471 53.000191 
80.244692 52.000187 
80.263955 51.000187 
80.283292 50.000187 
80.302585 49.000187 
80.322861 48.000187 
80.343066 47.000191 
80.364225 46.000191 
80.385438 45.000191 
80.407658 44.000191 
80.429866 43.000191 
80.453092 42.000191 
80.476290 41.000191 
80.500537 40.000191 
80.524830 39.000191 
80.550018 38.000191 
80.576232 37.000191 
80.603448 36.000191 
80.630649 35.000191 
80.658850 34.000191 
80.688080 33.000191 
80.718286 32.000191 
80.749513 31.000191 
80.781764 30.000191 
80.814992 29.000191 
80.849207 28.000191 
80.884420 27.000193 
80.921631 26.000193 
80.959844 25.000193 
80.999003 24.000193 
81.040197 23.000193 
81.083403 22.000193 
81.128609 21.000193 
81.175794 20.000193 
81.224994 19.000193 
81.277213 18.000193 
81.332419 17.000193 
81.390636 16.000193 
81.452958 14.000193 
81.586145 14.000193 
81.657363 13.000193 
81.733576 12.000193 
81.816787 11.000193 
81.906983 10.000193 
82.006143 9.000193 
82.117326 8.000193 
82.241519 7.000193 
82.383708 6.000193 
82.549904 5.000193 
82.749117 4.000193 
82.998307 3.000193 
83.331517 2.000193 
83.830709 1.000193 
84.829909 0.000193 
85.829156 1.000193 
86.828347 2.000193 
87.327542 3.000193 
87.660735 4.000193 
87.909887 5.000193 
88.109080 6.000193 
88.275296 7.000193 
88.417489 8.000193 
88.541699 9.000193 
88.652894 10.000193 
88.752047 11.000193 
88.842235 12.000193 
88.925441 13.000193 
89.001661 14.000193 
89.072848 15.000193 
89.139033 16.000193 
89.201218 17.000193 
89.259438 18.000193 
89.314660 19.000193 
89.366867 20.000193 
89.416106 21.000193 
89.463344 22.000193 
89.508549 23.000193 
89.551744 24.000193 
89.592937 25.000193 
89.632091 26.000193 
89.670317 27.000193 
89.707566 28.000193 
89.742766 29.000193 
89.776977 30.000193 
89.810175 31.000191 
89.842377 32.000191 
89.873548 33.000191 
89.903741 34.000191 
89.932945 35.000191 
89.961147 36.000191 
89.988371 37.000191 
90.015607 38.000191 
90.041798 39.000191 
90.066979 40.000191 
90.091180 41.000191 
90.115412 42.000191 
90.138729 43.000191 
90.162007 44.000191 
90.184228 45.000191 
90.206411 46.000191 
90.227608 47.000191 
90.248820 48.000191 
90.269023 49.000195 
90.308304 50.000195 
90.327566 51.000195 
90.346819 52.000195 
90.366041 53.000195 
90.384237 54.000195 
90.402436 55.000198 
90.420653 56.000195 
90.437887 57.000195 
90.455092 58.000195 
90.472270 59.000195 
90.488493 60.000195 
90.504683 61.000195 
90.520879 62.000191 
90.537098 63.000191 
90.552300 64.000191 
90.567510 65.000191 
90.582695 66.000191 
90.597878 67.000191 
90.612074 68.000191 
90.626284 69.000191 
90.640522 70.000191 
90.654737 71.000191 
90.668989 72.000191 
90.682155 73.000191 
90.695338 74.000191 
90.708524 75.000191 
90.721689 76.000191 
90.734892 77.000191 
90.747092 78.000191 
90.759336 79.000191 
90.771529 80.000191 
90.783712 81.000191 
90.795932 82.000191 
90.808122 83.000191 
90.820333 84.000191 
90.831574 85.000191 
90.842794 86.000191 
90.853980 87.000191 
90.865160 88.000191 
90.876388 89.000191 
90.887572 90.000191 
90.898778 91.000191 
90.908970 92.000191 
90.919135 93.000191 
90.929360 94.000191 
90.939624 95.000191 
90.949792 96.000191 
90.959986 97.000191 
90.970216 98.000191 
90.980409 99.000191 
90.990606 100.000191 
90.999808 101.000191 
91.008994 102.000191 
91.018168 103.000191 
91.027356 104.000191 
91.036582 105.000191 
91.045759 106.000183 
91.054943 107.000183 
91.064126 108.000175 
91.073396 109.000175 
91.082583 110.000175 
91.091774 111.000175 
91.100980 112.000175 
91.109204 113.000175 
91.117467 114.000175 
91.125680 115.000175 
91.133882 116.000168 
91.142074 117.000168 
91.150242 118.000160 
91.158426 119.000160 
91.166634 120.000153 
91.174810 121.000160 
91.183000 122.000160 
91.191182 123.000160 
91.199385 124.000160 
91.207571 125.000160 
91.214763 126.000160 
91.221944 127.000160 
91.229126 128.000153 
91.236430 129.000153 
91.243707 130.000153 
91.250856 131.000153 
91.265111 132.000153 
91.272288 133.000153 
91.279466 134.000153 
91.286645 135.000153 
91.293822 136.000153 
91.301014 137.000153 
91.308281 138.000153 
91.315454 139.000153 
91.322636 140.000153 
91.329805 141.000153 
91.337018 142.000153 
91.344192 143.000153 
91.350352 144.000153 
91.356551 145.000153 
91.368785 146.000153 
91.374991 147.000153 
91.381216 148.000153 
91.387396 149.000153 
91.393592 150.000153 
91.399865 151.000153 
91.406141 152.000153 
91.412327 153.000153 
91.418457 154.000153 
91.424634 155.000153 
91.430858 156.000153 
91.437133 157.000153 
91.443298 158.000153 
91.449480 159.000153 
91.455711 160.000153 
91.461901 161.000153 
91.468095 162.000153 
91.474326 163.000153 
91.480498 164.000153 
91.486675 165.000153 
91.492850 165.000153 
91.499035 164.000153 
91.505241 163.000153 
91.511429 162.000153 
91.517591 161.000153 
91.523762 160.000153 
91.529943 159.000153 
91.536138 158.000153 
91.542354 157.000153 
91.548489 156.000153 
91.560700 155.000153 
91.566892 154.000153 
91.573114 153.000153 
91.579279 152.000153 
91.585441 151.000153 
91.591602 150.000153 
91.597794 149.000153 
91.604022 148.000153 
91.610219 147.000153 
91.616411 146.000153 
91.628641 145.000153 
91.634840 144.000153 
91.641073 143.000153 
91.647228 142.000153 
91.654407 141.000153 
91.661664 140.000153 
91.668851 139.000153 
91.676061 138.000153 
91.683252 137.000153 
91.690481 136.000153 
91.697741 135.000153 
91.704951 134.000153 
91.712142 133.000153 
91.719310 132.000153 
91.726473 131.000153 
91.740693 130.000153 
91.747881 129.000153 
91.755056 128.000153 
91.762258 127.000153 
91.769471 126.000153 
91.776707 125.000153 
91.783893 124.000145 
91.799184 123.000145 
91.807405 122.000145 
91.815847 121.000145 
91.824056 120.000145 
91.832268 119.000153 
91.840511 118.000153 
91.848787 117.000160 
91.856973 116.000160 
91.865183 115.000168 
91.873389 114.000160 
91.881587 113.000168 
91.889766 112.000168 
91.897987 111.000175 
91.907214 110.000175 
91.916398 109.000175 
91.925713 108.000175 
91.934934 107.000168 
91.944132 106.000168 
91.953350 105.000168 
91.962642 104.000168 
91.971881 103.000168 
91.981119 102.000168 
91.990303 101.000168 
91.999509 100.000175 
92.008756 99.000175 
92.018939 98.000175 
92.029142 97.000175 
92.039344 96.000175 
92.049542 95.000175 
92.059745 94.000175 
92.069896 93.000183 
92.080084 92.000183 
92.090218 91.000183 
92.100452 90.000183 
92.111698 89.000183 
92.122873 88.000183 
92.134080 87.000183 
92.145263 86.000183 
92.156431 85.000183 
92.167575 84.000183 
92.178752 83.000183 
92.190940 82.000183 
92.203163 81.000183 
92.215366 80.000183 
92.227551 79.000183 
92.239800 78.000183 
92.251980 77.000183 
92.264215 76.000183 
92.277491 75.000183 
92.290695 74.000183 
92.303994 73.000183 
92.317241 72.000183 
92.330436 71.000183 
92.344651 70.000183 
92.358847 69.000183 
92.373076 68.000183 
92.387279 67.000183 
92.401484 66.000183 
92.416707 65.000183 
92.431976 64.000183 
92.447193 63.000183 
92.462433 62.000183 
92.478690 61.000187 
92.494922 60.000187 
92.511187 59.000187 
92.527426 58.000187 
92.544670 57.000187 
92.561866 56.000191 
92.579079 55.000191 
92.597324 54.000191 
92.615631 53.000191 
92.633806 52.000187 
92.653010 51.000187 
92.672174 50.000187 
92.691384 49.000187 
92.711614 48.000187 
92.731856 47.000191 
92.753047 46.000191 
92.774263 45.000191 
92.796472 44.000191 
92.818663 43.000191 
92.841883 42.000191 
92.865109 41.000191 
92.889354 40.000191 
92.913551 39.000191 
92.938758 38.000191 
92.964987 37.000191 
92.992257 36.000191 
93.019464 35.000191 
93.047667 34.000191 
93.076881 33.000191 
93.107038 32.000191 
93.138233 31.000191 
93.170461 30.000191 
93.203672 29.000191 
93.237858 28.000191 
93.273063 27.000193 
93.310239 26.000193 
93.348433 25.000193 
93.387639 24.000193 
93.428832 23.000193 
93.472043 22.000193 
93.517199 21.000193 
93.564406 20.000193 
93.613563 19.000193 
93.665767 18.000193 
93.720959 17.000193 
93.779151 16.000193 
93.841357 15.000193 
93.907586 14.000193 
93.978787 13.000193 
94.054996 12.000193 
94.138184 11.000193 
94.228375 10.000193 
94.327646 9.000193 
94.438845 8.000193 
94.563029 7.000193 
94.705214 6.000193 
94.871382 5.000193 
95.070574 4.000193 
95.319771 3.000193 
95.652983 2.000193 
96.152171 1.000193 
97.151359 0.000193 
98.150582 1.000193 
99.149772 2.000193 
99.648979 3.000193 
99.982189 4.000193 
100.231394 5.000193 
100.430591 6.000193 
100.596783 7.000193 
100.738993 8.000193 
100.863194 9.000193 
100.974390 10.000193 
101.073594 11.000193 
101.163781 12.000193 
101.246965 13.000193 
101.323153 14.000193 
101.394341 15.000193 
101.460528 16.000193 
101.522714 17.000193 
101.580901 18.000193 
101.636088 19.000193 
101.688276 20.000193 
101.737466 21.000193 
101.784650 22.000193 
101.829847 23.000193 
101.873088 24.000193 
101.914308 25.000193 
101.953543 26.000193 
101.991864 27.000193 
102.029067 28.000193 
102.064255 29.000193 
102.098458 30.000193 
102.131679 31.000191 
102.163874 32.000191 
102.195073 33.000191 
102.225286 34.000191 
102.254508 35.000191 
102.282699 36.000191 
102.309944 37.000191 
102.337163 38.000191 
102.363368 39.000191 
102.388572 40.000191 
102.412806 41.000191 
102.437077 42.000191 
102.460311 43.000191 
102.483581 44.000191 
102.505813 45.000191 
102.528035 46.000191 
102.549240 47.000191 
102.570442 48.000191 
102.590609 49.000195 
102.610843 50.000195 
102.630084 51.000195 
102.649281 52.000195 
102.668461 53.000195 
102.686661 54.000195 
102.705220 55.000198 
102.723440 56.000195 
102.740660 57.000195 
102.757870 58.000195 
102.775071 59.000195 
102.791329 60.000195 
102.807609 61.000195 
102.823811 62.000191 
102.840030 63.000191 
102.855320 64.000191 
102.870576 65.000191 
102.885828 66.000191 
102.901050 67.000191 
102.915256 68.000191 
102.929471 69.000191 
102.943741 70.000191 
102.957887 71.000191 
102.972110 72.000191 
102.985386 73.000191 
102.998581 74.000191 
103.011772 75.000191 
103.024956 76.000191 
103.038215 77.000191 
103.050489 78.000191 
103.062691 79.000191 
103.074888 80.000191 
103.087232 82.000191 
103.111446 82.000191 
103.123684 83.000191 
103.135965 84.000191 
103.147148 85.000191 
103.158316 86.000191 
103.169511 87.000191 
103.180749 88.000191 
103.191940 89.000191 
103.203102 90.000191 
103.214323 91.000191 
103.224493 92.000191 
103.234690 93.000191 
103.244917 94.000191 
103.255095 95.000191 
103.265209 96.000191 
103.275388 97.000191 
103.285560 98.000191 
103.295732 99.000191 
103.305925 100.000191 
103.315097 101.000191 
103.324300 102.000191 
103.333547 103.000191 
103.342834 104.000191 
103.352032 105.000191 
103.361220 106.000183 
103.370444 107.000183 
103.379706 108.000175 
103.388891 109.000175 
103.398054 110.000175 
103.407257 111.000175 
103.416497 112.000175 
103.424683 113.000175 
103.432871 114.000175 
103.441057 115.000175 
103.449257 116.000168 
103.457453 117.000168 
103.465668 118.000160 
103.473934 119.000160 
103.482161 120.000153 
103.490340 121.000160 
103.498516 122.000160 
103.506710 123.000160 
103.514866 124.000160 
103.522982 125.000160 
103.530160 126.000160 
103.537361 127.000160 
103.544580 128.000153 
103.551792 129.000153 
103.558988 130.000153 
103.566232 131.000153 
103.573402 132.000153 
103.580598 133.000153 
103.587838 134.000153 
103.595011 135.000153 
103.602187 136.000153 
103.609384 137.000153 
103.616564 138.000153 
103.623797 139.000153 
103.630932 140.000153 
103.638142 141.000153 
103.645386 142.000153 
103.652579 143.000153 
103.658780 144.000153 
103.664939 145.000153 
103.671176 146.000153 
103.677427 147.000153 
103.683624 148.000153 
103.689834 149.000153 
103.696053 150.000153 
103.702220 151.000153 
103.708388 152.000153 
103.714565 153.000153 
103.720788 154.000153 
103.727057 155.000153 
103.733230 156.000153 
103.739397 157.000153 
103.751642 158.000153 
103.757865 159.000153 
103.764027 160.000153 
103.770202 161.000153 
103.776365 162.000153 
103.782569 163.000153 
103.788787 164.000153 
103.794979 165.000153 
103.801176 166.000153 
103.807407 166.000153 
103.813605 165.000153 
103.819762 164.000153 
103.825960 163.000153 
103.832141 162.000153 
103.838310 161.000153 
103.844487 160.000153 
103.850683 159.000153 
103.856857 158.000153 
103.863031 157.000153 
103.869215 156.000153 
103.875387 155.000153 
103.881735 154.000153 
103.887978 153.000153 
103.894212 152.000153 
103.900407 151.000153 
103.906600 150.000153 
103.912775 149.000153 
103.918962 148.000153 
103.925182 147.000153 
103.931375 146.000153 
103.937559 145.000153 
103.943740 144.000153 
103.956022 143.000153 
103.962295 142.000153 
103.969467 141.000153 
103.976657 140.000153 
103.983871 139.000153 
103.991105 138.000153 
103.998294 137.000153 
104.012897 136.000153 
104.020092 135.000153 
104.027408 134.000153 
104.034559 133.000153 
104.041740 132.000153 
104.048944 131.000153 
104.056171 130.000153 
104.063403 129.000153 
104.070556 128.000153 
104.077717 127.000153 
104.084918 126.000153 
104.092125 125.000153 
104.099318 124.000145 
104.107495 123.000145 
104.115684 122.000145 
104.123888 121.000145 
104.132142 120.000145 
104.140373 119.000153 
104.148639 118.000153 
104.156856 117.000160 
104.165071 116.000160 
104.173203 115.000168 
104.181386 114.000160 
104.189571 113.000168 
104.197775 112.000168 
104.205963 111.000175 
104.215130 110.000175 
104.224349 109.000175 
104.233612 108.000175 
104.242783 107.000168 
104.251963 106.000168 
104.261279 104.000168 
104.279489 104.000168 
104.288713 103.000168 
104.297956 102.000168 
104.307137 101.000168 
104.316764 100.000175 
104.325973 99.000175 
104.336171 98.000175 
104.346358 97.000175 
104.356564 96.000175 
104.366794 95.000175 
104.376990 94.000175 
104.387154 93.000183 
104.397402 92.000183 
104.407690 91.000183 
104.417871 90.000183 
104.429060 89.000183 
104.440246 88.000183 
104.451421 87.000183 
104.462636 86.000183 
104.473897 85.000183 
104.485047 84.000183 
104.496237 83.000183 
104.508441 82.000183 
104.520627 81.000183 
104.532842 80.000183 
104.545053 79.000183 
104.557246 78.000183 
104.569438 77.000183 
104.581635 76.000183 
104.594843 75.000183 
104.608044 74.000183 
104.621281 73.000183 
104.634554 72.000183 
104.647764 71.000183 
104.661980 70.000183 
104.676171 69.000183 
104.690378 68.000183 
104.704568 67.000183 
104.718779 66.000183 
104.734020 65.000183 
104.749482 64.000183 
104.764719 63.000183 
104.779906 62.000183 
104.796080 61.000187 
104.812261 60.000187 
104.828466 59.000187 
104.844646 58.000187 
104.861853 57.000187 
104.879053 56.000191 
104.896243 55.000191 
104.914448 54.000191 
104.932682 53.000191 
104.950901 52.000187 
104.970116 51.000187 
104.989314 50.000187 
105.008533 49.000187 
105.028687 48.000187 
105.048983 47.000191 
105.070254 46.000191 
105.091460 45.000191 
105.113687 44.000191 
105.135908 43.000191 
105.159109 42.000191 
105.182329 41.000191 
105.206547 40.000191 
105.230743 39.000191 
105.255956 38.000191 
105.282237 37.000191 
105.335595 36.000191 
105.362813 35.000191 
105.391005 34.000191 
105.420189 33.000191 
105.450407 32.000191 
105.481611 31.000191 
105.513822 30.000191 
105.547035 29.000191 
105.581253 28.000191 
105.616467 27.000193 
105.653676 26.000193 
105.691881 25.000193 
105.731085 24.000193 
105.772308 23.000193 
105.815511 22.000193 
105.860715 21.000193 
105.907889 20.000193 
105.957091 19.000193 
106.009292 18.000193 
106.064506 17.000193 
106.122698 16.000193 
106.184924 15.000193 
106.251141 14.000193 
106.322342 13.000193 
106.398557 12.000193 
106.481770 11.000193 
106.571961 10.000193 
106.671155 9.000193 
106.782372 8.000193 
106.906573 7.000193 
107.048784 6.000193 
107.214999 5.000193 
107.414203 4.000193 
107.663403 3.000193 
107.996597 2.000193 
108.495810 1.000193 
109.494996 0.000193 
110.494225 1.000193 
111.493433 2.000193 
111.992642 3.000193 
112.325838 4.000193 
112.575031 5.000193 
112.774243 6.000193 
112.940431 7.000193 
113.082640 8.000193 
113.206841 9.000193 
113.318056 10.000193 
113.417284 11.000193 
113.507534 12.000193 
113.590708 13.000193 
113.666917 14.000193 
113.738110 15.000193 
113.804319 16.000193 
113.866532 17.000193 
113.924790 18.000193 
113.979956 19.000193 
114.032161 20.000193 
114.081325 21.000193 
114.128516 22.000193 
114.173687 23.000193 
114.216904 24.000193 
114.258120 25.000193 
114.297308 26.000193 
114.335510 27.000193 
114.372701 28.000193 
114.407943 29.000193 
114.442139 30.000193 
114.475349 31.000191 
114.507558 32.000191 
114.538748 33.000191 
114.568949 34.000191 
114.598138 35.000191 
114.626343 36.000191 
114.653554 37.000191 
114.680852 38.000191 
114.707072 39.000191 
114.732262 40.000191 
114.756467 41.000191 
114.780713 42.000191 
114.803986 43.000191 
114.827211 44.000191 
114.849417 45.000191 
114.871638 46.000191 
114.892828 47.000191 
114.914055 48.000191 
114.934344 49.000195 
114.954548 50.000195 
114.973748 51.000195 
114.992944 52.000195 
115.012156 53.000195 
115.030375 54.000195 
115.048586 55.000198 
115.066780 56.000195 
115.083978 57.000195 
115.101239 58.000195 
115.118466 59.000195 
115.134670 60.000195 
115.150863 61.000195 
115.167045 62.000191 
115.183239 63.000191 
115.198436 64.000191 
115.213701 65.000191 
115.228977 66.000191 
115.244201 67.000191 
115.258454 68.000191 
115.272657 69.000191 
115.286870 70.000191 
115.301060 71.000191 
115.315246 72.000191 
115.328440 73.000191 
115.341675 74.000191 
115.354933 75.000191 
115.368136 76.000191 
115.381318 77.000191 
115.393535 78.000191 
115.405746 79.000191 
115.417980 80.000191 
115.430178 81.000191 
115.454444 82.000191 
115.466636 83.000191 
115.478857 84.000191 
115.490036 85.000191 
115.501216 86.000191 
115.512408 87.000191 
