0.000046 250 
0.090324 500 
0.120564 750 
0.139824 1000 
0.154038 1250 
0.165290 1500 
0.175489 1750 
0.184715 2000 
0.192921 2250 
0.200152 2500 
0.207379 2750 
0.213611 3000 
0.219793 3250 
0.226019 3500 
0.232204 3750 
0.238449 4000 
0.243653 4250 
0.248843 4500 
0.254078 4750 
0.259411 5000 
0.264525 5250 
0.269771 5500 
0.274944 5750 
0.280212 6000 
0.285405 6250 
0.290612 6500 
0.295878 6750 
0.301096 7000 
0.306316 7250 
0.311552 7500 
0.316774 7750 
0.322050 8000 
0.327208 8250 
0.332451 8500 
0.338727 8750 
0.344947 9000 
0.351201 9250 
0.357438 9500 
0.363639 9750 
0.369814 10000 
0.376072 10250 
0.382302 10500 
0.388537 10750 
0.394788 11000 
0.401026 11250 
0.407254 11500 
0.414458 11750 
0.421699 12000 
0.428946 12250 
0.436145 12500 
0.443360 12750 
0.450566 13000 
0.457802 13250 
0.465999 13500 
0.474166 13750 
0.482403 14000 
0.490691 14250 
0.498896 14500 
0.507155 14750 
0.516324 15000 
0.525547 15250 
0.534768 15500 
0.543997 15750 
0.553209 16000 
0.563435 16250 
0.573651 16500 
0.583852 16750 
0.595068 17000 
0.606300 17250 
0.617531 17500 
0.629735 17750 
0.641955 18000 
0.654187 18250 
0.667412 18500 
0.680628 18750 
0.694856 19000 
0.709089 19250 
0.724353 19500 
0.739599 19750 
0.755820 20000 
0.773010 20250 
0.790256 20500 
0.808515 20750 
0.827696 21000 
0.847891 21250 
0.869111 21500 
0.891335 21750 
0.914582 22000 
0.939826 22250 
0.967050 22500 
0.996316 22750 
1.027603 23000 
1.061874 23250 
1.100072 23500 
1.142344 23750 
1.189640 24000 
1.243857 24250 
1.306118 24500 
1.380374 24750 
1.472589 25000 
1.592881 25250 
1.765125 25500 
2.071262 24250 
2.377415 22000 
2.683569 19750 
3.191763 15750 
3.378920 14250 
3.460108 14000 
3.509308 13750 
3.545488 13750 
3.574662 13750 
3.598833 13750 
3.620011 13750 
3.639166 14000 
3.657318 14000 
3.673480 14250 
3.689643 14250 
3.704804 14250 
3.718978 14500 
3.733138 14750 
3.746308 14750 
3.759461 15000 
3.772625 15000 
3.785788 15250 
3.798914 15250 
3.812077 15500 
3.825254 15500 
3.837416 15750 
3.849567 16000 
3.861728 16000 
3.874874 16250 
3.888044 16250 
3.901222 16500 
3.914390 16500 
3.927559 16750 
3.940715 17000 
3.953870 17000 
3.967025 17250 
3.981187 17250 
3.995353 17500 
4.009532 17500 
4.023692 17750 
4.037849 17750 
4.053030 18000 
4.068180 18000 
4.083346 18250 
4.098505 18250 
4.114662 18500 
4.130817 18500 
4.146983 18750 
4.164153 18750 
4.181315 19000 
4.198541 19000 
4.216690 19000 
4.234850 19250 
4.254012 19250 
4.273167 19500 
4.293331 19500 
4.313500 19500 
4.333667 19750 
4.354826 19750 
4.376016 19750 
4.398177 19750 
4.420325 20000 
4.443499 20000 
4.466650 20000 
4.489798 20000 
4.512934 20250 
4.536104 20250 
4.560245 20250 
4.584417 20250 
4.609591 20250 
4.634752 20250 
4.660940 20500 
4.687103 20500 
4.714277 20500 
4.742444 20500 
4.770608 20500 
4.799771 20500 
4.828951 20500 
4.859110 20500 
4.889276 20500 
4.920447 20500 
4.951618 20500 
4.983785 20500 
5.015952 20500 
5.048117 20500 
5.080283 20500 
5.113447 20500 
5.146607 20250 
5.179763 20250 
5.213077 20500 
5.246094 20352 
5.279275 20352 
5.312437 20352 
5.345602 20352 
5.378718 20352 
5.411891 20352 
5.445052 20102 
5.478326 20352 
5.511426 20304 
5.544600 20304 
5.577770 20304 
5.610939 20304 
5.644110 20304 
5.677290 20304 
5.710500 20304 
5.743648 20304 
5.776799 20054 
5.809969 20054 
5.843151 20054 
5.875337 20054 
5.907513 20054 
5.939673 20054 
5.971838 20054 
6.004011 20054 
6.036171 20054 
6.067327 20054 
6.098494 20054 
6.129679 20054 
6.160838 20054 
6.191953 20054 
6.223136 20054 
6.254350 19804 
6.285531 19804 
6.316717 19804 
6.347125 20054 
6.377161 20136 
6.407298 19886 
6.437460 19886 
6.467650 19886 
6.497954 20136 
6.528035 20112 
6.558190 20112 
6.588370 20112 
6.618559 20112 
6.648716 20112 
6.678901 20112 
6.709067 20112 
6.739234 20112 
6.769389 20112 
6.799561 20112 
6.829733 20112 
6.860918 20112 
6.892193 20362 
6.923288 20112 
6.954447 20112 
6.985635 20112 
7.016895 20362 
7.047999 20112 
7.079171 20112 
7.110344 20112 
7.141651 20362 
7.172716 20242 
7.203889 20242 
7.235058 20242 
7.266217 20242 
7.298384 20242 
7.330553 20242 
7.362726 20242 
7.394986 20242 
7.427103 20194 
7.459286 20194 
7.491459 20194 
7.523619 20194 
7.555804 20194 
7.587985 20194 
7.620161 20194 
7.652324 20194 
7.684487 20194 
7.716674 20194 
7.748837 20194 
7.780990 20194 
7.813161 20194 
7.845334 19944 
7.877501 19944 
7.908787 20194 
7.939870 20098 
7.971048 20098 
8.002210 20098 
8.033393 20098 
8.064570 20098 
8.095715 20098 
8.126893 20098 
8.158050 20098 
8.189211 20098 
8.220383 20098 
8.251554 20098 
8.282708 20098 
8.313903 20098 
8.345051 20098 
8.376228 20098 
8.407381 20098 
8.438537 20098 
8.469699 20098 
8.500859 20098 
8.532023 20098 
8.563196 20098 
8.594362 19848 
8.625543 19848 
8.656940 20098 
8.687045 20204 
8.717245 20454 
8.747346 19954 
8.778517 19954 
8.809858 20204 
8.840927 20180 
8.872110 20180 
8.903269 20180 
8.934456 20180 
8.965618 20180 
8.996784 20180 
9.027941 20180 
9.090189 19930 
9.121316 19930 
9.152483 19930 
9.183659 19930 
9.214909 20180 
9.245032 19930 
9.276179 19930 
9.306329 19930 
9.336593 20180 
9.366712 19930 
9.396905 19930 
9.427078 19930 
9.457351 20180 
9.487480 19930 
9.517674 19930 
9.547853 19930 
9.578204 20180 
9.608311 20286 
9.638443 20036 
9.668615 20036 
9.698798 20036 
9.729071 20286 
9.759204 20036 
9.789381 20036 
9.819569 20036 
9.849823 20286 
9.879981 20036 
9.911184 20036 
9.942354 20036 
9.973598 20286 
10.003769 20036 
10.034975 19786 
10.066426 20036 
10.096508 20190 
10.126691 20440 
10.156831 19940 
10.188018 19940 
10.219376 20190 
10.249394 20166 
10.280560 20166 
10.311724 20166 
10.342891 20166 
10.374194 20416 
10.405295 20166 
10.436468 20166 
10.467681 20166 
10.498959 20416 
10.530058 20166 
10.562231 20166 
10.594398 20166 
10.625657 20416 
10.656768 20166 
10.688977 20166 
10.721143 20166 
10.753421 20416 
10.785545 19916 
10.817755 19916 
10.850190 20166 
10.881219 20296 
10.912341 20046 
10.943506 20046 
10.974672 20046 
11.005972 20296 
11.037043 20046 
11.068219 20046 
11.099402 20046 
11.130684 20296 
11.161774 20248 
11.192934 20248 
11.224106 20248 
11.255271 20248 
11.286426 20248 
11.318597 20248 
11.350768 20248 
11.382947 20248 
11.415186 20498 
11.447327 19998 
11.479497 19998 
11.511800 20248 
11.544554 20176 
11.576750 20176 
11.608952 20176 
11.641134 20176 
11.673316 20176 
11.705480 20176 
11.737643 20176 
11.769804 20176 
11.801947 20176 
11.834122 19926 
11.866288 19926 
11.897606 20176 
11.928687 20104 
11.959869 20104 
11.991029 20104 
12.022198 20104 
12.053377 20104 
12.084541 20104 
12.115709 20104 
12.146866 20104 
12.178039 20104 
12.209221 20104 
12.240399 20104 
12.271570 20104 
12.302770 20354 
12.333931 20104 
12.365109 20104 
12.396286 20104 
12.427564 20354 
12.458643 20104 
12.489807 20104 
12.520943 20104 
12.552214 20354 
12.583309 20104 
12.614479 19854 
12.645828 20104 
12.676915 20210 
12.708056 19960 
12.739220 19960 
12.770388 19960 
12.801633 20210 
12.832708 20186 
12.863881 20186 
12.895062 20186 
12.926233 20186 
12.957411 20186 
12.988582 20186 
13.019750 20186 
13.050926 20186 
13.082097 20186 
13.113273 20186 
13.144451 20186 
13.175574 20186 
13.206851 20436 
13.237966 20186 
13.270132 20186 
13.302289 20186 
13.334585 20436 
13.366678 19936 
13.398870 19936 
13.431246 20186 
13.462255 20066 
13.493445 20066 
13.524630 20066 
13.555795 20066 
13.587016 20316 
13.618142 20066 
13.649311 20066 
13.680471 20066 
13.711754 20316 
13.742828 20066 
13.774000 20066 
13.805188 20066 
13.836497 20316 
13.867569 20066 
13.898749 20066 
13.929933 20066 
13.961161 20316 
13.992251 20220 
14.023432 20220 
14.054598 19970 
14.085888 20220 
14.116972 20196 
14.148131 20196 
14.179292 20196 
14.210487 20196 
14.241652 20196 
14.272824 20196 
14.303998 20196 
14.335155 20196 
14.366342 20196 
14.397510 20196 
14.429681 20196 
14.461835 20196 
14.494123 20446 
14.526212 20196 
14.558379 20196 
14.590559 20196 
14.622824 20446 
14.654928 19946 
14.687098 19946 
14.719428 20196 
14.751449 20076 
14.783633 20076 
14.814788 20076 
14.845985 20076 
14.877156 20076 
14.908343 20076 
14.939515 20076 
14.970697 20076 
15.001979 20326 
15.033027 20076 
15.064189 20076 
15.095382 20076 
15.126698 20326 
15.157765 20076 
15.188941 20076 
15.220123 20076 
15.251456 20326 
15.282550 20076 
15.313723 20076 
15.345138 20076 
15.376230 20206 
15.407352 19956 
15.438520 19956 
15.469687 19956 
15.500998 20206 
15.532056 20182 
15.563225 20182 
15.594384 20182 
15.625578 20182 
15.656733 20182 
15.687904 20182 
15.719073 20182 
15.750219 20182 
15.781376 20182 
15.812548 20182 
15.843733 20182 
15.874909 20182 
15.906210 20432 
15.937276 20182 
15.969404 20182 
16.001567 20182 
16.033859 20432 
16.065947 19932 
16.098116 19932 
16.130454 20182 
16.161469 20062 
16.192630 20062 
16.223800 20062 
16.254968 20062 
16.286249 20312 
16.317350 20062 
16.348514 20062 
16.379644 20062 
16.410942 20312 
16.442072 20062 
16.473253 20062 
16.504435 20062 
16.535753 20312 
16.566798 20062 
16.597956 20062 
16.629116 20062 
16.660428 20312 
16.691447 20216 
16.722620 20216 
16.753795 20216 
16.785059 20216 
16.816179 20192 
16.847358 20192 
16.878510 20192 
16.909689 20192 
16.940868 20192 
16.972009 20192 
17.004183 20192 
17.036347 20192 
17.068511 20192 
17.100685 20192 
17.132841 20192 
17.164996 20192 
17.197169 20192 
17.229326 20192 
17.261480 20192 
17.293667 20192 
17.325940 20442 
17.358088 19942 
17.390238 19942 
17.422540 20192 
17.453583 20072 
17.484745 20072 
17.515890 20072 
17.547049 20072 
17.578210 20072 
17.609382 20072 
17.640532 20072 
17.671694 20072 
17.702974 20322 
17.734048 20072 
17.765214 20072 
17.796377 20072 
17.827693 20322 
17.858796 20072 
17.889984 20072 
17.921176 20072 
17.952492 20322 
17.983615 20072 
18.014810 19822 
18.046171 20072 
18.077201 19952 
18.108387 19952 
18.139554 19952 
18.169728 19952 
18.200015 20202 
18.230093 19952 
18.260262 19952 
18.290438 19952 
18.320756 20202 
18.350787 20154 
18.381045 20154 
18.441258 19904 
18.471421 19904 
18.501598 19904 
18.531797 19904 
18.561965 19904 
18.592215 20154 
18.622370 19904 
18.652537 19904 
18.682723 19904 
18.713010 20154 
18.743082 20082 
18.773243 20082 
18.803402 20082 
18.833579 20082 
18.863754 20082 
18.893931 20082 
18.924109 20082 
18.954289 20082 
18.984460 20082 
19.014625 20082 
19.044782 20082 
19.074949 20082 
19.105228 20332 
19.135336 20082 
19.166516 20082 
19.197691 20082 
19.229009 20332 
19.260107 20082 
19.291260 20082 
19.322419 20082 
19.353740 20332 
19.384807 20212 
19.415935 20212 
19.447088 20212 
19.478246 20212 
19.509430 20212 
19.540598 20212 
19.571757 20212 
19.602933 20212 
19.634163 20462 
19.665291 19962 
19.697469 19962 
19.729776 20212 
19.760814 20140 
19.791993 20140 
19.823165 20140 
19.854345 20140 
19.885514 20140 
19.916687 20140 
19.947844 20140 
19.979016 20140 
20.010315 20390 
20.041404 20140 
20.072573 20140 
20.103724 20140 
20.135039 20390 
20.166138 20140 
20.198325 20140 
20.230483 20140 
20.262738 20390 
20.293840 20140 
20.325998 19890 
20.358445 20140 
20.389425 20270 
20.420590 20020 
20.451764 20020 
20.482924 20020 
20.514224 20270 
20.545297 20020 
20.576496 20020 
20.607660 20020 
20.638932 20270 
20.670039 20222 
20.701205 20222 
20.732378 20222 
20.763553 20222 
20.794717 20222 
20.825881 20222 
20.857051 20222 
20.888220 20222 
20.920506 20472 
20.952587 20222 
20.984741 19972 
21.017063 20222 
21.049160 20150 
21.081322 20150 
21.113492 20150 
21.145655 20150 
21.177828 20150 
21.210015 20150 
21.241171 20150 
21.272325 20150 
21.303611 20400 
21.334658 20150 
21.366814 20150 
21.398986 20150 
21.431261 20400 
21.463383 20150 
21.495548 19900 
21.527919 20150 
21.558949 20054 
21.590115 20054 
21.621285 20054 
21.652455 20054 
21.683638 20054 
21.714817 20054 
21.745949 20054 
21.777116 20054 
21.808423 20304 
21.839526 20054 
21.870686 20054 
21.901862 20054 
21.933165 20304 
21.964224 20054 
21.995371 20054 
22.026537 20054 
22.057877 20304 
22.088912 20054 
22.120079 20054 
22.151236 20054 
22.182582 20304 
22.213746 20434 
22.244866 19934 
22.276061 19934 
22.307387 20184 
22.338460 20160 
22.369629 20160 
22.400807 20160 
22.431977 20160 
22.463145 20160 
22.494311 20160 
22.525473 20160 
22.556653 20160 
22.587831 20160 
22.618999 20160 
22.650163 20160 
22.681319 20160 
22.712598 20410 
22.743681 20160 
22.775855 20160 
22.807015 20160 
22.838316 20410 
22.869397 20160 
22.901554 20160 
22.933734 20160 
22.966042 20410 
22.998107 19910 
23.030275 19910 
23.062651 20160 
23.093676 20016 
23.124813 20016 
23.155979 20016 
23.187136 20016 
23.218389 20266 
23.249537 20016 
23.280694 20016 
23.311859 20016 
23.343135 20266 
23.374259 20016 
23.405447 20016 
23.436614 20016 
23.467883 20266 
23.498987 20016 
23.530156 20016 
23.561324 20016 
23.592625 20266 
23.623792 20420 
23.654960 19920 
23.686183 19920 
23.717510 20170 
23.748595 20146 
23.779772 20146 
23.810950 20146 
23.842127 20146 
23.873301 20146 
23.904487 20146 
23.935661 20146 
23.966836 20146 
23.998026 20146 
24.029185 20146 
24.060369 20146 
24.091548 20146 
24.122827 20396 
24.153944 20146 
24.185083 20146 
24.216277 20146 
24.247513 20396 
24.278642 20146 
24.310823 20146 
24.343005 20146 
24.374307 20396 
24.405399 19896 
24.437579 19896 
24.469004 20146 
24.499952 20002 
24.531134 20002 
24.562281 20002 
24.593457 20002 
24.624725 20252 
24.655818 20002 
24.686956 20002 
24.718144 20002 
24.749387 20252 
24.780506 20204 
24.811695 20204 
24.842873 20204 
24.874067 20204 
24.905217 20204 
24.936379 20204 
24.967562 20204 
24.998731 20204 
25.029986 20454 
25.061118 20204 
25.093284 20204 
25.125677 20204 
25.157694 20132 
25.189886 20132 
25.222069 20132 
25.254227 20132 
25.286400 20132 
25.317576 20132 
25.348735 20132 
25.379917 20132 
25.411085 20132 
25.442244 20132 
25.473427 20132 
25.504588 20132 
25.535792 20382 
25.566942 20132 
25.598109 20132 
25.629301 20132 
25.660544 20382 
25.691671 20132 
25.723804 20132 
25.756094 20132 
25.787173 20012 
25.818347 20012 
25.849525 20012 
25.880683 20012 
25.911854 20012 
25.943017 20012 
25.974193 20012 
26.005375 20012 
26.036609 20262 
26.067722 20012 
26.098894 20012 
26.130060 20012 
26.161255 20262 
26.192381 20012 
26.223559 20012 
26.254725 20012 
26.285977 20262 
26.316065 20166 
26.347236 20166 
26.378423 20166 
26.409591 20166 
26.440819 20416 
26.471916 20166 
26.503092 20166 
26.534344 20166 
26.565421 20118 
26.596592 20118 
26.627749 20118 
26.658905 20118 
26.690072 20118 
26.721243 20118 
26.752414 20118 
26.783585 20118 
26.814760 20118 
26.845929 20118 
26.877094 20118 
26.908248 20118 
26.939490 20368 
26.970627 20118 
27.001807 20118 
27.032957 20118 
27.064168 20368 
27.095305 20118 
27.126473 20118 
27.157636 20118 
27.188936 20368 
27.220044 20118 
27.251204 20118 
27.282360 20118 
27.313684 20368 
27.344825 20474 
27.376964 19974 
27.409147 19974 
27.441455 20224 
27.472541 20200 
27.503704 20200 
27.534855 20200 
27.567014 20200 
27.599173 20200 
27.631332 20200 
27.663493 20200 
27.695653 20200 
27.727813 20200 
27.759978 20200 
27.792138 20200 
27.824378 20200 
27.856487 20128 
27.888659 20128 
27.920843 20128 
27.952991 20128 
27.984138 20128 
28.015295 20128 
28.046461 20128 
28.077602 20128 
28.108761 20128 
28.139916 20128 
28.171072 20128 
28.202216 20128 
28.233384 20128 
28.264550 20128 
28.295693 20128 
28.326848 20128 
28.358101 20378 
28.389218 20128 
28.420385 20128 
28.451550 20128 
28.482841 20378 
28.513934 20128 
28.546112 19878 
28.577426 20128 
28.608437 19984 
28.639594 19984 
28.670767 19984 
28.701960 19984 
28.733214 20234 
28.764304 19984 
28.795470 19984 
28.826653 19984 
28.857939 20234 
28.888039 19984 
28.919240 19984 
28.950407 19984 
28.980706 20234 
29.010791 20162 
29.041964 20162 
29.073098 20162 
29.104266 20162 
29.135423 20162 
29.166585 20162 
29.197746 20162 
29.228930 20162 
29.260187 20412 
29.291289 20162 
29.322458 20162 
29.353631 20162 
29.384836 20412 
29.416001 19912 
29.448186 19912 
29.479604 20162 
29.510609 20066 
29.541772 20066 
29.572939 20066 
29.604086 20066 
29.635366 20316 
29.666452 20066 
29.697603 20066 
29.728773 20066 
29.760027 20316 
29.791128 20066 
29.822301 20066 
29.853476 20066 
29.884772 20316 
29.915885 20066 
29.947046 20066 
29.978197 20066 
30.009539 20316 
30.040598 20220 
30.071773 20220 
30.102948 20220 
30.134286 20220 
30.165303 20196 
30.196469 20196 
30.227653 20196 
30.258820 20196 
30.289989 20196 
30.322159 20196 
30.354333 20196 
30.386498 20196 
30.418679 20196 
30.450855 20196 
30.483016 20196 
30.515222 20196 
30.547500 20446 
30.579602 20196 
30.611766 20196 
30.643938 20196 
30.676194 20446 
30.708315 19946 
30.740475 19946 
30.772794 20196 
30.804872 20076 
30.837072 20076 
30.868218 20076 
30.899385 20076 
30.930658 20326 
30.961782 20076 
30.992931 20076 
31.024053 20076 
31.055340 20326 
31.086419 20076 
31.117571 20076 
31.148712 20076 
31.180028 20326 
31.211085 20076 
31.242269 20076 
31.273458 20076 
31.304756 20326 
31.335814 19826 
31.366985 19826 
31.398362 20076 
31.429482 20206 
31.460587 19956 
31.491739 19956 
31.522911 19956 
31.553199 20206 
31.583275 20182 
31.614399 20182 
31.645559 20182 
31.676732 20182 
31.707899 20182 
31.739072 20182 
31.770235 20182 
31.801356 20182 
31.832551 20182 
31.863703 20182 
31.894865 20182 
31.926031 20182 
31.957300 20432 
31.988403 20182 
32.020578 20182 
32.052738 20182 
32.085017 20432 
32.117155 19932 
32.149332 19932 
32.181725 20182 
32.212740 20062 
32.243900 20062 
32.275052 20062 
32.306221 20062 
32.337389 20062 
32.368536 20062 
32.399702 20062 
32.430883 20062 
32.462153 20312 
32.493244 20062 
32.524419 20062 
32.555605 20062 
32.586894 20312 
32.617968 20062 
32.649147 20062 
32.680325 20062 
32.711684 20312 
32.742753 20062 
32.773920 20062 
32.805264 20062 
32.836392 20192 
32.867627 20442 
32.898767 19942 
32.929950 19942 
32.961285 20192 
32.992364 20168 
33.023546 20168 
33.054710 20168 
33.085879 20168 
33.117055 20168 
33.148240 20168 
33.179410 20168 
33.210584 20168 
33.241851 20418 
33.273039 20168 
33.304210 20168 
33.335391 20168 
33.366629 20418 
33.397788 20168 
33.429997 20168 
33.462178 20168 
33.494510 20418 
33.526629 19918 
33.558802 19918 
33.591228 20168 
33.622321 20298 
33.653417 20048 
33.684572 20048 
33.715737 20048 
33.747016 20298 
33.778098 20048 
33.809256 20048 
33.840435 20048 
33.871731 20298 
33.902801 20250 
33.933995 20250 
33.965163 20250 
33.996319 20250 
34.027496 20250 
34.059662 20250 
34.091823 20250 
34.123978 20250 
34.156198 20500 
34.188311 20000 
34.220469 20000 
34.252682 20250 
34.284776 20178 
34.316933 20178 
34.349094 20178 
34.381216 20178 
34.413413 20178 
34.445591 20178 
34.477756 20178 
34.509951 20178 
34.542110 20178 
34.574267 19928 
34.606431 19928 
34.637698 20178 
34.668745 20106 
34.699909 20106 
34.731071 20106 
34.762232 20106 
34.793396 20106 
34.824602 20106 
34.855770 20106 
34.886961 20106 
34.918148 20106 
34.949324 20106 
34.980508 20106 
35.011680 20106 
35.042936 20356 
35.074051 20106 
35.105231 20106 
35.136391 20106 
35.167672 20356 
35.198784 20106 
35.229946 20106 
35.261126 20106 
35.292410 20356 
35.323493 20106 
35.354692 19856 
35.386051 20106 
35.417100 19962 
35.448266 19962 
35.479421 19962 
35.510591 19962 
35.541815 20212 
35.571926 19962 
35.603091 19962 
35.633258 19962 
35.663495 20212 
35.693585 20164 
35.723747 20164 
35.754910 20164 
35.786088 20164 
35.817261 20164 
35.848426 20164 
35.879601 20164 
35.910765 20164 
35.941925 20164 
35.973088 20164 
36.004266 20164 
36.035442 20164 
36.066703 20414 
36.097781 20164 
36.128963 20164 
36.160114 20164 
36.191412 20414 
36.222474 20164 
36.254626 19914 
36.286911 20164 
36.317958 20044 
36.349141 20044 
36.380318 20044 
36.411479 20044 
36.442753 20294 
36.473865 20044 
36.505038 20044 
36.536210 20044 
36.567519 20294 
36.598594 20246 
36.629777 20246 
36.660953 20246 
36.692121 20246 
36.723290 20246 
36.754461 20246 
36.786627 20246 
36.818797 20246 
36.851090 20496 
36.883196 20246 
36.915375 19996 
36.947700 20246 
36.979770 20174 
37.011945 20174 
37.044108 20174 
37.076269 20174 
37.108444 20174 
37.140635 20174 
37.172806 20174 
37.204980 20174 
37.269198 19924 
37.301335 19924 
37.332493 19924 
37.363762 20174 
37.394862 19674 
37.426034 19674 
37.457361 19924 
37.487417 19828 
37.517594 19828 
37.547760 19828 
37.577919 19828 
37.608092 19828 
37.637257 19828 
37.666424 19828 
37.695587 19828 
37.724761 19828 
37.753919 20078 
37.783076 20078 
37.812241 20078 
37.841424 20078 
37.870672 20328 
37.899822 20078 
37.929987 20078 
37.960145 20078 
37.990382 20328 
38.020520 20078 
38.050661 20078 
38.080846 20078 
38.111099 20328 
38.141243 20078 
38.172454 20078 
38.203627 20078 
38.234874 20328 
38.266010 20434 
38.297191 19934 
38.328410 19934 
38.359729 20184 
38.390842 20160 
38.421976 20160 
38.453144 20160 
38.484304 20160 
38.515469 20160 
38.546636 20160 
38.577790 20160 
38.608941 20160 
38.640120 20160 
38.671293 20160 
38.702474 20160 
38.733652 20160 
38.764993 20410 
38.796110 20160 
38.827282 20160 
38.858445 20160 
38.889745 20410 
38.920854 20160 
38.953054 20160 
38.985419 20160 
39.017421 20040 
39.049594 20040 
39.080779 20040 
39.111955 20040 
39.143135 20040 
39.174310 20040 
39.205482 20040 
39.236645 20040 
39.267956 20290 
39.299012 20040 
39.330175 20040 
39.361334 20040 
39.392634 20290 
39.423718 20040 
39.454875 20040 
39.486038 20040 
39.517330 20290 
39.548439 20040 
39.579607 20040 
39.610786 20040 
39.642091 20290 
39.673224 20420 
39.704364 19920 
39.735550 19920 
39.766880 20170 
39.797942 20146 
39.829147 20146 
39.860302 20146 
39.891453 20146 
39.922633 20146 
39.953800 20146 
39.984957 20146 
40.016116 20146 
40.047281 20146 
40.078439 20146 
40.109595 20146 
40.140755 20146 
40.171990 20396 
40.203095 20146 
40.234228 20146 
40.265410 20146 
40.296694 20396 
40.327762 20146 
40.359916 20146 
40.392087 20146 
40.423403 20396 
40.454472 19896 
40.486640 19896 
40.518029 20146 
40.549040 20002 
40.580228 20002 
40.611433 20002 
40.642600 20002 
40.673881 20252 
40.704970 20002 
40.736134 20002 
40.767317 20002 
40.798601 20252 
40.829721 20002 
40.860896 20002 
40.892052 20002 
40.923378 20252 
40.953452 20180 
40.984630 20180 
41.015806 20180 
41.046970 20180 
41.078128 20180 
41.109302 20180 
41.140483 20180 
41.171673 20180 
41.202897 20430 
41.234049 20180 
41.265217 19930 
41.296561 20180 
41.327590 20108 
41.358755 20108 
41.389926 20108 
41.421108 20108 
41.452295 20108 
41.483457 20108 
41.514634 20108 
41.545804 20108 
41.577072 20358 
41.608181 20108 
41.639347 20108 
41.670533 20108 
41.701753 20358 
41.732897 20108 
41.764101 20108 
41.795260 20108 
41.826499 20358 
41.857608 20262 
41.888791 20262 
41.920950 20262 
41.953118 20262 
41.985346 20512 
42.017515 20012 
42.049686 20012 
42.081911 20262 
42.114047 20214 
42.146208 20214 
42.178358 20214 
42.210526 20214 
42.242690 20214 
42.274864 20214 
42.307028 20214 
42.339192 20214 
42.371368 20214 
42.403536 20214 
42.435716 19964 
42.468034 20214 
42.500123 19964 
42.532300 19964 
42.563463 19964 
42.594794 20214 
42.625853 20118 
42.657047 20118 
42.688214 20118 
42.719337 20118 
42.750465 20118 
42.781628 20118 
42.812798 20118 
42.843973 20118 
42.875140 20118 
42.906307 20118 
42.937459 20118 
42.968617 20118 
42.999878 20368 
43.031010 20118 
43.062176 20118 
43.093331 20118 
43.124630 20368 
43.155698 19868 
43.186896 19868 
43.218280 20118 
43.249310 19998 
43.280481 19998 
43.311658 19998 
43.342860 19998 
43.374169 20248 
43.404270 19998 
43.435449 19998 
43.466625 19998 
43.496881 20248 
43.526998 19998 
43.558176 19998 
43.588288 19998 
43.618595 20248 
43.648657 20176 
43.679812 20176 
43.710997 20176 
43.742150 20176 
43.773317 20176 
43.804492 20176 
43.835678 20176 
43.866848 20176 
43.898097 20426 
43.929232 20176 
43.960399 20176 
43.991565 20176 
44.022868 20426 
44.053966 20176 
44.086139 19926 
44.118480 20176 
44.149529 20080 
44.180694 20080 
44.211853 20080 
44.243005 20080 
44.274166 20080 
44.305334 20080 
44.336478 20080 
44.367661 20080 
44.398935 20330 
44.430037 20080 
44.461229 20080 
44.492392 20080 
44.523661 20330 
44.554749 20080 
44.585912 20080 
44.617072 20080 
44.648353 20330 
44.679418 20080 
44.710582 20080 
44.741735 20080 
44.773074 20330 
44.804154 20460 
44.835330 19960 
44.867494 19960 
44.898767 20210 
44.929848 20186 
44.961005 20186 
44.992162 20186 
45.023327 20186 
45.054505 20186 
45.085702 20186 
45.116896 20186 
45.148063 20186 
45.179234 20186 
45.210418 20186 
45.241603 20186 
45.272779 20186 
45.304054 20436 
45.335174 20186 
45.367328 20186 
45.399498 20186 
45.431804 20436 
45.463892 20186 
45.496073 19936 
45.528461 20186 
45.560470 20066 
45.592637 20066 
45.624803 20066 
45.655992 20066 
45.687177 20066 
45.718347 20066 
45.749514 20066 
45.780672 20066 
45.811949 20316 
45.843069 20066 
45.874269 20066 
45.905441 20066 
45.936711 20316 
45.967837 20066 
45.999005 20066 
46.030171 20066 
46.061464 20316 
46.092580 20066 
46.123756 20066 
46.155247 20066 
46.186225 20196 
46.217406 20446 
46.248593 19946 
46.279811 19946 
46.311135 20196 
46.342200 20172 
46.373367 20172 
46.404535 20172 
46.435682 20172 
46.466839 20172 
46.497991 20172 
46.529165 20172 
46.560321 20172 
46.591500 20172 
46.622675 20172 
46.653829 20172 
46.685003 20172 
46.716296 20422 
46.747379 20172 
46.779567 20172 
46.811731 20172 
46.843997 20422 
46.876137 19922 
46.908314 19922 
46.940693 20172 
46.971735 20052 
47.002907 20052 
47.034081 20052 
47.065239 20052 
47.096514 20302 
47.127612 20052 
47.158777 20052 
47.189946 20052 
47.221236 20302 
47.252332 20052 
47.283509 20052 
47.314678 20052 
47.345975 20302 
47.377061 20052 
47.408250 20052 
47.439418 20052 
47.470710 20302 
47.501814 20206 
47.532991 20206 
47.564147 19956 
47.595430 20206 
47.626541 20182 
47.657699 20182 
47.688871 20182 
47.720065 20182 
47.751231 20182 
47.782397 20182 
47.813555 20182 
47.844754 20182 
47.875918 20182 
47.907077 20182 
47.938236 20182 
47.969411 20182 
48.000592 20182 
48.031779 20182 
48.062954 20182 
48.094092 20182 
48.125400 20432 
48.156501 20182 
48.188706 20182 
48.220871 20182 
48.253122 20432 
48.285237 19932 
48.317423 19932 
48.349805 20182 
48.380819 20038 
48.412020 20038 
48.443182 20038 
48.474343 20038 
48.505577 20288 
48.536735 20038 
48.567898 20038 
48.599070 20038 
48.630341 20288 
48.661481 20038 
48.692662 20038 
48.723849 20038 
48.755186 20288 
48.786225 20038 
48.817366 20038 
48.848530 20038 
48.879850 20288 
48.910912 20192 
48.942087 20192 
48.973244 20192 
49.004543 20192 
49.035576 20168 
49.066742 20168 
49.097917 20168 
49.129076 20168 
49.160243 20168 
49.191410 20168 
49.222601 20168 
49.253769 20168 
49.284930 20168 
49.316090 20168 
49.347223 20168 
49.378393 20168 
49.409567 20168 
49.440724 20168 
49.471896 20168 
49.503074 20168 
49.534353 20418 
49.565409 20168 
49.597587 20168 
49.629757 20168 
49.662011 20418 
49.694134 19918 
49.726313 19918 
49.758604 20168 
49.789613 20024 
49.820785 20024 
49.851940 20024 
49.883104 20024 
49.914296 20274 
49.945447 20024 
49.976598 20024 
50.007760 20024 
50.038981 20274 
50.070091 20226 
50.101248 20226 
50.132400 20226 
50.163554 20226 
50.194710 20226 
50.225881 20226 
50.257038 20226 
50.288182 20226 
50.319400 20476 
50.351559 20226 
50.383723 20226 
50.416005 20226 
50.448085 20154 
50.480237 20154 
50.512393 20154 
50.544543 20154 
50.576691 20154 
50.608844 20154 
50.641007 20154 
50.673170 20154 
50.705331 20154 
50.737477 20154 
50.769630 20154 
50.800784 20154 
50.832022 20404 
50.863199 20154 
50.895370 19904 
50.927673 20154 
50.958752 20058 
50.989904 20058 
51.021084 20058 
51.052244 20058 
51.083402 20058 
51.114557 20058 
51.145705 20058 
51.176859 20058 
51.208040 20058 
51.239198 20058 
51.270353 20058 
51.301509 20058 
51.332747 20308 
51.363881 20058 
51.395038 20058 
51.426223 20058 
51.457498 20308 
51.488579 20058 
51.519752 20058 
51.550924 20058 
51.582201 20308 
51.613287 20058 
51.644448 19808 
51.675797 20058 
51.706866 20164 
51.737998 19914 
51.769136 19914 
51.799308 19914 
51.829504 20164 
51.859629 20140 
51.889812 20140 
51.919981 20140 
51.950169 20140 
51.981358 20140 
52.012536 20140 
52.043716 20140 
52.074892 20140 
52.106031 20140 
52.137199 20140 
52.168367 20140 
52.199526 20140 
52.230825 20390 
52.261922 20140 
52.293096 20140 
52.324296 20140 
52.355585 20390 
52.386678 20140 
52.417848 20140 
52.449007 20140 
52.480303 20390 
52.511419 20140 
52.543606 20140 
52.575968 20140 
52.606927 19996 
52.638095 19996 
52.669275 19996 
52.700419 19996 
52.731739 20246 
52.762798 19996 
52.793959 19996 
52.825096 19996 
52.856431 20246 
52.887481 20198 
52.918636 20198 
52.949799 20198 
52.980986 20198 
53.012150 20198 
53.043316 20198 
53.074503 20198 
53.105663 20198 
53.136932 20448 
53.168050 20198 
53.200247 20198 
53.232416 20198 
53.264727 20448 
53.296805 19948 
53.328930 19948 
53.361334 20198 
53.392352 20102 
53.423539 20102 
53.454707 20102 
53.485873 20102 
53.517033 20102 
53.548210 20102 
53.579384 20102 
53.610551 20102 
53.641819 20352 
53.672973 20102 
53.704139 20102 
53.735298 20102 
53.766600 20352 
53.797676 20102 
53.828857 20102 
53.860034 20102 
53.891350 20352 
53.922466 20102 
53.953648 20102 
53.985019 20102 
54.016022 19982 
54.047184 19982 
54.078349 19982 
54.109531 19982 
54.140767 20232 
54.171911 20208 
54.203089 20208 
54.234254 20208 
54.265419 20208 
54.296589 20208 
54.327767 20208 
54.358926 20208 
54.390110 20208 
54.421292 20208 
54.452453 20208 
54.514684 19958 
54.545847 19958 
54.577002 19958 
54.608160 19958 
54.639335 19958 
54.670599 20208 
54.701685 19958 
54.732850 19958 
54.764000 19958 
54.794358 20208 
54.824460 19708 
54.854633 19708 
54.884963 19958 
54.915020 19814 
54.945187 19814 
54.975345 19814 
55.004517 19814 
55.033683 20064 
55.062960 20314 
55.092078 20064 
55.122230 20064 
55.152396 20064 
55.182698 20314 
55.212821 20064 
55.242991 20064 
55.273166 20064 
55.303471 20314 
55.333547 20064 
55.363734 20064 
55.393923 20064 
55.424259 20314 
55.454335 19814 
55.485508 19814 
55.515936 20064 
55.546011 20194 
55.576173 20444 
55.606326 19944 
55.637514 19944 
55.668786 20194 
55.698909 20170 
55.730082 20170 
55.761246 20170 
55.792402 20170 
55.823601 20170 
55.854791 20170 
55.885949 20170 
55.917118 20170 
55.948302 20170 
55.979453 20170 
56.010641 20170 
56.041816 20170 
56.073030 20420 
56.104154 20170 
56.135331 20170 
56.166498 20170 
56.197783 20420 
56.228885 20170 
56.261062 20170 
56.293224 20170 
56.325493 20420 
56.357627 19920 
56.389821 19920 
56.422182 20170 
56.453327 20276 
56.484452 20026 
56.515623 20026 
56.546803 20026 
56.578035 20276 
56.609167 20026 
56.640341 20026 
56.671499 20026 
56.702840 20276 
56.733880 20026 
56.765059 20026 
56.796233 20026 
56.827575 20276 
56.858637 20204 
56.889811 20204 
56.920969 20204 
56.952141 20204 
56.983405 20454 
57.014527 19954 
57.046710 19954 
57.077950 20204 
57.109081 20156 
57.140255 20156 
57.171419 20156 
57.202595 20156 
57.233756 20156 
57.264914 20156 
57.296068 20156 
57.327233 20156 
57.358387 20156 
57.389561 20156 
57.420724 20156 
57.451889 20156 
57.483166 20406 
57.514301 20156 
57.546460 20156 
57.578624 20156 
57.609906 20406 
57.641039 20156 
57.673204 20156 
57.705598 20156 
57.737550 20036 
57.769696 20036 
57.800868 20036 
57.832070 20036 
57.863344 20286 
57.894456 20036 
57.925619 20036 
57.956785 20036 
57.988127 20286 
58.019221 20238 
58.050384 20238 
58.081549 20238 
58.112732 20238 
58.143912 20238 
58.175075 20238 
58.207241 20238 
58.239409 20238 
58.271611 20238 
58.303785 20238 
58.335949 19988 
58.368220 20238 
58.400328 20166 
58.432500 20166 
58.464664 20166 
58.496831 20166 
58.529012 20166 
58.561181 20166 
58.593315 20166 
58.625485 20166 
58.688729 19916 
58.719914 19916 
58.751073 19916 
58.782251 19916 
58.813432 19916 
58.844609 19666 
58.874904 19916 
58.904986 19820 
58.935163 19820 
58.965327 19820 
58.995516 19820 
59.024704 19820 
59.053903 20070 
59.083107 20070 
59.112291 20070 
59.141437 20070 
59.171625 20070 
59.201813 20070 
59.231982 20070 
59.262158 20070 
59.292458 20320 
59.322577 20070 
59.352743 20070 
59.382935 20070 
59.413251 20320 
59.443365 20070 
59.474591 19820 
59.535989 20070 
59.566082 19570 
59.596270 19570 
59.626678 19820 
59.655741 19926 
59.684840 19676 
59.714026 19926 
59.743199 19926 
59.772361 19926 
59.801625 20176 
59.830757 19926 
59.859906 19926 
59.889082 19926 
59.918390 20176 
59.947477 19926 
59.976643 19926 
60.005812 19926 
60.035123 20176 
60.064218 20104 
60.094402 20104 
60.124571 20104 
60.154749 20104 
60.185013 20354 
60.215149 20104 
60.245307 20104 
60.275475 20104 
60.305702 20354 
60.335838 20104 
60.367009 20104 
60.398199 20104 
60.429490 20354 
60.460608 20104 
60.491797 20104 
60.522977 20104 
60.554305 20354 
60.585411 19854 
60.616644 19854 
60.648146 20104 
60.679160 20234 
60.710301 19984 
60.741506 19984 
60.803910 19984 
60.834996 19960 
60.865197 19960 
60.895388 19960 
60.925557 19960 
60.955730 19960 
60.985915 19960 
61.016096 19960 
61.046258 19960 
61.076470 20210 
61.106605 19960 
61.136768 19960 
61.166920 19960 
61.197218 20210 
61.227306 19960 
61.257471 19960 
61.287606 19960 
61.317933 20210 
61.347952 20114 
61.378127 20114 
61.408287 20114 
61.438449 20114 
61.468606 20114 
61.498764 20114 
61.528957 20114 
61.559123 20114 
61.589286 20364 
61.620421 20114 
61.651586 20114 
61.682747 20114 
61.713985 20364 
61.745100 20114 
61.776281 20114 
61.807456 20114 
61.838654 20364 
61.869775 20114 
61.900958 20114 
61.932123 20114 
61.963445 20364 
61.994507 19864 
62.025678 19864 
62.057107 20114 
62.088108 20220 
62.119236 19970 
62.150387 19970 
62.181557 19970 
62.212844 20220 
62.243899 20196 
62.275070 20196 
62.306237 20196 
62.337403 20196 
62.368568 20196 
62.399750 20196 
62.431007 20196 
62.462266 20196 
62.493537 20446 
62.524744 20196 
62.556937 20196 
62.589091 20196 
62.621372 20446 
62.653482 20196 
62.685644 19946 
62.717980 20196 
62.750012 20100 
62.782139 20100 
62.814305 20100 
62.845487 20100 
62.876652 20100 
62.907814 20100 
62.938964 20100 
62.970155 20100 
63.001432 20350 
63.032565 20100 
63.063735 20100 
63.094898 20100 
63.126165 20350 
63.157254 20100 
63.188417 20100 
63.219576 20100 
63.250846 20350 
63.281931 20100 
63.313085 20100 
63.344333 20100 
63.375499 20230 
63.406580 19980 
63.437742 19980 
63.468945 19980 
63.500235 20230 
63.531280 20206 
63.562469 20206 
63.593671 20206 
63.624912 20206 
63.687199 19956 
63.718397 19956 
63.749563 19956 
63.780747 19956 
63.811915 19956 
63.843079 19956 
63.873245 19956 
63.903502 20206 
63.933604 19956 
63.963780 19956 
63.993939 19956 
64.024241 20206 
64.054319 19956 
64.084501 19956 
64.114672 19956 
64.145005 20206 
64.175076 20086 
64.205240 20086 
64.235419 20086 
64.265590 20086 
64.295769 20086 
64.325934 20086 
64.356096 20086 
64.386280 20086 
64.416574 20336 
64.446710 20086 
64.477916 20086 
64.509145 20086 
64.540486 20336 
64.571618 20086 
64.602779 20086 
64.633946 20086 
64.665262 20336 
64.696366 19836 
64.727557 19836 
64.758992 20086 
64.789982 20216 
64.821161 19966 
64.852351 19966 
64.883535 19966 
64.913886 20216 
64.943927 20192 
64.974101 20192 
65.005281 20192 
65.036462 20192 
65.067634 20192 
65.098816 20192 
65.130010 20192 
65.161185 20192 
65.192384 20192 
65.223551 20192 
65.254737 20192 
65.285883 20192 
65.317089 20192 
65.348313 20192 
65.379488 20192 
65.410690 20192 
65.442022 20442 
65.473142 20192 
65.505333 19942 
65.537700 20192 
65.568715 20072 
65.599871 20072 
65.631035 20072 
65.662193 20072 
65.693469 20322 
65.724591 20072 
65.755765 20072 
65.786924 20072 
65.818213 20322 
65.849311 20072 
65.880473 20072 
65.911638 20072 
65.942921 20322 
65.973993 20250 
66.005149 20250 
66.036294 20250 
66.067431 20250 
66.099640 20250 
66.131841 20250 
66.164019 20250 
66.196339 20250 
66.228423 20202 
66.260575 20202 
66.292689 20202 
66.324845 20202 
66.356992 20202 
66.389161 20202 
66.421359 20202 
66.453490 20202 
66.485666 20202 
66.517856 20202 
66.549986 20202 
66.582169 20202 
66.614348 19952 
66.646521 19952 
66.678690 19952 
66.709994 20202 
66.741072 20106 
66.772232 20106 
66.803367 20106 
66.865598 19856 
66.896779 19856 
66.927969 19856 
66.959145 19856 
66.989306 19856 
67.019485 19856 
67.049657 19856 
67.079823 19856 
67.109993 19856 
67.140165 19856 
67.169333 19856 
67.198488 19856 
67.227781 20106 
67.256894 19856 
67.286059 19856 
67.315219 19856 
67.344474 20106 
67.373558 19986 
67.402735 19986 
67.431866 19986 
67.461039 19986 
67.490192 19986 
67.519367 19986 
67.548537 19986 
67.577713 19986 
67.607017 20236 
67.637065 20188 
67.667221 20188 
67.697386 20188 
67.727562 20188 
67.757725 20188 
67.787893 20188 
67.818068 20188 
67.849227 20188 
67.880397 20188 
67.911573 20188 
67.942751 20188 
67.973919 20188 
68.005195 20438 
68.036315 20188 
68.067491 20188 
68.098650 20188 
68.129939 20438 
68.161026 20188 
68.193181 20188 
68.225341 20188 
68.257596 20438 
68.289690 20188 
68.321850 20188 
68.354006 20188 
68.386310 20438 
68.418387 19938 
68.450556 19938 
68.482956 20188 
68.515043 20270 
68.547158 20020 
68.579302 20020 
68.610458 20020 
68.641751 20270 
68.672816 20020 
68.703979 20020 
68.735130 20020 
68.766433 20270 
68.797528 20020 
68.828707 20020 
68.859889 20020 
68.891206 20270 
68.922306 20198 
68.953493 20198 
68.984672 19948 
69.015957 20198 
69.047038 20174 
69.078216 20174 
69.109377 20174 
69.140541 20174 
69.171713 20174 
69.202891 20174 
69.234073 20174 
69.265259 20174 
69.296425 20174 
69.327574 20174 
69.358733 20174 
69.389905 20174 
69.421086 20174 
69.452278 20174 
69.483457 20174 
69.514621 20174 
69.545791 20174 
69.576931 20174 
69.608098 20174 
69.639291 20174 
69.670540 20424 
69.701589 20174 
69.733758 20174 
69.766117 20174 
69.798252 20280 
69.830395 20030 
69.862574 20030 
69.894751 20030 
69.926055 20280 
69.957142 20030 
69.988309 20030 
70.019507 20030 
70.050791 20280 
70.081859 20232 
70.113030 20232 
70.144199 20232 
70.175380 20232 
70.206551 20232 
70.237739 20232 
70.269905 20232 
70.334139 19732 
70.366365 19732 
70.397544 19732 
70.428826 19982 
70.458905 19910 
70.489072 19910 
70.519246 19910 
70.549416 19910 
70.579585 19910 
70.609757 19910 
70.639914 19910 
70.670100 19910 
70.700282 19910 
70.730455 19910 
70.760646 19910 
70.789825 19910 
70.819131 20160 
70.848240 20088 
70.878415 20088 
70.908572 20088 
70.938722 20088 
70.968896 20088 
71.029125 19838 
71.059259 19838 
71.089442 19838 
71.119636 19838 
71.149800 19838 
71.178970 19838 
71.208237 20088 
71.237338 19838 
71.266494 19838 
71.295651 19838 
71.324968 20088 
71.354023 20242 
71.383182 20242 
71.413358 20242 
71.443510 20242 
71.473676 20242 
71.503854 20242 
71.534016 20242 
71.565171 19992 
71.596350 19992 
71.627503 19992 
71.658702 19992 
71.688866 19992 
71.719172 20242 
71.749264 20170 
71.779466 20170 
71.810635 20170 
71.841801 20170 
71.872970 20170 
71.904133 20170 
71.935295 20170 
71.966461 20170 
71.997638 20170 
72.028803 20170 
72.059962 20170 
72.091125 20170 
72.122396 20170 
72.153590 20170 
72.184758 20170 
72.215933 20170 
72.247116 20170 
72.278279 20170 
72.309441 20170 
72.340614 20170 
72.371787 20170 
72.402973 20170 
72.434151 19920 
72.465533 20170 
72.497485 20276 
72.528467 20526 
72.559785 20776 
72.591586 21026 
72.623557 21276 
72.656811 21526 
72.690934 21026 
72.727157 21026 
72.763474 21276 
72.800628 20776 
72.838864 20776 
72.877206 21026 
72.915395 21228 
72.954531 20728 
72.993730 20728 
73.033028 20978 
73.072153 20478 
73.111382 20478 
73.150678 20728 
73.189823 20228 
73.228035 20228 
73.266351 20478 
73.303463 20406 
73.340636 20156 
73.377834 20156 
73.414102 20406 
73.449201 20156 
73.484362 19906 
73.519617 20156 
73.553695 20108 
73.587858 20108 
73.622029 20108 
73.655200 20108 
73.688378 20108 
73.721542 20108 
73.754708 19858 
73.786914 20108 
73.819089 19858 
73.851276 19858 
73.882456 19858 
73.913770 20108 
73.944874 19858 
73.976198 19858 
74.007392 19858 
74.037692 20108 
74.067835 20012 
74.098014 20012 
74.128226 20012 
74.158448 20012 
74.188625 20012 
74.218818 20012 
74.249012 20012 
74.279222 20012 
74.309567 20262 
74.339727 20012 
74.369892 20012 
74.400108 20012 
74.430468 20262 
74.460615 20012 
74.490794 20012 
74.521010 20012 
74.551296 20262 
74.581402 20166 
74.611602 20166 
74.642804 20166 
74.673994 20166 
74.705191 20166 
74.736369 20166 
74.767582 20166 
74.798751 20166 
74.830053 20416 
74.861212 20166 
74.892457 20166 
74.923664 20166 
74.986049 20416 
75.017205 19916 
75.049422 19916 
75.080648 19916 
75.111845 19916 
75.143031 19916 
75.174226 19916 
75.204531 20166 
75.234777 19916 
75.265010 19916 
75.295190 19916 
75.325477 20166 
75.355641 19916 
75.385861 19916 
75.416030 19916 
75.446347 20166 
75.476434 19998 
75.506631 19998 
75.536804 19998 
75.567002 19998 
75.597208 19998 
75.657531 19748 
75.687737 19748 
75.718052 19998 
75.747224 19748 
75.776412 19748 
75.805576 19748 
75.863935 19998 
75.893062 19498 
75.922230 19498 
75.951576 19748 
75.979629 19652 
76.007812 19652 
76.035983 19652 
76.064157 19652 
76.120397 19652 
76.148573 19652 
76.176747 19652 
76.204945 19652 
76.233219 19902 
76.260319 19652 
76.288507 19652 
76.316678 19652 
76.344002 19902 
76.371074 19830 
76.399350 19830 
76.427573 19830 
76.455743 19830 
76.511948 19830 
76.540127 19830 
76.596353 19580 
76.624537 19580 
76.652732 19580 
76.680896 19580 
76.736244 19580 
76.763337 19330 
76.790501 19330 
76.817705 19330 
76.845063 19580 
76.872076 19734 
76.899235 19734 
76.926406 19734 
76.980627 19484 
77.007796 19484 
77.034964 19484 
77.062152 19484 
77.088317 19484 
77.140656 19734 
77.166818 19484 
77.193005 19484 
77.245364 19484 
77.271451 19234 
77.297610 19234 
77.323778 19484 
77.349944 19484 
77.376311 19734 
77.402429 19484 
77.428614 19484 
77.454818 19484 
77.481225 19734 
77.507275 19614 
77.533485 19864 
77.559682 19864 
77.585900 19864 
77.613085 19864 
77.640366 20114 
77.667497 19864 
77.694681 19864 
77.721849 19864 
77.750063 20114 
77.778202 20066 
77.806375 20066 
77.862616 20066 
77.890800 20066 
77.919990 20066 
77.949209 20066 
77.978400 20066 
78.007569 20066 
78.036687 20066 
78.065859 20066 
78.095045 20066 
78.124248 20066 
78.154554 20316 
78.184662 20066 
78.214848 20066 
78.245025 20066 
78.275336 20316 
78.305484 20066 
78.335662 20066 
78.365835 20066 
78.396179 20316 
78.426284 20196 
78.457484 20196 
78.488651 20196 
78.519867 20196 
78.551169 20446 
78.582300 20196 
78.613483 20196 
78.644759 20196 
78.675882 20148 
78.707069 20148 
78.738273 20148 
78.769448 20148 
78.800622 20148 
78.831820 20148 
78.863017 20148 
78.894177 20148 
78.925390 20148 
78.956640 20148 
78.987829 20148 
79.019070 20148 
79.050336 20398 
79.081487 20148 
79.113638 20148 
79.144822 20148 
79.176138 20398 
79.207204 20148 
79.239398 20148 
79.271576 20148 
79.303862 20398 
79.335963 19898 
79.368167 19898 
79.399597 20148 
79.430691 20254 
79.461909 20504 
79.493122 20004 
79.525321 20004 
79.556684 20254 
79.587772 20230 
79.618948 20230 
79.650104 20230 
79.682262 20230 
79.714389 20230 
79.746557 20230 
79.778783 20230 
79.810934 20230 
79.843213 20480 
79.875340 19980 
79.907515 19980 
79.939840 20230 
79.971907 20158 
80.004081 20158 
80.036248 20158 
80.068411 20158 
80.100589 20158 
80.132767 20158 
80.164949 20158 
80.196120 20158 
80.227303 20158 
80.258487 20158 
80.289659 20158 
80.320827 20158 
80.352138 20408 
80.383249 20158 
80.415420 19908 
80.447712 20158 
80.478832 20062 
80.510026 20062 
80.541200 20062 
80.572370 20062 
80.603553 20062 
80.634728 20062 
80.665901 20062 
80.697065 20062 
80.728239 20062 
80.759376 20062 
80.790539 20062 
80.821729 20062 
80.853010 20312 
80.884119 20062 
80.915276 20062 
80.946462 20062 
80.977759 20312 
81.008877 20062 
81.040054 20062 
81.102433 20062 
81.133539 19812 
81.164686 19562 
81.196064 19812 
81.226186 19918 
81.256282 19668 
81.286461 19668 
81.315646 19668 
81.373968 19918 
81.403090 19668 
81.432290 19668 
81.461438 19668 
81.518856 19918 
81.546961 19418 
81.575184 19418 
81.603573 19668 
81.631613 19596 
81.659821 19596 
81.688007 19596 
81.715194 19596 
81.742499 19846 
81.769575 19596 
81.796735 19596 
81.823885 19846 
81.851055 19846 
81.878364 20096 
81.905503 19846 
81.933672 19846 
81.961845 19846 
81.990203 20096 
82.018261 20024 
82.046400 20024 
82.074578 20024 
82.103770 20024 
82.132981 20274 
82.162118 20024 
82.191289 20024 
82.249649 20024 
82.278708 19976 
82.307912 19976 
82.337095 19976 
82.366263 19976 
82.395435 19976 
82.424616 19976 
82.453779 20226 
82.482948 20226 
82.542169 19976 
82.572340 19976 
82.602504 19976 
82.632680 19976 
82.662941 20226 
82.693091 19976 
82.723284 19976 
82.753457 19976 
82.783691 20226 
82.813847 19976 
82.844048 19976 
82.874400 19976 
82.904400 19856 
82.934571 19856 
82.964695 19856 
83.025061 19856 
83.055203 19606 
83.084379 19606 
83.113559 19856 
83.142747 19856 
83.172038 20106 
83.201179 19856 
83.230359 19856 
83.259541 19856 
83.288832 20106 
83.317966 19856 
83.347211 19856 
83.376419 19856 
83.405775 20106 
83.434826 20010 
83.463988 20010 
83.493166 20010 
83.522333 20010 
83.551565 20260 
83.580709 20010 
83.610868 20010 
83.641033 20010 
83.671315 20260 
83.701391 20010 
83.731589 20010 
83.761758 20010 
83.792036 20260 
83.822149 20188 
83.852323 20188 
83.882472 20188 
83.912632 20188 
83.943794 20188 
83.974969 20188 
84.006201 20188 
84.037506 20188 
84.068771 20438 
84.099924 20188 
84.131103 20188 
84.162283 20188 
84.193559 20438 
84.224668 19938 
84.256861 19938 
84.288191 20188 
84.319211 20092 
84.381293 19842 
84.412456 19842 
84.443617 19842 
84.474785 19842 
84.504955 19842 
84.535107 19842 
84.565389 20092 
84.595494 19842 
84.625660 19842 
84.655864 19842 
84.686193 20092 
84.715292 20020 
84.745451 20020 
84.775614 20020 
84.805803 20020 
84.835979 20020 
84.866133 20020 
84.896335 20020 
84.926516 20020 
84.956836 20270 
84.986952 20020 
85.017142 20020 
85.047286 20020 
85.077557 20270 
85.107634 20020 
85.137795 20020 
85.167987 20020 
85.198301 20270 
85.228375 20174 
85.258530 20174 
85.289704 20174 
85.320872 20174 
85.352084 20174 
85.383283 20174 
85.414467 20174 
85.445650 20174 
85.476949 20424 
85.508065 20174 
85.539267 20174 
85.570478 20174 
85.601767 20424 
85.632874 20174 
85.665046 19924 
85.697441 20174 
85.728470 20078 
85.759698 20078 
85.790875 20078 
85.822061 20078 
85.853287 20328 
85.884410 20078 
85.915578 20078 
85.946730 20078 
85.978003 20328 
86.009163 20280 
86.040348 20280 
86.071527 20280 
86.103716 20280 
86.135896 20280 
86.200123 20030 
86.232304 20030 
86.264523 20280 
86.295648 19780 
86.327840 19780 
86.359167 20030 
86.390257 19958 
86.421423 19958 
86.482648 19708 
86.512861 19708 
86.543072 19708 
86.573254 19708 
86.603392 19708 
86.632575 19708 
86.661745 19708 
86.719974 19458 
86.749216 19708 
86.777370 19458 
86.805543 19458 
86.833723 19708 
86.861884 19708 
86.890163 19958 
86.918263 19708 
86.974417 19458 
87.002676 19708 
87.030773 19588 
87.058964 19588 
87.086135 19588 
87.113325 19588 
87.140497 19588 
87.167683 19588 
87.194842 19588 
87.222024 19838 
87.249188 19838 
87.276452 20088 
87.303604 19838 
87.331769 19838 
87.359938 19838 
87.388225 20088 
87.416354 20016 
87.444510 20016 
87.472679 20016 
87.500847 20016 
87.558065 19766 
87.587230 19766 
87.616441 19766 
87.644755 20016 
87.672812 20218 
87.701969 20218 
87.731135 20218 
87.760290 20218 
87.789450 20218 
87.819661 20218 
87.849832 20218 
87.880028 20218 
87.910214 20218 
87.940414 20218 
87.971576 20218 
88.033811 19968 
88.064985 19718 
88.096246 19718 
88.126471 19718 
88.156771 19968 
88.186843 19872 
88.217016 19872 
88.247178 19872 
88.306417 19622 
88.335631 19622 
88.364825 19622 
88.394003 19872 
88.423171 19872 
88.481395 19622 
88.510530 19622 
88.538706 19622 
88.594893 19372 
88.623066 19372 
88.651228 19372 
88.706546 19622 
88.733712 19122 
88.760886 19122 
88.788161 19372 
88.814245 19252 
88.840434 19502 
88.866600 19502 
88.892760 19502 
88.918949 19502 
88.945130 19502 
88.971311 19502 
88.997466 19502 
89.023628 19752 
89.049787 19752 
89.075973 20002 
89.102135 19752 
89.129318 19752 
89.156482 19752 
89.183759 20002 
89.210882 19930 
89.238042 19930 
89.265189 19930 
89.292304 20180 
89.320476 20180 
89.348649 20180 
89.376805 20180 
89.405998 20180 
89.435165 20180 
89.464321 20180 
89.493482 20180 
89.523635 20180 
89.553784 20180 
89.584037 20430 
89.614201 20180 
89.644369 20180 
89.675532 20180 
89.706769 20430 
89.737904 20180 
89.769078 20180 
89.800274 20180 
89.862668 20430 
89.893854 19930 
89.925217 19930 
89.956255 19786 
89.987434 19786 
90.018581 19786 
90.048745 19786 
90.109016 20036 
90.139208 19536 
90.169395 19536 
90.198654 19786 
90.227769 19738 
90.256965 19738 
90.286135 19738 
90.315317 19738 
90.344481 19738 
90.372669 19988 
90.400848 19988 
90.430028 19988 
90.459229 19988 
90.517525 20238 
90.546676 19738 
90.575863 19738 
90.605118 19988 
90.634237 19738 
90.663409 19738 
90.692580 19738 
90.721877 19988 
90.750971 19892 
90.780150 19892 
90.809338 19892 
90.838530 19892 
90.867703 19892 
90.896865 19892 
90.926042 19892 
90.955210 19892 
91.013592 20142 
91.042727 19642 
91.071905 19642 
91.101207 19892 
91.130281 19820 
91.159445 19820 
91.188605 19820 
91.217770 19820 
91.245938 19820 
91.274119 19820 
91.302272 20070 
91.330450 20070 
91.359643 20070 
91.388967 20320 
91.418131 20070 
91.447360 20070 
91.476618 20070 
91.506956 20320 
91.537113 20070 
91.567317 20070 
91.597515 20070 
91.627823 20320 
91.657956 20070 
91.688127 20070 
91.718311 20070 
91.748639 20320 
91.778719 20200 
91.809941 20200 
91.841184 20200 
91.872420 20200 
91.903656 20450 
91.934839 19950 
91.966054 19950 
91.997418 20200 
92.028562 20152 
92.059730 20152 
92.090893 20152 
92.122060 20152 
92.153219 20152 
92.184377 20152 
92.215533 20152 
92.246697 20152 
92.277997 20402 
92.309102 20152 
92.340278 20152 
92.371445 20152 
92.402688 20402 
92.433834 20152 
92.466029 20152 
92.498208 20152 
92.530512 20402 
92.562635 20152 
92.594822 19902 
92.627198 20152 
92.658194 20032 
92.689363 20032 
92.720528 20032 
92.751657 20032 
92.813973 20282 
92.845169 19782 
92.876378 19782 
92.907661 20032 
92.937770 19782 
92.967938 19782 
92.998095 19782 
93.028434 20032 
93.058490 19960 
93.088688 19960 
93.118896 19960 
93.149062 19960 
93.179239 19960 
93.209409 19960 
93.239586 19960 
93.269756 19960 
93.330107 20210 
93.360228 19710 
93.390420 19710 
93.420718 19960 
93.449840 19710 
93.479029 19710 
93.508200 19710 
93.537516 19960 
93.566603 19864 
93.595799 19864 
93.625019 19864 
93.654235 19864 
93.683461 20114 
93.712659 19864 
93.741832 19864 
93.771004 19864 
93.800281 20114 
93.829368 20066 
93.858535 20066 
93.887704 20066 
93.916866 20066 
93.946057 20066 
93.976231 20066 
94.006402 20066 
94.036562 20066 
94.066747 20066 
94.096924 20066 
94.157156 19816 
94.187459 20066 
94.217559 19994 
94.247712 19994 
94.307945 19744 
94.338119 19744 
94.368281 19744 
94.397451 19744 
94.426619 19744 
94.455781 19744 
94.484937 19744 
94.514103 19744 
94.572329 19744 
94.601500 19744 
94.629667 19744 
94.657834 19744 
94.714168 19744 
94.742261 19494 
94.770434 19494 
94.798608 19494 
94.853986 19744 
94.881105 19244 
94.908325 19244 
94.935726 19494 
94.962855 19600 
94.990083 19600 
95.017284 19600 
95.044490 19600 
95.071648 19600 
95.098944 19850 
95.126053 19600 
95.153212 19600 
95.180400 19600 
95.207703 19850 
95.234778 19802 
95.261948 20052 
95.289119 20052 
95.316282 20052 
95.371498 19802 
95.399667 19802 
95.455927 19552 
95.484143 19552 
95.512373 19552 
95.540544 19552 
95.567676 19552 
95.622056 19802 
95.649179 19552 
95.676365 19552 
95.703551 19552 
95.757930 19802 
95.785076 19302 
95.812286 19302 
95.839706 19552 
95.866758 19432 
95.919973 19432 
95.946205 19432 
95.972419 19432 
95.998734 19682 
96.024916 19432 
96.077077 19182 
96.103257 19432 
96.155612 19682 
96.181754 19182 
96.207935 19182 
96.234295 19432 
96.259344 19360 
96.284511 19360 
96.334745 19360 
96.359913 19360 
96.410139 19110 
96.435312 19110 
96.485545 19110 
96.535889 19360 
96.561014 18860 
96.586207 18860 
96.610380 19110 
96.634623 19360 
96.658798 19110 
96.683003 19110 
96.707225 19110 
96.731421 19360 
96.755773 19610 
96.779949 19360 
96.804157 19360 
96.828372 19360 
96.852594 19610 
96.876942 19860 
96.902023 19740 
96.927205 19740 
96.952385 19740 
96.977543 19740 
97.003732 19990 
97.030033 20240 
97.056144 19990 
97.083316 19990 
97.110522 19990 
97.137818 20240 
97.164899 20192 
97.220012 19942 
97.248202 19942 
97.276389 19942 
97.304562 19942 
97.332730 20192 
97.361915 20192 
97.391130 20192 
97.420520 20442 
97.449712 20192 
97.479926 20192 
97.510122 20192 
97.540433 20442 
97.570509 20192 
97.601690 20192 
97.632866 20192 
97.664162 20442 
97.695282 19942 
97.726470 19942 
97.757847 20192 
97.788977 20322 
97.820078 20072 
97.851253 20072 
97.913656 20072 
97.944778 20048 
97.975946 20048 
98.007125 20048 
98.038296 20048 
98.069499 20048 
98.100673 20048 
98.131840 20048 
98.163004 20048 
98.194168 20048 
98.225345 20048 
98.256510 20048 
98.286703 20048 
98.316999 20298 
98.347144 20048 
98.378355 20048 
98.409532 20048 
98.440818 20298 
98.471920 20048 
98.503090 20048 
98.534423 20048 
98.565488 19928 
98.596652 19928 
98.657875 19678 
98.688198 19928 
98.718273 19904 
98.748423 19904 
98.808656 19654 
98.838816 19654 
98.867984 19654 
98.897149 19654 
98.955412 19404 
98.984584 19404 
99.012759 19654 
99.040933 19654 
99.069106 19654 
99.097402 19904 
99.125500 19654 
99.153664 19654 
99.209976 19654 
99.238037 19404 
99.266190 19404 
99.293373 19404 
99.320745 19654 
99.347748 19534 
99.374906 19534 
99.402101 19784 
99.429292 19784 
99.483543 19534 
99.510719 19534 
99.537904 19534 
99.592191 19534 
99.619329 19486 
99.646509 19486 
99.699819 19486 
99.726036 19486 
99.752231 19486 
99.804465 19236 
99.830661 19236 
99.856843 19236 
99.883022 19486 
99.909197 19486 
99.961414 19236 
99.987694 19486 
100.012797 19236 
100.038956 19236 
100.064145 19236 
100.114531 19486 
100.139637 19236 
100.164857 19236 
100.215327 19236 
100.240348 19366 
100.265507 19366 
100.315733 19116 
100.340926 19116 
100.391268 19366 
100.416371 19116 
100.441551 19116 
100.465725 19116 
100.490002 19366 
100.514103 19318 
100.538272 19568 
100.562438 19568 
100.611658 19318 
100.636832 19318 
100.687061 19318 
100.737308 19068 
100.762485 19068 
100.811731 19068 
100.835923 19068 
100.860093 19068 
100.908414 19318 
100.932576 19068 
100.956762 19068 
100.980934 19068 
101.029307 19318 
101.053471 19068 
101.077685 19068 
101.101880 19068 
101.126245 19318 
101.150316 19198 
101.174485 19198 
101.222710 19198 
101.246914 19198 
101.271225 19448 
101.295388 19198 
101.319574 19448 
101.343744 19448 
101.367922 19448 
101.392172 19698 
101.416281 19650 
101.441452 19900 
101.466615 19900 
101.491817 19900 
101.517989 19900 
101.544150 19900 
101.570325 19900 
101.596489 19900 
101.649752 19900 
101.702994 19650 
101.730184 19650 
101.784559 19650 
101.811666 19400 
101.838871 19400 
101.866055 19400 
101.893234 19650 
101.946664 19900 
101.972848 19400 
102.000076 19400 
102.027399 19650 
102.053475 19530 
102.079643 19530 
102.105811 19530 
102.131968 19780 
102.184194 19530 
102.210363 19530 
102.262579 19280 
102.288915 19530 
102.314971 19482 
102.367069 19482 
102.393257 19482 
102.419425 19482 
102.471644 19232 
102.497820 19232 
102.523991 19482 
102.576229 19232 
102.602412 19232 
102.627579 19232 
102.652772 19232 
102.703129 19482 
102.728208 19232 
102.753403 19232 
102.778582 19232 
102.803859 19482 
102.828973 19386 
102.854146 19386 
102.904377 19386 
102.929555 19386 
102.954737 19386 
102.979901 19386 
103.030139 19386 
103.055300 19386 
103.105564 19136 
103.130733 19136 
103.155898 19136 
103.206229 19386 
103.231336 19136 
103.256517 19136 
103.281702 19136 
103.306014 19386 
103.330093 19540 
103.354266 19540 
103.379438 19540 
103.404609 19540 
103.429770 19540 
103.454930 19540 
103.480081 19790 
103.530303 19540 
103.555470 19540 
103.580654 19540 
103.606830 19540 
103.633012 19790 
103.659184 19790 
103.685359 19790 
103.711597 20040 
103.737753 19790 
103.764982 19790 
103.792159 19790 
103.846502 20040 
103.873629 19790 
103.900826 19790 
103.927996 19790 
103.955315 20040 
103.982452 19920 
104.010664 19920 
104.038852 19920 
104.067041 19920 
104.095315 20170 
104.123450 19920 
104.151630 19920 
104.209016 19920 
104.238080 19872 
104.267248 19872 
104.325492 19622 
104.354677 19622 
104.382841 19872 
104.411011 19872 
104.439170 19872 
104.467338 19872 
104.495505 19872 
104.523676 19872 
104.551839 19872 
104.580003 19872 
104.608215 20122 
104.636355 19872 
104.665534 19872 
104.694711 19872 
104.723976 20122 
104.753094 20026 
104.782259 20026 
104.811439 20026 
104.840606 20026 
104.869780 20026 
104.898980 20026 
104.928170 20026 
104.957359 20026 
104.986552 20026 
105.016724 20026 
105.046880 20026 
105.107147 20026 
105.137313 19954 
105.167495 19954 
105.197684 19954 
105.227873 19954 
105.258040 19954 
105.288226 19954 
105.318412 19954 
105.348580 19954 
105.408835 19704 
105.439020 19704 
105.498272 19704 
105.527442 19454 
105.585649 19204 
105.614993 19454 
105.643053 19608 
105.671218 19608 
105.699407 19608 
105.726581 19608 
105.753740 19608 
105.780940 19608 
105.835185 19358 
105.862351 19358 
105.916590 19108 
105.943769 19358 
105.996983 19108 
106.023285 19358 
106.049387 19108 
106.075555 19108 
106.100711 19108 
106.150994 19358 
106.176093 19108 
106.201285 19108 
106.226454 19108 
106.251819 19358 
106.276839 19238 
106.302004 19488 
106.327165 19488 
106.377373 19238 
106.402532 19238 
106.427719 19238 
106.452893 19488 
106.503110 19238 
106.528397 19488 
106.553525 19238 
106.578690 19238 
106.603868 19488 
106.629041 19488 
106.654335 19738 
106.679451 19488 
106.704660 19488 
106.729851 19488 
106.755192 19738 
106.780235 19892 
106.805428 19892 
106.831578 19892 
106.857737 19892 
106.883922 19892 
106.911152 20142 
106.938321 19892 
106.965494 19892 
106.992690 20142 
107.019861 20142 
107.048120 20392 
107.076251 20142 
107.105424 20142 
107.134609 20142 
107.193004 20392 
107.222126 19892 
107.252317 19892 
107.311697 20142 
107.340841 19642 
107.371075 19642 
107.430567 19892 
107.459607 19392 
107.488803 19392 
107.546184 19642 
107.574244 19142 
107.602442 19142 
107.657868 19392 
107.684957 19474 
107.712093 19224 
107.739302 19224 
107.765477 19224 
107.817851 19474 
107.843999 18974 
107.870209 18974 
107.896794 19224 
107.921587 19426 
107.946857 19676 
107.972024 19426 
107.997199 19426 
108.047662 19426 
108.072713 19652 
108.097880 19652 
108.123055 19652 
108.149215 19652 
108.201455 19402 
108.227631 19402 
108.279854 19402 
108.306026 19402 
108.332305 19652 
108.358427 19402 
108.384592 19402 
108.436953 19402 
108.463057 19580 
108.489232 19580 
108.515408 19580 
108.567639 19330 
108.619821 19080 
108.645981 19080 
108.697220 19080 
108.722398 19080 
108.747563 19080 
108.797792 18830 
108.847131 19080 
108.871276 18830 
108.895455 18830 
108.919637 18830 
108.967932 19080 
108.992083 18830 
109.015281 18830 
109.038467 18830 
109.084836 19080 
109.107970 18830 
109.131165 18830 
109.177410 18830 
109.200773 19080 
109.223823 18936 
109.246986 18936 
109.293231 18936 
109.316410 18936 
109.339704 19186 
109.362773 19412 
109.385938 19412 
109.409108 19412 
109.432265 19412 
109.455431 19412 
109.502659 19412 
109.526823 19412 
109.550995 19412 
109.599243 19412 
109.647483 19162 
109.671642 19162 
109.695805 19162 
109.744151 19412 
109.768265 19162 
109.792433 19162 
109.840686 19162 
109.864966 19412 
109.889079 19162 
109.913247 19162 
109.937411 19162 
109.961569 19412 
109.985774 19662 
110.009923 19412 
110.034114 19412 
110.083347 19412 
110.132693 19662 
110.157806 19162 
110.183006 19162 
110.233397 19412 
110.258529 19494 
110.283725 19244 
110.308936 19244 
110.359296 19244 
110.384386 19220 
110.409572 19470 
110.434731 19470 
110.459891 19470 
110.485055 19470 
110.535276 19220 
110.585495 19220 
110.635718 18970 
110.660884 18970 
110.710107 18970 
110.734273 18970 
110.782636 19220 
110.806785 18720 
110.830996 18970 
110.855172 18970 
110.879452 19220 
110.902540 18970 
110.949673 18970 
110.972836 18970 
111.019128 19220 
111.042252 18970 
111.065418 18970 
111.088590 18970 
111.135001 19220 
111.158069 18970 
111.181236 18970 
111.227767 18970 
111.250698 19052 
111.273973 19302 
111.297089 19052 
111.320263 19052 
111.366449 19052 
111.389755 19302 
111.412847 19278 
111.436018 19278 
111.482244 19278 
111.505415 19278 
111.552639 19278 
111.576824 19278 
111.625062 19028 
111.649359 19278 
111.673480 19278 
111.697649 19278 
111.721828 19278 
111.770193 19278 
111.794264 19206 
111.842350 19206 
111.890438 18956 
111.914614 18956 
111.962834 18956 
112.011106 18706 
112.058370 18706 
112.105587 18456 
112.152812 18456 
112.176079 18706 
112.198187 18456 
112.220344 18456 
112.242509 18706 
112.286830 18706 
112.308898 18610 
112.353030 18610 
112.397173 18360 
112.440283 18360 
112.483425 18360 
112.526550 18110 
112.547707 18110 
112.568862 18360 
112.610041 18110 
112.651254 18110 
112.692609 18360 
112.712750 18110 
112.752894 18110 
112.793209 18110 
112.813286 18264 
112.853383 18014 
112.873555 18264 
112.913784 18014 
112.953039 18014 
112.992255 18014 
113.011421 18014 
113.049646 18014 
113.087962 18264 
113.107125 18014 
113.126303 18014 
113.164531 18014 
113.202900 18264 
113.222039 18014 
113.260208 18014 
113.298464 18014 
113.317550 18168 
113.336726 18168 
113.374958 18168 
113.413154 18168 
113.451372 17918 
113.470564 18168 
113.508792 17918 
113.547011 17918 
113.585350 18168 
113.604452 17918 
113.623632 18168 
113.661872 17918 
113.700192 18168 
113.719310 17918 
113.738479 18168 
113.757620 18168 
113.795830 18168 
113.834196 18418 
113.853294 18168 
113.891400 18168 
113.910592 18168 
113.949003 18418 
113.968071 18298 
113.987272 18298 
114.006476 18548 
114.044708 18298 
114.083036 18548 
114.102169 18548 
114.121371 18548 
114.160601 18548 
114.200002 18548 
114.220063 18750 
114.240232 18750 
114.260395 18750 
114.280568 19000 
114.320797 18750 
114.361026 18750 
114.402227 18750 
114.443449 18500 
114.484760 18750 
114.505899 18500 
114.527078 18500 
114.548241 18750 
114.569401 18750 
114.590670 19000 
114.611778 19178 
114.632921 19178 
114.654079 19178 
114.675234 19178 
114.697415 19428 
114.719572 19428 
114.741724 19428 
114.763874 19678 
114.787026 19678 
114.810174 19498 
