0.000039 250 
0.090322 500 
0.113605 750 
0.130845 1000 
0.146053 1250 
0.160297 1500 
0.174508 1750 
0.188717 2000 
0.202948 2250 
0.217187 2500 
0.231419 2750 
0.245655 3000 
0.259889 3250 
0.274101 3500 
0.288308 3750 
0.303477 4000 
0.318789 4250 
0.333959 4500 
0.349185 4750 
0.364343 5000 
0.379549 5250 
0.394743 5500 
0.409965 5750 
0.426132 6000 
0.442331 6250 
0.458589 6500 
0.474834 6750 
0.491036 7000 
0.507294 7250 
0.523529 7500 
0.539725 7750 
0.556989 8000 
0.574205 8250 
0.591488 8500 
0.608659 8750 
0.625875 9000 
0.643110 9250 
0.661397 9500 
0.679630 9750 
0.697837 10000 
0.716117 10250 
0.734352 10500 
0.752576 10750 
0.771815 11000 
0.790952 11250 
0.810193 11500 
0.829433 11750 
0.848603 12000 
0.868871 12250 
0.889101 12500 
0.909322 12750 
0.929577 13000 
0.949783 13250 
0.970983 13500 
0.992242 13750 
1.013491 14000 
1.034716 14250 
1.055988 14500 
1.078225 14750 
1.100444 15000 
1.122651 15250 
1.144876 15500 
1.168094 15750 
1.191326 16000 
1.214520 16250 
1.238839 16500 
1.263104 16750 
1.287350 17000 
1.312588 17250 
1.337770 17500 
1.363029 17750 
1.388255 18000 
1.414490 18250 
1.440720 18500 
1.467915 18750 
1.495163 19000 
1.522367 19250 
1.550609 19500 
1.578779 19750 
1.606991 20000 
1.636185 20250 
1.665424 20500 
1.695665 20750 
1.725934 21000 
1.757164 21250 
1.800793 21500 
1.820503 21250 
1.852664 21250 
1.884819 21250 
1.916975 21250 
1.949130 21250 
1.981301 21250 
2.013480 21250 
2.045637 21250 
2.077793 21250 
2.109949 21250 
2.142105 21250 
2.174263 21250 
2.206419 21250 
2.238575 21000 
2.270733 21000 
2.302889 21000 
2.335046 21000 
2.367196 21000 
2.399346 21000 
2.431494 21000 
2.463674 21000 
2.495845 21000 
2.528002 21000 
2.560157 21000 
2.592322 21000 
2.624478 21000 
2.656636 21000 
2.688792 20750 
2.720948 20750 
2.753101 20750 
2.784257 20750 
2.815413 20750 
2.846570 20750 
2.877727 20750 
2.908883 20750 
2.940040 20750 
2.971197 20750 
3.002354 20750 
3.033511 20750 
3.064667 20750 
3.095823 20750 
3.126972 20750 
3.158143 20750 
3.189315 20750 
3.220458 20750 
3.251616 20750 
3.282797 20750 
3.313987 20750 
3.345133 20750 
3.376292 20750 
3.407442 20750 
3.438601 20500 
3.469761 20500 
3.500917 20500 
3.532089 20500 
3.563268 20500 
3.594448 20500 
3.625628 20500 
3.656800 20500 
3.687957 20500 
3.719113 20500 
3.750271 20500 
3.781427 20500 
3.812583 20500 
3.843740 20500 
3.874919 20500 
3.906098 20500 
3.937277 20500 
3.968457 20500 
3.999636 20500 
4.030814 20500 
4.061993 20500 
4.093172 20500 
4.124351 20500 
4.155528 20500 
4.186707 20500 
4.217887 20250 
4.250089 20250 
4.281251 20250 
4.311430 20250 
4.341602 20250 
4.371782 20250 
4.401961 20250 
4.432140 20250 
4.462319 20250 
4.492499 20250 
4.522677 20250 
4.552856 20250 
4.583036 20250 
4.613216 20250 
4.643394 20250 
4.673573 20250 
4.703752 20250 
4.733932 20250 
4.764111 20250 
4.794292 20250 
4.824472 20250 
4.854657 20250 
4.884823 20250 
4.915003 20250 
4.945182 20250 
4.975496 20500 
5.005565 20376 
5.036744 20376 
5.098968 20126 
5.130149 20126 
5.160305 20126 
5.190461 20126 
5.220618 20126 
5.250788 20126 
5.280956 20126 
5.311135 20126 
5.341314 20126 
5.371500 20126 
5.401668 20126 
5.431846 20126 
5.462025 20126 
5.492327 20376 
5.522391 20280 
5.552546 20280 
5.582702 20280 
5.612859 20280 
5.643017 20280 
5.673173 20280 
5.703330 20280 
5.733487 20280 
5.763650 20280 
5.793805 20280 
5.823984 20280 
5.854164 20280 
5.884348 20280 
5.914507 20280 
5.944678 20280 
5.974842 20280 
6.005169 20530 
6.035259 20434 
6.066425 20434 
6.097587 20434 
6.128747 20434 
6.159901 20434 
6.191057 20434 
6.222236 20434 
6.253415 20434 
6.284595 20434 
6.315771 20434 
6.346931 20434 
6.378173 20434 
6.409241 20362 
6.440421 20362 
6.471569 20362 
6.502741 20362 
6.533898 20362 
6.564048 20362 
6.594204 20362 
6.624383 20362 
6.654564 20362 
6.684743 20362 
6.714926 20362 
6.745105 20362 
6.775397 20612 
6.805474 20362 
6.836653 20362 
6.867832 20362 
6.899119 20612 
6.930178 20516 
6.961356 20516 
6.992513 20516 
7.023669 20516 
7.054828 20516 
7.085983 20516 
7.117140 20516 
7.148297 20516 
7.179460 20516 
7.210614 20516 
7.241771 20516 
7.272927 20516 
7.304098 20516 
7.335242 20516 
7.366421 20516 
7.397650 20516 
7.428767 20420 
7.459939 20420 
7.491118 20420 
7.522297 20420 
7.553477 20420 
7.584648 20420 
7.615827 20420 
7.647006 20420 
7.678184 20420 
7.709353 20420 
7.740531 20420 
7.771709 20420 
7.802895 20420 
7.834063 20420 
7.865240 20420 
7.896419 20420 
7.927733 20670 
7.958825 20574 
7.989992 20574 
8.021153 20574 
8.052313 20574 
8.083470 20574 
8.114623 20574 
8.145774 20574 
8.176938 20574 
8.208193 20824 
8.239320 20324 
8.270491 20324 
8.301803 20574 
8.332840 20502 
8.363993 20502 
8.395143 20502 
8.426308 20502 
8.457488 20502 
8.488667 20502 
8.519846 20502 
8.551025 20502 
8.582317 20752 
8.613418 20502 
8.644585 20502 
8.675749 20502 
8.707009 20752 
8.738117 20502 
8.769281 20502 
8.800443 20502 
8.831713 20752 
8.862806 20502 
8.893956 20502 
8.925113 20502 
8.956402 20752 
8.987498 20502 
9.018655 20252 
9.050001 20502 
9.081109 20608 
9.112198 20608 
9.143355 20608 
9.174516 20608 
9.205676 20608 
9.236825 20608 
9.267995 20608 
9.299166 20608 
9.330455 20608 
9.361610 20608 
9.392770 20608 
9.423930 20608 
9.455089 20608 
9.486361 20858 
9.517458 20608 
9.548614 20608 
9.579793 20608 
9.611079 20858 
9.642203 20608 
9.673375 20608 
9.704538 20608 
9.735805 20858 
9.766954 20608 
9.798134 20358 
9.829491 20608 
9.860615 20714 
9.891727 20464 
9.922882 20464 
9.954033 20464 
9.985316 20714 
10.016378 20690 
10.047533 20690 
10.078689 20690 
10.109845 20690 
10.141004 20690 
10.172164 20690 
10.203324 20690 
10.234497 20690 
10.265680 20690 
10.296854 20690 
10.328019 20690 
10.359199 20690 
10.390482 20940 
10.421574 20690 
10.452739 20690 
10.515081 20690 
10.546174 20440 
10.577343 20440 
10.608611 20440 
10.639655 20320 
10.670804 20320 
10.701969 20320 
10.732127 20320 
10.762400 20570 
10.792481 20546 
10.823659 20546 
10.854839 20546 
10.886018 20546 
10.917195 20546 
10.948351 20546 
10.979530 20546 
11.010710 20546 
11.041883 20546 
11.073064 20546 
11.104244 20546 
11.135424 20546 
11.166714 20796 
11.197812 20546 
11.228991 20546 
11.260171 20546 
11.291465 20796 
11.322555 20546 
11.353713 20546 
11.384866 20546 
11.416150 20796 
11.447278 20546 
11.478451 20296 
11.509796 20546 
11.540814 20402 
11.571970 20402 
11.603123 20402 
11.634280 20402 
11.665565 20652 
11.696662 20402 
11.727841 20402 
11.759021 20402 
11.790313 20652 
11.821400 20402 
11.852565 20402 
11.883744 20402 
11.915055 20652 
11.946126 20580 
11.977290 20580 
12.008445 20580 
12.039609 20580 
12.070797 20580 
12.101961 20580 
12.133151 20580 
12.164332 20580 
12.195611 20830 
12.226729 20580 
12.257897 20330 
12.289128 20580 
12.320227 20508 
12.351381 20508 
12.382541 20508 
12.413705 20508 
12.444861 20508 
12.476017 20508 
12.507172 20508 
12.538328 20508 
12.569492 20508 
12.600649 20508 
12.631817 20508 
12.662997 20508 
12.694301 20758 
12.725405 20508 
12.756559 20508 
12.787738 20508 
12.819036 20758 
12.850119 20508 
12.881279 20508 
12.912436 20508 
12.943726 20758 
12.974800 20508 
13.005956 20508 
13.037136 20508 
13.068458 20758 
13.099663 20864 
13.130813 20614 
13.161993 20614 
13.193164 20614 
13.224329 20614 
13.255485 20614 
13.286676 20614 
13.317857 20614 
13.349030 20614 
13.380183 20614 
13.411333 20614 
13.442486 20614 
13.473638 20614 
13.504790 20614 
13.535943 20614 
13.567096 20614 
13.598379 20864 
13.629476 20614 
13.660636 20614 
13.691794 20614 
13.723081 20864 
13.754172 20614 
13.785338 20614 
13.816499 20614 
13.847768 20864 
13.878885 20364 
13.910059 20364 
13.941406 20614 
13.972432 20446 
14.003578 20446 
14.034732 20446 
14.065890 20446 
14.097181 20696 
14.128274 20446 
14.159456 20446 
14.190636 20446 
14.221947 20696 
14.253045 20446 
14.284202 20446 
14.315362 20446 
14.346639 20696 
14.377747 20624 
14.408919 20624 
14.440082 20624 
14.471242 20624 
14.502398 20624 
14.533557 20624 
14.564716 20624 
14.595886 20624 
14.627160 20874 
14.658268 20374 
14.689438 20374 
14.720781 20624 
14.751802 20552 
14.782955 20552 
14.814120 20552 
14.845275 20552 
14.876443 20552 
14.907643 20552 
14.938844 20552 
14.970012 20552 
15.001240 20802 
15.032393 20552 
15.063555 20552 
15.094722 20552 
15.126013 20802 
15.157129 20552 
15.188293 20552 
15.219463 20552 
15.250752 20802 
15.281869 20552 
15.313041 20552 
15.345219 20552 
15.376512 20802 
15.407688 20932 
15.438844 20432 
15.470036 20432 
15.501330 20682 
15.532418 20658 
15.563581 20658 
15.594741 20658 
15.625903 20658 
15.657072 20658 
15.688246 20658 
15.719422 20658 
15.750590 20658 
15.781760 20658 
15.812936 20658 
15.844104 20658 
15.875280 20658 
15.906554 20908 
15.937681 20658 
15.968857 20658 
16.000027 20658 
16.031310 20908 
16.062394 20658 
16.093552 20658 
16.124715 20658 
16.156029 20908 
16.187113 20658 
16.218281 20408 
16.249573 20658 
16.280751 20764 
16.311819 20514 
16.342982 20514 
16.374151 20514 
16.405445 20764 
16.436530 20740 
16.467705 20740 
16.498881 20740 
16.530058 20740 
16.561235 20740 
16.592412 20740 
16.623588 20740 
16.654763 20740 
16.685932 20740 
16.717108 20740 
16.748285 20740 
16.779453 20740 
16.810737 20990 
16.841841 20740 
16.873015 20740 
16.904191 20740 
16.935478 20990 
16.966577 20740 
16.997742 20490 
17.029065 20740 
17.060099 20620 
17.091261 20620 
17.122428 20620 
17.153605 20620 
17.184773 20620 
17.215948 20620 
17.247116 20620 
17.278292 20620 
17.309569 20870 
17.340675 20620 
17.371850 20620 
17.403018 20620 
17.434307 20870 
17.465387 20620 
17.496548 20620 
17.527700 20620 
17.558989 20870 
17.590080 20774 
17.621254 20774 
17.652431 20774 
17.683607 20774 
17.714877 21024 
17.745985 20774 
17.778150 20524 
17.809456 20774 
17.840517 20726 
17.871678 20726 
17.902846 20726 
17.934014 20726 
17.965183 20726 
17.996351 20726 
18.027519 20726 
18.058695 20726 
18.089864 20726 
18.121032 20726 
18.152208 20726 
18.183376 20726 
18.214661 20976 
18.245760 20726 
18.276931 20726 
18.308108 20726 
18.339397 20976 
18.370487 20726 
18.401650 20726 
18.432813 20726 
18.464109 20976 
18.495170 20726 
18.526334 20726 
18.557511 20726 
18.588833 20976 
18.619918 20476 
18.651095 20476 
18.682457 20726 
18.713580 20808 
18.744651 20808 
18.775805 20808 
18.806968 20808 
18.838123 20808 
18.869277 20808 
18.900430 20808 
18.931582 20808 
18.962735 20808 
18.993889 20808 
19.025051 20808 
19.056209 20808 
19.087380 20808 
19.118657 21058 
19.149769 20808 
19.181945 20808 
19.213120 20808 
19.244427 21058 
19.275511 20808 
19.307676 20558 
19.338978 20808 
19.370040 20688 
19.401200 20688 
19.432369 20688 
19.463537 20688 
19.494705 20688 
19.525880 20688 
19.557049 20688 
19.588225 20688 
19.619493 20938 
19.650600 20688 
19.681774 20688 
19.712950 20688 
19.744265 20938 
19.775353 20688 
19.806525 20688 
19.837694 20688 
19.868984 20938 
19.900057 20842 
19.931213 20842 
19.962372 20842 
19.993568 20842 
20.024844 21092 
20.055955 20842 
20.088117 20592 
20.120354 20842 
20.151436 20794 
20.182587 20794 
20.213761 20794 
20.244942 20794 
20.276123 20794 
20.307298 20794 
20.338478 20794 
20.369659 20794 
20.400840 20794 
20.432021 20794 
20.463202 20794 
20.494382 20794 
20.525669 21044 
20.556794 20794 
20.588962 20794 
20.620143 20794 
20.651430 21044 
20.682525 20794 
20.714697 20794 
20.745864 20794 
20.777183 21044 
20.808304 20544 
20.840502 20544 
20.871795 20794 
20.902880 20900 
20.934043 20650 
20.965205 20650 
20.996380 20650 
21.027617 20900 
21.058705 20650 
21.089872 20650 
21.121025 20650 
21.152211 20900 
21.183324 20852 
21.214488 20852 
21.245642 20852 
21.276828 20852 
21.308014 20852 
21.339178 20852 
21.371348 20852 
21.402502 20852 
21.433762 21102 
21.464860 20852 
21.497007 20852 
21.529317 20852 
21.561385 20780 
21.592551 20780 
21.623723 20780 
21.654890 20780 
21.686074 20780 
21.717231 20780 
21.748398 20780 
21.779570 20780 
21.810736 20780 
21.841900 20780 
21.873081 20780 
21.904251 20780 
21.935524 21030 
21.966616 20780 
21.998771 20780 
22.029923 20780 
22.061205 21030 
22.092286 20780 
22.124466 20780 
22.155646 20780 
22.186960 21030 
22.218040 20530 
22.250199 20530 
22.281500 20780 
22.312530 20636 
22.343681 20636 
22.374843 20636 
22.406010 20636 
22.437294 20886 
22.468389 20636 
22.499556 20636 
22.530723 20636 
22.562027 20886 
22.593147 20838 
22.624334 20838 
22.655510 20838 
22.686671 20838 
22.717832 20838 
22.748992 20838 
22.780157 20838 
22.811328 20838 
22.842605 21088 
22.873718 20838 
22.905883 20838 
22.938171 20838 
22.969262 20766 
23.000442 20766 
23.031624 20766 
23.062804 20766 
23.093985 20766 
23.125149 20766 
23.156312 20766 
23.187492 20766 
23.218673 20766 
23.249853 20766 
23.281033 20766 
23.312214 20766 
23.343513 21016 
23.374610 20766 
23.406774 20766 
23.437953 20766 
23.469253 21016 
23.500351 20766 
23.532515 20766 
23.563684 20766 
23.594921 21016 
23.626038 20766 
23.658199 20516 
23.689482 20766 
23.720525 20622 
23.751682 20622 
23.782854 20622 
23.814021 20622 
23.845298 20872 
23.876402 20622 
23.907582 20622 
23.938763 20622 
23.970066 20872 
24.001160 20622 
24.032340 20622 
24.063521 20622 
24.094843 20872 
24.125917 20800 
24.157096 20800 
24.188277 20800 
24.219458 20800 
24.250639 20800 
24.281819 20800 
24.312999 20800 
24.344180 20800 
24.375474 21050 
24.406566 20800 
24.438727 20550 
24.470044 20800 
24.501076 20728 
24.532233 20728 
24.563414 20728 
24.594595 20728 
24.625776 20728 
24.656957 20728 
24.688137 20728 
24.719318 20728 
24.750599 20978 
24.781709 20728 
24.812890 20728 
24.844071 20728 
24.875347 20978 
24.906441 20728 
24.937607 20728 
24.968789 20728 
25.000065 20978 
25.031122 20728 
25.062286 20728 
25.124647 20728 
25.155711 20478 
25.186868 20478 
25.218215 20478 
25.249350 20584 
25.280448 20584 
25.311618 20584 
25.342799 20584 
25.373979 20584 
25.405160 20584 
25.436340 20584 
25.467520 20584 
25.498700 20584 
25.529872 20584 
25.561041 20584 
25.592222 20584 
25.623402 20584 
25.654565 20584 
25.685744 20584 
25.716923 20584 
25.748101 20584 
25.779394 20834 
25.810495 20584 
25.841655 20584 
25.872813 20584 
25.904104 20834 
25.935180 20584 
25.966340 20584 
25.997520 20584 
26.028828 20834 
26.059897 20334 
26.091065 20334 
26.122400 20584 
26.153527 20666 
26.184629 20416 
26.215797 20416 
26.246986 20416 
26.278241 20666 
26.309366 20416 
26.340554 20416 
26.371723 20416 
26.403013 20666 
26.434088 20618 
26.465247 20618 
26.496408 20618 
26.527564 20618 
26.558724 20618 
26.589901 20618 
26.621070 20618 
26.652239 20618 
26.683516 20868 
26.714622 20618 
26.745797 20618 
26.776974 20618 
26.808256 20868 
26.839361 20368 
26.870529 20368 
26.901856 20618 
26.932903 20522 
26.964058 20522 
26.995218 20522 
27.026387 20522 
27.057556 20522 
27.088725 20522 
27.119913 20522 
27.151090 20522 
27.182391 20772 
27.213515 20522 
27.244688 20522 
27.275856 20522 
27.307145 20772 
27.338275 20522 
27.369460 20522 
27.400632 20522 
27.431936 20772 
27.463012 20522 
27.494170 20522 
27.525331 20522 
27.556651 20772 
27.587839 20902 
27.618990 20402 
27.650168 20402 
27.681462 20652 
27.712546 20628 
27.743709 20628 
27.774867 20628 
27.806021 20628 
27.837175 20628 
27.868328 20628 
27.899489 20628 
27.930651 20628 
27.961811 20628 
27.992979 20628 
28.024147 20628 
28.055317 20628 
28.086616 20878 
28.117748 20628 
28.148929 20628 
28.180101 20628 
28.211394 20878 
28.242523 20628 
28.273716 20628 
28.304901 20628 
28.336210 20878 
28.367325 20628 
28.398512 20378 
28.429899 20628 
28.460935 20484 
28.492121 20484 
28.523308 20484 
28.554486 20484 
28.585777 20734 
28.616863 20484 
28.648034 20484 
28.679204 20484 
28.710500 20734 
28.741588 20686 
28.772762 20686 
28.803947 20686 
28.835117 20686 
28.866295 20686 
28.897469 20686 
28.928646 20686 
28.959821 20686 
28.990998 20686 
29.022170 20686 
29.053351 20686 
29.084531 20686 
29.115810 20936 
29.146926 20686 
29.178096 20436 
29.209402 20686 
29.240467 20590 
29.271619 20590 
29.302788 20590 
29.333965 20590 
29.365141 20590 
29.396318 20590 
29.427492 20590 
29.458666 20590 
29.489938 20840 
29.521050 20590 
29.552221 20590 
29.583398 20590 
29.614677 20840 
29.645773 20590 
29.676934 20590 
29.708096 20590 
29.739354 20840 
29.770482 20590 
29.801661 20590 
29.832833 20590 
29.864118 20840 
29.895203 20720 
29.926370 20720 
29.957531 20720 
29.988797 20720 
30.019879 20696 
30.051039 20696 
30.082198 20696 
30.113359 20696 
30.144520 20696 
30.175686 20696 
30.206846 20696 
30.238007 20696 
30.269167 20696 
30.300335 20696 
30.331494 20696 
30.362655 20696 
30.393815 20696 
30.424975 20696 
30.456135 20696 
30.487294 20696 
30.518559 20946 
30.549687 20696 
30.580857 20696 
30.612027 20696 
30.643287 20946 
30.674414 20696 
30.705593 20696 
30.736758 20696 
30.768052 20946 
30.799152 20446 
30.830329 20446 
30.861688 20696 
30.892825 20778 
30.923934 20528 
30.955095 20528 
30.986260 20528 
31.017536 20778 
31.048646 20528 
31.079820 20528 
31.110990 20528 
31.142307 20778 
31.173402 20730 
31.204591 20730 
31.235768 20730 
31.266942 20730 
31.298112 20730 
31.329276 20730 
31.360440 20730 
31.391615 20730 
31.422888 20980 
31.453997 20730 
31.485169 20730 
31.516335 20730 
31.547600 20980 
31.578718 20480 
31.609900 20480 
31.641231 20730 
31.672279 20634 
31.703448 20634 
31.734605 20634 
31.765769 20634 
31.797046 20884 
31.828158 20634 
31.859340 20634 
31.890526 20634 
31.921817 20884 
31.952943 20634 
31.984132 20634 
32.015304 20634 
32.046565 20884 
32.077679 20812 
32.108858 20812 
32.140031 20812 
32.171198 20812 
32.202362 20812 
32.233523 20812 
32.264687 20812 
32.295861 20812 
32.327138 21062 
32.358243 20562 
32.390410 20562 
32.421715 20812 
32.452781 20740 
32.483945 20740 
32.515121 20740 
32.546298 20740 
32.577476 20740 
32.608645 20740 
32.639820 20740 
32.670998 20740 
32.702278 20990 
32.733414 20740 
32.764597 20740 
32.795773 20740 
32.827075 20990 
32.858202 20740 
32.889391 20740 
32.920578 20740 
32.951878 20990 
32.982959 20740 
33.014123 20740 
33.045284 20740 
33.076554 20990 
33.107673 20490 
33.138851 20490 
33.170200 20740 
33.201353 20846 
33.232428 20846 
33.263585 20846 
33.294751 20846 
33.325930 20846 
33.357107 20846 
33.389439 20846 
33.420603 20846 
33.451786 20846 
33.482960 20846 
33.514130 20846 
33.545299 20846 
33.576470 20846 
33.607744 21096 
33.638852 20846 
33.671023 20846 
33.703193 20846 
33.735450 21096 
33.766565 20846 
33.798742 20596 
33.831057 20846 
33.862126 20726 
33.893298 20726 
33.924470 20726 
33.955630 20726 
33.986791 20726 
34.017951 20726 
34.049111 20726 
34.080270 20726 
34.111525 20976 
34.142638 20726 
34.173797 20726 
34.204971 20726 
34.236250 20976 
34.267336 20726 
34.298495 20726 
34.329657 20726 
34.360942 20976 
34.392020 20880 
34.423177 20880 
34.454336 20880 
34.485504 20880 
34.517748 21130 
34.549883 20630 
34.582054 20630 
34.613340 20880 
34.644419 20832 
34.675582 20832 
34.706742 20832 
34.737903 20832 
34.769058 20832 
34.800226 20832 
34.831392 20832 
34.862552 20832 
34.893713 20832 
34.924874 20832 
34.956035 20832 
34.987210 20832 
35.018486 21082 
35.049594 20832 
35.081765 20832 
35.113936 20832 
35.145226 21082 
35.176330 20832 
35.208505 20582 
35.240848 20832 
35.271876 20712 
35.303040 20712 
35.334211 20712 
35.365371 20712 
35.396532 20712 
35.427691 20712 
35.458850 20712 
35.490017 20712 
35.521280 20962 
35.552401 20712 
35.583576 20712 
35.614773 20712 
35.646049 20962 
35.677196 20712 
35.708365 20712 
35.739535 20712 
35.770823 20962 
35.801899 20712 
35.833061 20712 
35.864239 20712 
35.895548 20962 
35.926675 21092 
35.957796 20592 
35.989970 20592 
36.021261 20842 
36.052354 20818 
36.083518 20818 
36.114687 20818 
36.145849 20818 
36.177027 20818 
36.208203 20818 
36.239379 20818 
36.270556 20818 
36.301733 20818 
36.332909 20818 
36.364087 20818 
36.395263 20818 
36.426543 21068 
36.457650 20818 
36.489826 20818 
36.521997 20818 
36.553285 21068 
36.584392 20818 
36.616557 20818 
36.648885 20818 
36.679931 20698 
36.711090 20698 
36.742253 20698 
36.773424 20698 
36.804703 20948 
36.835821 20698 
36.866991 20698 
36.898161 20698 
36.929467 20948 
36.960556 20698 
36.991731 20698 
37.022902 20698 
37.054215 20948 
37.085297 20876 
37.116467 20876 
37.147642 20876 
37.178813 20876 
37.209990 20876 
37.241160 20876 
37.272355 20876 
37.304508 20876 
37.336811 21126 
37.368910 20626 
37.401084 20626 
37.432382 20876 
37.463440 20804 
37.494602 20804 
37.525785 20804 
37.556950 20804 
37.588126 20804 
37.619301 20804 
37.650480 20804 
37.681657 20804 
37.712899 21054 
37.744049 20804 
37.776225 20804 
37.807410 20804 
37.838699 21054 
37.869796 20804 
37.901968 20804 
37.933133 20804 
37.964406 21054 
37.995530 20804 
38.027706 20554 
38.059025 20804 
38.090171 20934 
38.121281 20684 
38.152458 20684 
38.183633 20684 
38.214937 20934 
38.246025 20910 
38.277195 20910 
38.308372 20910 
38.340546 20910 
38.372723 20910 
38.404910 20910 
38.437087 20910 
38.469264 20910 
38.501440 20910 
38.533618 20910 
38.565807 20910 
38.598027 20910 
38.630154 20838 
38.662331 20838 
38.693505 20838 
38.724681 20838 
38.755857 20838 
38.787035 20838 
38.818205 20838 
38.849376 20838 
38.880545 20838 
38.911721 20838 
38.942898 20838 
38.974068 20838 
39.005242 20838 
39.036414 20838 
39.067590 20838 
39.098759 20838 
39.130041 21088 
39.161155 20838 
39.193326 20838 
39.225497 20838 
39.256784 21088 
39.287879 20588 
39.320045 20588 
39.351358 20838 
39.382401 20694 
39.413564 20694 
39.444743 20694 
39.475939 20694 
39.507180 20944 
39.538316 20694 
39.569493 20694 
39.600673 20694 
39.631940 20944 
39.663056 20694 
39.694217 20694 
39.725378 20694 
39.756670 20944 
39.787767 20694 
39.818938 20694 
39.850109 20694 
39.881409 20944 
39.912490 20848 
39.943653 20848 
39.974824 20848 
40.005995 20848 
40.037266 21098 
40.068385 20598 
40.100565 20598 
40.131857 20848 
40.162942 20800 
40.194117 20800 
40.225277 20800 
40.256437 20800 
40.287598 20800 
40.318758 20800 
40.349918 20800 
40.381078 20800 
40.412239 20800 
40.443407 20800 
40.474575 20800 
40.505736 20800 
40.536984 21050 
40.568114 20800 
40.600284 20800 
40.631445 20800 
40.662723 21050 
40.693858 20800 
40.726043 20800 
40.757218 20800 
40.788487 21050 
40.819615 20550 
40.851787 20550 
40.883135 20800 
40.914172 20656 
40.945337 20656 
40.976505 20656 
41.007667 20656 
41.038963 20906 
41.070086 20656 
41.101274 20656 
41.132459 20656 
41.163744 20906 
41.194889 20656 
41.226091 20656 
41.257277 20656 
41.288550 20906 
41.319670 20834 
41.350842 20834 
41.382010 20834 
41.413183 20834 
41.444475 21084 
41.475599 20834 
41.507789 20584 
41.540109 20834 
41.571187 20786 
41.602346 20786 
41.633502 20786 
41.664665 20786 
41.695840 20786 
41.727016 20786 
41.758192 20786 
41.789367 20786 
41.820539 20786 
41.851705 20786 
41.882881 20786 
41.914054 20786 
41.945299 21036 
41.976434 20786 
42.008603 20786 
42.039773 20786 
42.071051 21036 
42.102167 20786 
42.134338 20786 
42.165506 20786 
42.196807 21036 
42.227913 20536 
42.260100 20536 
42.291434 20786 
42.322500 20642 
42.353673 20642 
42.384837 20642 
42.416002 20642 
42.447252 20892 
42.478360 20642 
42.509543 20642 
42.540726 20642 
42.572018 20892 
42.603092 20642 
42.634252 20642 
42.665414 20642 
42.696715 20892 
42.727804 20820 
42.758966 20820 
42.790126 20820 
42.821288 20820 
42.852455 20820 
42.883620 20820 
42.914786 20820 
42.945952 20820 
42.977207 21070 
43.008340 20570 
43.040528 20570 
43.071807 20820 
43.102861 20748 
43.134034 20748 
43.165194 20748 
43.196358 20748 
43.227525 20748 
43.258691 20748 
43.289846 20748 
43.320993 20748 
43.352252 20998 
43.383352 20748 
43.414536 20748 
43.445703 20748 
43.476974 20998 
43.508077 20748 
43.540260 20748 
43.571427 20748 
43.602710 20998 
43.633801 20748 
43.665984 20748 
43.697170 20748 
43.728480 20998 
43.759561 20498 
43.791733 20498 
43.823080 20748 
43.854103 20604 
43.885263 20604 
43.916423 20604 
43.947582 20604 
43.978848 20854 
44.009967 20604 
44.041148 20604 
44.072323 20604 
44.103616 20854 
44.134737 20806 
44.165911 20806 
44.197086 20806 
44.228256 20806 
44.259419 20806 
44.290583 20806 
44.321742 20806 
44.352901 20806 
44.384163 21056 
44.415267 20806 
44.447422 20806 
44.478652 20806 
44.509747 20734 
44.540902 20734 
44.572075 20734 
44.603256 20734 
44.634433 20734 
44.665581 20734 
44.696717 20734 
44.727876 20734 
44.759128 20984 
44.790230 20734 
44.821393 20734 
44.852555 20734 
44.883831 20984 
44.914963 20734 
44.946158 20734 
44.977339 20734 
45.008613 20984 
45.039685 20734 
45.070844 20734 
45.101998 20734 
45.133288 20984 
45.164357 20734 
45.195516 20734 
45.226692 20734 
45.257987 20984 
45.289231 21090 
45.320373 20840 
45.352561 20840 
45.384743 20840 
45.415915 20840 
45.447092 20840 
45.478263 20840 
45.509435 20840 
45.540595 20840 
45.571753 20840 
45.602913 20840 
45.634074 20840 
45.665241 20840 
45.696406 20840 
45.727566 20840 
45.758724 20840 
45.789992 21090 
45.821129 20840 
45.853314 20840 
45.885492 20840 
45.916788 21090 
45.947905 20590 
45.980084 20590 
46.011431 20840 
46.042475 20696 
46.073634 20696 
46.104794 20696 
46.135956 20696 
46.167124 20696 
46.198289 20696 
46.229452 20696 
46.260612 20696 
46.291909 20946 
46.323031 20696 
46.354211 20696 
46.385394 20696 
46.416705 20946 
46.447802 20696 
46.478966 20696 
46.510132 20696 
46.541437 20946 
46.572512 20850 
46.603693 20850 
46.634874 20850 
46.666039 20850 
46.728392 21100 
46.759516 20600 
46.791685 20600 
46.822850 20600 
46.854008 20600 
46.885171 20600 
46.916337 20600 
46.978559 20350 
47.009725 20350 
47.040907 20350 
47.103123 20100 
47.134288 20100 
47.195610 20100 
47.225713 19850 
47.255881 19850 
47.286040 19850 
47.316329 20100 
47.346421 19850 
47.376586 19850 
47.406751 19850 
47.437057 20100 
47.467126 19932 
47.497290 19932 
47.527454 19932 
47.557621 19932 
47.617838 19682 
47.648003 19682 
47.677167 19682 
47.735519 19932 
47.764634 19432 
47.793799 19432 
47.823066 19682 
47.852165 19432 
47.881317 19432 
47.910479 19432 
47.939776 19682 
47.968837 19586 
47.997999 19586 
48.027165 19586 
48.056331 19586 
48.114681 19836 
48.143799 19336 
48.172978 19336 
48.202295 19586 
48.231368 19538 
48.260525 19538 
48.289686 19538 
48.318851 19538 
48.377062 19538 
48.406219 19538 
48.464434 19288 
48.522778 19538 
48.551917 19038 
48.581096 19038 
48.638456 19288 
48.666592 18788 
48.694774 18788 
48.723064 19038 
48.751172 18942 
48.779357 18942 
48.807538 18942 
48.835725 18942 
48.891943 18692 
48.920109 18692 
48.976327 18692 
49.004596 18942 
49.032701 18692 
49.060852 18692 
49.089011 18692 
49.117281 18942 
49.145371 18692 
49.173530 18692 
49.201690 18692 
49.230002 18942 
49.258079 18846 
49.286244 18846 
49.314409 18846 
49.370626 18596 
49.398785 18596 
49.426944 18846 
49.483161 18596 
49.539492 18846 
49.567626 18346 
49.595800 18346 
49.623104 18596 
49.650194 18346 
49.677358 18346 
49.704515 18346 
49.731812 18596 
49.758875 18500 
49.786030 18750 
49.813201 18750 
49.840381 18750 
49.868558 18750 
49.896718 18750 
49.924890 18750 
49.953048 18750 
49.981224 18750 
50.009483 19000 
50.037590 18750 
50.065770 18750 
50.093953 18750 
50.122238 19000 
50.150351 18928 
50.178525 18928 
50.234735 18928 
50.262917 18928 
50.291099 18928 
50.319274 18928 
50.347432 18928 
50.375614 18928 
50.403899 19178 
50.432003 18928 
50.460182 18928 
50.488363 18928 
50.516639 19178 
50.544756 19106 
50.572917 19106 
50.601080 19106 
50.629239 19106 
50.657397 19356 
50.685557 19356 
50.713716 19356 
50.742875 19356 
50.772032 19356 
50.801215 19356 
50.830396 19356 
50.859582 19356 
50.888764 19356 
50.917993 19606 
50.947168 19356 
50.976333 19356 
51.005508 19356 
51.034792 19606 
51.063884 19356 
51.093076 19356 
51.122256 19356 
51.151592 19606 
51.180658 19486 
51.209837 19486 
51.239019 19486 
51.268200 19486 
51.297384 19486 
51.326564 19486 
51.355746 19486 
51.384928 19486 
51.414229 19736 
51.443326 19486 
51.472506 19486 
51.501689 19486 
51.531019 19736 
51.560097 19664 
51.589277 19664 
51.618459 19664 
51.647649 19664 
51.676831 19914 
51.735053 19664 
51.764212 19664 
51.793361 19664 
51.822639 19914 
51.851751 19664 
51.880911 19664 
51.910070 19664 
51.939344 19914 
51.968428 19664 
51.997600 19664 
52.026784 19664 
52.085169 19914 
52.114281 19414 
52.143450 19414 
52.172775 19664 
52.201843 19544 
52.231009 19544 
52.260171 19544 
52.289329 19544 
52.347689 19794 
52.376812 19294 
52.405978 19294 
52.435270 19544 
52.464341 19496 
52.493495 19496 
52.522662 19496 
52.580883 19246 
52.610048 19246 
52.668265 18996 
52.725483 18996 
52.753649 18996 
52.809858 18746 
52.866199 18996 
52.894303 18496 
52.922470 18496 
52.950762 18746 
52.977838 18650 
53.005999 18650 
53.034154 18650 
53.062312 18650 
53.118544 18400 
53.146710 18650 
53.201921 18400 
53.257275 18650 
53.284434 18150 
53.311620 18150 
53.365983 18400 
53.393147 17900 
53.420349 17900 
53.474710 18150 
53.501836 17900 
53.529008 17900 
53.556180 17900 
53.582530 18150 
53.608611 18030 
53.635799 18030 
53.662968 18030 
53.690132 18030 
53.717291 18280 
53.771636 18530 
53.798775 18030 
53.825946 18030 
53.853233 18280 
53.880316 18030 
53.907476 18030 
53.934644 18030 
53.988998 18280 
54.016103 18030 
54.043279 18030 
54.097655 18030 
54.124727 17934 
54.151896 17934 
54.205116 17684 
54.258457 17934 
54.284582 17684 
54.310760 17684 
54.336928 17684 
54.363223 17934 
54.389291 17684 
54.415445 17684 
54.441604 17684 
54.493957 17934 
54.520053 17684 
54.546214 17684 
54.572375 17684 
54.598794 17934 
54.624908 18088 
54.651042 17838 
54.677215 18088 
54.703379 18088 
54.730540 18088 
54.784911 18338 
54.812056 17838 
54.839256 17838 
54.892641 18088 
54.918770 17588 
54.945959 17838 
54.999347 17838 
55.025431 17766 
55.051592 17766 
55.077751 17766 
55.130077 17766 
55.156177 17992 
55.182337 17992 
55.208514 17992 
55.234696 17992 
55.286915 17742 
55.313097 17742 
55.339281 17742 
55.391500 17742 
55.443718 17492 
55.495935 17242 
55.548146 16992 
55.599364 16992 
55.650693 16992 
55.675797 16742 
55.700960 16742 
55.726149 16992 
55.776501 16992 
55.801584 16742 
55.826764 16742 
55.876996 16742 
55.927364 16992 
55.952515 16492 
55.977725 16492 
56.003096 16742 
56.028221 16824 
56.053326 16824 
56.078498 16824 
56.103657 16824 
56.128820 16824 
56.179163 17074 
56.204286 16824 
56.229456 16824 
56.254619 16824 
56.279920 17074 
56.304974 17026 
56.330125 17026 
56.355286 17276 
56.405507 17026 
56.430667 17026 
56.455833 17026 
56.506051 17026 
56.556378 17026 
56.581482 16776 
56.606650 16776 
56.656879 16776 
56.707220 17026 
56.732343 16526 
56.757519 16526 
56.782862 16776 
56.807901 16680 
56.833058 16930 
56.883268 16680 
56.908433 16680 
56.958768 16930 
56.983881 16680 
57.009045 16680 
57.034212 16680 
57.084577 16930 
57.109708 16430 
57.134898 16680 
57.185274 16680 
57.210401 16608 
57.235594 16608 
57.285816 16608 
57.336032 16358 
57.361195 16358 
57.411538 16108 
57.460896 16358 
57.484998 16108 
57.509163 16108 
57.557378 16108 
57.581655 16358 
57.605736 16108 
57.629894 16108 
57.678269 16108 
57.702305 16262 
57.726464 16262 
57.750625 16262 
57.798850 16012 
57.823032 16262 
57.871380 16512 
57.895495 16012 
57.919664 16012 
57.943831 16262 
57.992180 16512 
58.016316 16012 
58.040505 16012 
58.088862 16262 
58.112947 16190 
58.137106 16190 
58.161266 16190 
58.185421 16440 
58.233736 16440 
58.257839 16190 
58.282019 16190 
58.306195 16440 
58.354516 16440 
58.378622 16190 
58.402779 16190 
58.426939 16440 
58.475284 16440 
58.499361 16190 
58.523519 16190 
58.547672 16190 
58.596046 16440 
58.620105 16344 
58.644286 16344 
58.668461 16344 
58.716671 16344 
58.765052 16594 
58.789167 16094 
58.813336 16344 
58.861683 16344 
58.885810 16296 
58.910001 16296 
58.958223 16296 
59.006434 16046 
59.030590 16046 
59.054744 16296 
59.102954 16046 
59.151303 16296 
59.175417 16046 
59.199584 16046 
59.223749 16046 
59.272098 16296 
59.296227 16046 
59.320416 16046 
59.344598 16046 
59.392954 16296 
59.417085 16046 
59.441270 16046 
59.465445 16046 
59.489782 16296 
59.513824 16176 
59.537983 16176 
59.586191 16176 
59.610344 16176 
59.658693 16426 
59.682797 16176 
59.706964 16176 
59.755311 16176 
59.779379 16128 
59.803533 16378 
59.851744 16128 
59.899970 15878 
59.924150 16128 
59.972370 15878 
60.020597 15628 
60.044779 15878 
60.093000 15628 
60.117182 15628 
60.165531 15878 
60.189637 15628 
60.213802 15628 
60.237967 15628 
60.261278 15878 
60.284327 16032 
60.308489 16032 
60.356708 15782 
60.404923 15782 
60.453142 15532 
60.477324 15532 
60.501499 15532 
60.548808 15782 
60.571937 15532 
60.596117 15532 
60.619302 15532 
60.665647 15782 
60.688750 15532 
60.734878 15532 
60.781127 15532 
60.804191 15436 
60.827357 15686 
60.873568 15436 
60.896726 15436 
60.942966 15436 
60.966141 15436 
61.012350 15186 
61.058691 15436 
61.081804 15186 
61.104963 15186 
61.151172 15186 
61.197532 15436 
61.220629 14936 
61.243799 15186 
61.290157 15186 
61.313216 15090 
61.336370 15340 
61.359523 15340 
61.405732 15090 
61.451960 15090 
61.498186 14840 
61.544406 14840 
61.590775 15090 
61.613901 14590 
61.637077 14840 
61.683419 14840 
61.706499 14590 
61.729660 14590 
61.774868 14590 
61.820229 14840 
61.842320 14590 
61.864490 14590 
61.886660 14590 
61.931056 14840 
61.953244 14970 
61.975367 14720 
61.998538 14720 
62.043770 14720 
62.089139 14970 
62.111281 14720 
62.134478 14720 
62.179864 14720 
62.201910 14922 
62.224071 14922 
62.247236 14922 
62.293455 14922 
62.339677 14672 
62.362844 14672 
62.408063 14672 
62.453410 14672 
62.475506 14874 
62.497664 14874 
62.542874 14624 
62.587081 14624 
62.631296 14374 
62.675509 14374 
62.719726 14124 
62.763942 14124 
62.808158 13874 
62.852487 14124 
62.874592 13874 
62.896773 14124 
62.941000 13874 
62.985363 14124 
63.007479 13874 
63.029661 13874 
63.073877 13874 
63.118245 14124 
63.140362 13624 
63.162550 13874 
63.206944 13874 
63.229468 13980 
63.251151 14230 
63.273636 14480 
63.295788 14730 
63.317948 14980 
63.339962 15230 
63.362231 15480 
63.385326 15230 
63.408505 15230 
63.454735 15230 
63.501104 15480 
63.524257 15230 
63.547458 15230 
63.593833 15230 
63.616896 15432 
63.640065 15432 
63.663232 15432 
63.709453 15182 
63.755672 15182 
63.778841 15182 
63.825057 15182 
63.871386 15182 
63.894491 14932 
63.917670 14932 
63.963903 14932 
64.010265 15182 
64.033361 14932 
64.056526 14932 
64.102919 14932 
64.125935 15086 
64.149088 15086 
64.172245 15086 
64.218473 14836 
64.264817 15086 
64.287931 14836 
64.311099 14836 
64.357314 14836 
64.403680 15086 
64.426816 14836 
64.450005 14836 
64.496396 14836 
64.519437 14764 
64.542602 15014 
64.588814 14764 
64.635018 14764 
64.681236 14514 
64.727455 14514 
64.772784 14514 
64.794870 14264 
64.817054 14514 
64.839244 14514 
64.883612 14514 
64.905667 14692 
64.927847 14692 
64.950029 14692 
64.994250 14692 
65.038462 14442 
65.060638 14442 
65.104859 14442 
65.149182 14442 
65.171292 14644 
65.193449 14644 
65.237667 14394 
65.281893 14394 
65.326120 14394 
65.348302 14394 
65.392531 14144 
65.436764 14144 
65.458924 14144 
65.503143 14144 
65.547363 13894 
65.569521 13894 
65.613748 13894 
65.658079 13894 
65.680173 14048 
65.702332 14048 
65.746541 14048 
65.790760 13798 
65.834987 13798 
65.857161 13798 
65.901371 13548 
65.944601 13548 
65.965776 13548 
66.007996 13548 
66.050305 13548 
66.071412 13548 
66.092593 13548 
66.134818 13548 
66.177164 13548 
66.198270 13298 
66.219428 13548 
66.261647 13298 
66.304005 13548 
66.325113 13428 
66.346276 13678 
66.388495 13428 
66.430708 13428 
66.472922 13178 
66.494105 13428 
66.536333 13178 
66.578664 13428 
66.599779 13178 
66.620950 13178 
66.663160 13178 
66.705510 13428 
66.726635 13178 
66.747798 13178 
66.790007 13178 
66.832365 13428 
66.853478 13178 
66.874662 13178 
66.895836 13178 
66.938207 13428 
66.959263 13308 
66.980425 13308 
67.022638 13308 
67.064858 13308 
67.107209 13558 
67.128318 13058 
67.149490 13308 
67.191865 13308 
67.212929 13510 
67.234089 13510 
67.276296 13510 
67.318506 13260 
67.360736 13260 
67.402976 13010 
67.445206 13010 
67.487577 13260 
67.508684 13010 
67.529847 13010 
67.572062 13010 
67.614426 13260 
67.635555 13010 
67.656743 13010 
67.699142 13010 
67.720190 13164 
67.741351 13164 
67.762512 13164 
67.804722 13164 
67.846940 13164 
67.889168 12914 
67.931392 12914 
67.973723 12914 
67.994834 12914 
68.015990 12914 
68.058198 12664 
68.100533 12914 
68.121635 12664 
68.142816 12914 
68.185043 12664 
68.227397 12914 
68.248505 12664 
68.290600 12664 
68.332881 12664 
68.353918 12794 
68.374076 12794 
68.415287 12794 
68.456507 12544 
68.496865 12794 
68.516960 12544 
68.538123 12544 
68.579342 12544 
68.620684 12794 
68.640754 12544 
68.660908 12544 
68.681079 12794 
68.721461 12794 
68.741516 12972 
68.762676 12972 
68.804887 12972 
68.847106 12722 
68.889340 12722 
68.910499 12722 
68.952718 12722 
68.995072 12722 
69.016170 12924 
69.037345 12924 
69.079566 12674 
69.121802 12674 
69.164023 12674 
69.206257 12424 
69.247484 12424 
69.288712 12174 
69.329929 12174 
69.371152 12174 
69.412519 12424 
69.432615 12174 
69.452779 12174 
69.492992 12174 
69.513266 12424 
69.533350 12174 
69.553504 12424 
69.593717 12174 
69.634078 12424 
69.654143 12304 
69.674300 12554 
69.714521 12304 
69.754756 12304 
69.794984 12304 
69.815165 12304 
69.855392 12304 
69.895722 12304 
69.915824 12304 
69.936004 12304 
69.976229 12304 
70.016588 12304 
70.036675 12482 
70.056834 12482 
70.097051 12482 
70.137277 12232 
70.177506 12232 
70.217740 11982 
70.257975 11982 
70.298203 11982 
70.338414 11732 
70.378634 11732 
70.419002 11982 
70.439096 11732 
70.459261 11732 
70.499478 11732 
70.539828 11982 
70.559900 11732 
70.580054 11732 
70.620267 11732 
70.660660 11982 
70.680711 11862 
70.720826 11862 
70.760924 11612 
70.801118 11862 
70.821233 11612 
70.841392 11862 
70.881628 11612 
70.921969 11862 
70.942103 11612 
70.962276 11862 
71.002511 11612 
71.042879 11862 
71.063023 11790 
71.083225 12040 
71.123469 11790 
71.163691 11790 
71.203903 11790 
71.244121 11540 
71.284338 11540 
71.324680 11790 
71.344786 11540 
71.364948 11540 
71.385107 11790 
71.425458 11790 
71.445538 11968 
71.485636 11718 
71.525732 11718 
71.565838 11718 
71.605946 11468 
71.646050 11468 
71.686157 11468 
71.726263 11218 
71.765369 11218 
71.804472 11218 
71.843702 11468 
71.862809 11218 
71.881981 11218 
71.920202 11218 
71.958564 11468 
71.977662 11218 
71.996830 11218 
72.016008 11468 
72.054423 11468 
72.073516 11598 
72.092703 11598 
72.112906 11598 
72.133085 11848 
72.153249 11848 
72.173415 11848 
72.193576 12098 
72.213854 12348 
72.233933 12098 
72.254086 12348 
72.274242 12348 
72.294419 12348 
72.314593 12598 
72.334893 12848 
72.354980 12598 
72.375147 12848 
72.395304 12848 
72.416481 12848 
72.437821 13098 
72.458856 13276 
72.480034 13276 
72.501209 13276 
72.522384 13526 
72.543556 13526 
72.564737 13526 
72.585907 13776 
72.607173 14026 
72.628301 13776 
72.650475 13776 
72.672644 14026 
72.694805 14026 
72.717090 14276 
72.739160 14228 
72.761313 14478 
72.783475 14478 
72.805649 14478 
72.827818 14478 
72.849975 14728 
72.872151 14728 
72.894326 14728 
72.916501 14978 
72.938676 14978 
72.961852 14978 
72.985028 14978 
73.008208 14978 
73.031366 15228 
73.054543 15228 
73.077726 15228 
73.101003 15478 
73.124069 15656 
73.147247 15656 
73.170421 15656 
73.193598 15656 
73.216793 15906 
73.239960 15906 
73.264135 15906 
73.288311 15906 
73.312479 15906 
73.336635 16156 
73.360782 16156 
73.384958 16156 
73.409127 16156 
73.433294 16156 
73.457461 16406 
73.481635 16406 
73.505795 16406 
73.529970 16406 
73.554146 16406 
73.578315 16406 
73.602490 16656 
73.626759 16906 
73.651881 16656 
73.677058 16656 
73.702235 16656 
73.727411 16906 
73.752702 17156 
73.777808 16906 
73.802990 16906 
73.828146 16906 
73.853486 17156 
73.878522 17012 
73.903682 17262 
73.928857 17262 
73.954030 17262 
73.979206 17262 
74.004468 17512 
74.029568 17262 
74.055744 17512 
74.081919 17512 
74.108086 17512 
74.134377 17762 
74.160479 17512 
74.186655 17512 
74.212824 17512 
74.239180 17762 
74.265213 17940 
74.291381 17940 
74.317539 17940 
74.343714 17940 
74.369889 17940 
74.396169 18190 
74.422268 17940 
74.449442 17940 
74.476610 18190 
74.502766 18190 
74.530047 18440 
74.557139 18190 
74.584313 18190 
74.611487 18190 
74.638803 18440 
74.665875 18368 
74.693049 18368 
74.720217 18368 
74.747371 18618 
74.774528 18618 
74.801704 18618 
74.828878 18618 
74.856053 18618 
74.883228 18618 
74.910515 18868 
74.937618 18618 
74.965793 18618 
74.993962 18618 
75.022208 18868 
75.049303 18796 
75.077483 19046 
75.105657 19046 
75.133831 19046 
75.162006 19046 
75.190181 19046 
75.218356 19046 
75.246531 19046 
75.274705 19046 
75.302880 19046 
75.331054 19046 
75.359228 19046 
75.387395 19046 
75.415633 19296 
75.443756 19046 
75.471931 19046 
75.500106 19046 
75.528441 19296 
75.556476 19450 
75.584650 19450 
75.613825 19450 
75.642999 19450 
75.672174 19450 
75.701349 19450 
75.730524 19450 
75.759698 19450 
75.788874 19450 
75.818160 19700 
75.847255 19450 
75.876418 19450 
75.905602 19450 
75.934893 19700 
75.963977 19450 
75.993152 19450 
76.022326 19450 
76.051645 19700 
76.080712 19604 
76.109891 19604 
76.139065 19604 
76.168239 19604 
76.197415 19604 
76.226590 19604 
76.255764 19604 
76.284939 19604 
76.314239 19854 
76.343331 19806 
76.372506 19806 
76.401681 19806 
76.430855 19806 
76.460029 19806 
76.489202 19806 
76.518378 19806 
76.547543 19806 
76.576720 20056 
76.605878 20056 
76.636033 20056 
76.666195 20056 
76.696380 20056 
76.726611 20306 
76.756761 20056 
76.786927 20056 
76.817089 20056 
76.847379 20306 
76.877504 20056 
76.907691 19806 
76.937979 20056 
76.968065 19936 
76.998226 19936 
77.028383 19936 
77.058545 19936 
77.088721 19936 
77.118905 19936 
77.149079 19936 
77.179254 19936 
77.209544 20186 
77.239629 20138 
77.269803 20138 
77.299977 20138 
77.330152 20138 
77.360326 20138 
77.390536 20138 
77.420737 20138 
77.480964 19888 
77.511128 19888 
77.571343 19638 
77.630566 19388 
77.659745 19388 
77.718079 19388 
77.747193 19542 
77.776370 19542 
77.805551 19542 
77.834720 19542 
77.863891 19542 
77.922114 19292 
77.951294 19292 
77.980466 19292 
78.038695 19042 
78.067851 19042 
78.096013 19042 
78.152280 18792 
78.180459 18792 
78.208631 18792 
78.265002 19042 
78.293135 18542 
78.321312 18542 
78.376685 18792 
78.403819 18542 
78.432011 18542 
78.487393 18542 
78.514460 18398 
78.541626 18398 
78.595837 18148 
78.650162 18398 
78.677278 18148 
78.704448 18148 
78.758801 18148 
78.785889 17898 
78.813053 17898 
78.866414 17898 
78.892488 17826 
78.944557 17826 
78.996627 17576 
79.048697 17326 
79.074857 17326 
79.127082 17326 
79.179344 17076 
79.205521 17076 
79.230700 17076 
79.281104 17326 
79.306225 17076 
79.331409 17076 
79.381793 17076 
79.406852 16980 
79.432016 16980 
79.482228 16980 
79.532544 16980 
79.557663 16730 
79.582834 16730 
79.633073 16730 
79.683326 16480 
79.708501 16480 
79.733673 16480 
79.784025 16730 
79.809149 16480 
79.834325 16480 
79.884715 16480 
79.909753 16384 
79.958841 16384 
80.007924 16134 
80.057134 16384 
80.081271 16134 
80.105455 16134 
80.153822 16134 
80.177903 16086 
80.202067 16336 
80.250277 16086 
80.274440 16086 
80.322665 16086 
80.346844 16086 
80.395081 15836 
80.443303 15836 
80.467482 15836 
80.515697 15586 
80.564029 15836 
80.588146 15586 
80.612323 15586 
80.659688 15586 
80.682762 15740 
80.705932 15740 
80.730101 15740 
80.778313 15490 
80.825537 15490 
80.872761 15240 
80.919985 15240 
80.967209 14990 
81.014448 14990 
81.061801 14990 
81.084912 14740 
81.108090 14740 
81.154315 14740 
81.200673 14990 
81.223768 14740 
81.246935 14740 
81.293311 14740 
81.316364 14870 
81.362428 14620 
81.407493 14620 
81.452673 14620 
81.474787 14370 
81.496965 14620 
81.541202 14370 
81.585574 14620 
81.607676 14370 
81.629847 14370 
81.674070 14370 
81.718461 14620 
81.740584 14120 
81.762783 14370 
81.807186 14370 
81.829229 14274 
81.851394 14524 
81.895609 14274 
81.917775 14274 
81.962106 14524 
81.984218 14274 
82.006394 14524 
82.050631 14274 
82.094972 14524 
82.117092 14274 
82.139282 14274 
82.183510 14274 
82.227873 14524 
82.250005 14024 
82.272216 14274 
82.316630 14274 
82.339187 14428 
82.360868 14678 
82.383417 14928 
82.405509 15178 
82.427462 15428 
82.450806 15678 
82.473901 15928 
82.497001 15928 
82.521177 15928 
82.569399 15928 
82.617645 15678 
82.665866 15678 
82.714087 15428 
82.761326 15178 
82.784499 15428 
82.830723 15178 
82.877070 15428 
82.900195 15178 
82.923386 15178 
82.969776 15178 
82.992818 15332 
83.038878 15082 
83.084938 15082 
83.131109 15082 
83.154224 14832 
83.177409 15082 
83.223639 14832 
83.269894 14582 
83.293069 14832 
83.338286 14582 
83.361601 14832 
83.383655 15010 
83.405814 15010 
83.451027 14760 
83.496253 14760 
83.541466 14510 
83.585689 14510 
83.630044 14510 
83.652151 14712 
83.696241 14462 
83.740355 14462 
83.784455 14212 
83.828567 14212 
83.872665 13962 
83.916764 13962 
83.960852 13712 
84.004950 13712 
84.049060 13462 
84.092157 13462 
84.135255 13462 
84.178382 13212 
84.199550 13212 
84.241763 13212 
84.284116 13462 
84.305191 13212 
84.326354 13212 
84.368577 13212 
84.410932 13462 
84.432031 13212 
84.453208 13212 
84.495433 13212 
84.537821 13462 
84.558930 12962 
84.580147 13212 
84.622593 13212 
84.643601 13270 
84.664902 13520 
84.685996 13270 
84.728103 13270 
84.770354 13270 
84.791435 13496 
84.812622 13496 
84.854860 13496 
84.897100 13246 
84.939325 13246 
84.960503 13246 
85.002726 13246 
85.045056 13246 
85.066169 13246 
85.108264 12996 
85.150363 12996 
85.192496 12746 
85.213663 12996 
85.255891 12746 
85.298244 12996 
85.319308 12900 
85.340467 12900 
85.382682 12900 
85.424907 12900 
85.467171 12650 
85.488367 12650 
85.530592 12650 
85.571875 12650 
85.592069 12650 
85.612255 12650 
85.652488 12650 
85.692881 12900 
85.713009 12650 
85.734212 12650 
85.775439 12650 
85.816835 12900 
85.836953 12650 
85.858152 12650 
85.899381 12650 
85.940789 12900 
85.960876 12780 
85.982076 12780 
86.024318 12780 
86.066667 12780 
86.087746 12756 
86.108912 13006 
86.130066 13006 
86.172281 13006 
86.214522 12756 
86.256755 12756 
86.298986 12506 
86.340211 12506 
86.381442 12506 
86.422655 12256 
86.464005 12506 
86.484134 12256 
86.504307 12506 
86.544532 12256 
86.584886 12506 
86.604955 12256 
86.625110 12506 
86.665329 12256 
86.705707 12506 
86.725793 12386 
86.745970 12636 
86.786200 12386 
86.826423 12386 
86.866664 12386 
86.886842 12386 
86.927063 12386 
86.967390 12386 
86.987490 12386 
87.007659 12386 
87.027831 12386 
87.068043 12386 
87.108404 12636 
87.128494 12386 
87.148682 12386 
87.188899 12386 
87.209214 12636 
87.229265 12540 
87.249426 12790 
87.289640 12540 
87.329866 12540 
87.370131 12540 
87.390303 12540 
87.430535 12540 
87.470896 12540 
87.490978 12742 
87.531056 12492 
87.571134 12492 
87.611213 12492 
87.651291 12242 
87.691384 12242 
87.731477 12242 
87.771555 11992 
87.811634 11992 
87.851730 11992 
87.891828 11742 
87.912006 11992 
87.952240 11742 
87.992586 11992 
88.012688 11742 
88.032868 11992 
88.073098 11742 
88.113456 11992 
88.133538 11872 
88.153715 12122 
88.193954 11872 
88.234176 11872 
88.274399 11872 
88.314628 11622 
88.354851 11622 
88.395106 11622 
88.415279 11622 
88.455502 11622 
88.495841 11622 
88.515925 11800 
88.536103 11800 
88.576343 11800 
88.616564 11550 
88.656777 11550 
88.697013 11550 
88.737242 11300 
88.776479 11300 
88.795651 11300 
88.833872 11300 
88.872091 11300 
88.910353 11050 
88.929525 11300 
88.948694 11300 
88.986916 11300 
89.025279 11550 
89.044400 11300 
89.082528 11300 
89.120820 11300 
89.139847 11430 
89.159014 11430 
89.197227 11430 
89.235434 11430 
89.273746 11430 
89.292851 11430 
89.312008 11430 
89.350245 11430 
89.388630 11430 
89.407683 11632 
89.446789 11632 
89.485891 11382 
89.524015 11382 
89.562128 11382 
89.600255 11132 
89.638369 11132 
89.676488 11132 
89.695660 11132 
89.733902 11132 
89.772120 11132 
89.810379 10882 
89.829545 11132 
89.867762 10882 
89.906117 11132 
89.925171 11286 
89.963246 11036 
90.001329 11036 
90.039413 11036 
90.077512 11036 
90.096684 11036 
90.115856 11036 
90.154070 11036 
90.192305 11036 
90.211469 11036 
90.230646 11036 
90.268885 11036 
90.288184 11286 
90.307271 11464 
90.345395 11464 
90.383505 11214 
90.421636 11214 
90.459756 11214 
90.497865 10964 
90.535990 10964 
90.574103 10964 
90.593259 10964 
90.631475 10964 
90.669687 10964 
90.707927 10714 
90.727094 10964 
90.765302 10964 
90.803661 10964 
90.822730 11118 
90.860795 10868 
90.898866 10868 
90.936932 10868 
90.975003 10868 
90.994176 10868 
91.032392 10868 
91.070724 10868 
91.089817 11070 
91.108994 11070 
91.128160 11070 
91.166374 11070 
91.204597 11070 
91.242821 11070 
91.281049 10820 
91.319271 10820 
91.357508 10820 
91.395732 10820 
91.433965 10570 
91.472206 10570 
91.491372 10570 
91.529579 10570 
91.567795 10570 
91.606044 10570 
91.625215 10570 
91.663432 10570 
91.701791 10570 
91.720845 10700 
91.758900 10450 
91.796971 10450 
91.835042 10450 
91.873121 10450 
91.911173 10200 
91.949236 10200 
91.987318 10200 
92.006485 10200 
92.025647 10450 
92.063873 10200 
92.102237 10450 
92.121330 10378 
92.159426 10378 
92.197540 10378 
92.235641 10378 
92.273747 10128 
92.311851 10128 
92.349966 10128 
92.387072 10128 
92.405254 10128 
92.441475 10128 
92.477812 10128 
92.495891 10306 
92.532986 10306 
92.552144 10306 
92.590377 10306 
92.628603 10056 
92.665827 10056 
92.703052 10056 
92.740276 10056 
92.777500 10056 
92.814722 9806 
92.851958 9806 
92.889349 10056 
92.907485 9806 
92.925661 10056 
92.961896 9806 
92.998252 10056 
93.016323 10210 
93.052402 9960 
93.088486 9960 
93.124595 9960 
93.160688 9960 
93.196802 9960 
93.232902 9710 
93.269089 9960 
93.287208 9960 
93.305379 9960 
93.341602 9960 
93.377967 9960 
93.396043 10138 
93.414224 10138 
93.450447 10138 
93.486686 10138 
93.522897 10138 
93.559132 9888 
93.595368 9888 
93.631604 9888 
93.667928 10138 
93.686054 9888 
93.704236 10138 
93.740472 9888 
93.776832 10138 
93.794938 10138 
93.813104 10138 
93.849322 10138 
93.885555 10138 
93.921882 10388 
93.940030 10138 
93.959208 10138 
93.996433 10138 
94.033753 10388 
94.051859 10138 
94.088982 10138 
94.125103 10138 
94.161350 10388 
94.179482 10138 
94.216631 10138 
94.252945 10138 
94.270994 10220 
94.307206 10470 
94.326338 10220 
94.364467 10220 
94.402704 10220 
94.421800 10446 
94.440960 10446 
94.460116 10446 
94.498323 10446 
94.536535 10446 
94.574741 10446 
94.612951 10196 
94.651163 10196 
94.689499 10446 
94.708615 10196 
94.746710 10196 
94.784808 10196 
94.823005 10446 
94.842155 10196 
94.861346 10196 
94.899579 10196 
94.937944 10446 
94.957043 10196 
94.976211 10196 
95.014430 10196 
95.052852 10446 
95.072008 10576 
95.091160 10326 
95.129313 10326 
95.167453 10326 
95.205713 10576 
95.224861 10326 
95.244045 10326 
95.282276 10326 
95.320614 10576 
95.339753 10326 
95.377924 10326 
95.416073 10326 
95.454370 10576 
95.473520 10326 
95.492715 10326 
95.530954 10326 
95.569314 10576 
95.588475 10730 
95.607612 10480 
95.645806 10480 
95.683967 10480 
95.722251 10730 
95.741367 10480 
95.760538 10480 
95.798770 10480 
95.837106 10730 
95.856269 10480 
95.894419 10480 
95.932716 10480 
95.951760 10658 
95.989858 10408 
96.027936 10408 
96.066021 10408 
96.104273 10658 
96.123370 10408 
96.142548 10408 
96.180782 10408 
96.219116 10658 
96.238235 10408 
96.257401 10658 
96.295620 10408 
96.333988 10658 
96.353040 10586 
96.372195 10836 
96.410404 10586 
96.448623 10586 
96.486860 10586 
96.525080 10586 
96.563316 10336 
96.601655 10586 
96.620762 10336 
96.639921 10586 
96.678143 10336 
96.716510 10586 
96.735572 10764 
96.773669 10514 
96.811786 10514 
96.849901 10514 
96.888015 10264 
96.926129 10264 
96.964224 10264 
97.002464 10514 
97.021589 10264 
97.059678 10264 
97.097919 10264 
97.116993 10442 
97.136154 10442 
97.174373 10442 
97.212592 10442 
97.250810 10192 
97.289028 10192 
97.327247 10192 
97.365466 10192 
97.403684 9942 
97.440904 9942 
97.478115 9942 
97.515456 10192 
97.533575 9942 
97.569712 9942 
97.605839 9942 
97.642102 10192 
97.660262 9942 
97.678453 9942 
97.714684 9942 
97.751027 10192 
97.769122 10072 
97.787284 10322 
97.824502 10072 
97.860711 10072 
97.897043 10322 
97.915153 10072 
97.951276 10072 
97.987402 10072 
98.023650 10322 
98.041748 10072 
98.060909 10072 
98.098122 10072 
98.135446 10322 
98.153541 10072 
98.189627 10072 
98.225736 10072 
98.261967 10322 
98.280070 10226 
98.317197 10226 
98.354302 10226 
98.391534 10226 
98.410643 10226 
98.448757 9976 
98.485862 9976 
98.523082 10226 
98.541183 9976 
98.559355 10226 
98.595586 10226 
98.631980 10226 
98.650026 10404 
98.669183 10404 
98.707389 10404 
98.745608 10404 
98.783935 10404 
98.803049 10404 
98.822210 10404 
98.860432 10404 
98.898777 10404 
98.917897 10606 
98.937059 10606 
98.956220 10856 
98.975393 10856 
98.994550 10856 
99.013712 11106 
99.032863 11106 
99.052013 11106 
99.071175 11356 
99.090345 11356 
99.109502 11356 
99.128680 11606 
99.147852 11606 
99.167031 11856 
99.187205 11856 
99.207376 11856 
99.227541 12106 
99.247715 12106 
99.267886 12106 
99.288180 12356 
99.308283 12534 
99.328455 12534 
99.348633 12534 
99.368809 12784 
99.388978 12784 
99.409153 12784 
99.430330 13034 
99.451503 13034 
99.472679 13034 
99.493839 13284 
99.515007 13284 
99.536187 13284 
99.557364 13534 
99.578544 13534 
99.599722 13534 
99.620894 13534 
99.642072 13784 
99.663245 13784 
99.684518 14034 
99.705617 14034 
99.727791 14034 
99.749977 14034 
99.772152 14034 
99.794322 14284 
99.816636 14534 
99.838704 14284 
99.860880 14284 
99.883050 14534 
99.905208 14534 
99.927539 14784 
99.949618 14664 
99.971787 14914 
99.993941 14914 
100.017119 14914 
100.040296 14914 
100.063475 15164 
100.086632 15164 
100.109810 15164 
100.132985 15164 
100.156155 15414 
100.179312 15414 
100.202592 15664 
100.225700 15414 
100.248869 15414 
100.272027 15664 
100.318383 15664 
100.341466 15592 
100.364639 15842 
100.411863 15592 
100.436029 15592 
100.459191 15592 
100.482344 15842 
100.529556 15592 
100.553726 15592 
100.576883 15842 
100.624111 15592 
100.648288 15592 
100.671459 15592 
100.694620 15842 
100.717906 16092 
100.741999 15842 
100.766168 15842 
100.790327 15842 
100.814492 16092 
100.838780 16342 
100.862885 16092 
100.887059 16092 
100.935280 16092 
100.983659 16342 
101.007802 15842 
101.055938 15842 
101.104206 16092 
101.128348 15592 
101.176485 15592 
101.224726 15842 
101.248861 15342 
101.296026 15342 
101.343334 15592 
101.366456 15150 
101.412562 15150 
101.458814 15150 
101.481862 15126 
101.527923 15126 
101.573990 14876 
101.620203 15126 
101.643321 14876 
101.689422 14626 
101.735644 14876 
101.758741 14626 
101.803833 14626 
101.849094 14626 
101.871143 14554 
101.915205 14554 
101.959294 14304 
102.003504 14554 
102.025640 14304 
102.069778 14304 
102.114031 14304 
102.136112 14506 
102.180215 14256 
102.224321 14256 
102.268451 14006 
102.312579 14006 
102.356709 13756 
102.400839 13756 
102.444962 13506 
102.488092 13506 
102.531340 13756 
102.552452 13506 
102.594577 13256 
102.636810 13506 
102.657912 13256 
102.700028 13256 
102.742297 13256 
102.763348 13386 
102.805431 13136 
102.847516 13136 
102.889603 12886 
102.931687 12886 
102.973773 12886 
103.015978 12886 
103.037082 12886 
103.058264 12886 
103.100501 12636 
103.142857 12886 
103.163956 12636 
103.206049 12636 
103.247133 12636 
103.288372 12886 
103.308471 12386 
103.348573 12386 
103.388835 12636 
103.408964 12766 
103.429086 12516 
103.449247 12766 
103.489460 12516 
103.529785 12766 
103.549892 12516 
103.589986 12516 
103.630083 12516 
103.670315 12766 
103.690420 12516 
103.730534 12266 
103.770797 12516 
103.790860 12444 
103.830942 12444 
103.871029 12444 
103.911244 12444 
103.931358 12444 
103.971467 12194 
104.011579 12194 
104.051847 12444 
104.071970 12194 
104.112096 12194 
104.152366 12194 
104.172415 12372 
104.192575 12372 
104.232794 12372 
104.273011 12122 
104.313223 12122 
104.353442 12122 
104.393661 11872 
104.433995 12122 
104.454097 11872 
104.494208 11872 
104.534320 11872 
104.574570 12122 
104.594688 11872 
104.634813 11622 
104.675079 11872 
104.695161 11776 
104.735271 11776 
104.775377 11776 
104.815582 11776 
104.835710 11776 
104.875809 11526 
104.915933 11526 
104.956208 11776 
104.976359 11526 
105.016478 11526 
105.056709 11526 
105.076801 11704 
105.116928 11454 
105.157045 11454 
105.196162 11454 
105.235302 11204 
105.274442 11204 
105.313583 11204 
105.352844 11454 
105.371963 11204 
105.411248 10954 
105.449524 11204 
105.468614 10954 
105.506726 10954 
105.544843 10954 
105.583092 11204 
105.602180 10954 
105.640289 10954 
105.678555 10954 
105.697611 11084 
105.735686 11084 
105.773764 10834 
105.811839 10834 
105.850048 11084 
105.869151 10834 
105.907237 10834 
105.945348 10834 
105.983611 11084 
106.002702 10834 
106.040811 10584 
106.079060 10834 
106.098176 10762 
106.136259 10762 
106.174328 10762 
106.212388 10762 
106.250450 10512 
106.288511 10512 
106.326571 10512 
106.364771 10762 
106.383877 10512 
106.421960 10512 
106.460207 10512 
106.479269 10690 
106.517350 10690 
106.555440 10440 
106.593549 10440 
106.631656 10440 
106.669765 10190 
106.707863 10190 
106.746068 10440 
106.765168 10190 
106.803259 10190 
106.841377 10190 
106.879625 10440 
106.898746 10190 
106.936864 10190 
106.975139 10190 
106.994195 10344 
107.032269 10094 
107.070339 10094 
107.107414 10094 
107.144513 10094 
107.181612 9844 
107.218709 9844 
107.255928 10094 
107.274039 9844 
107.310154 9844 
107.346277 9844 
107.382533 10094 
107.400623 9844 
107.436758 9844 
107.472874 9844 
107.509122 10094 
107.527216 9844 
107.563335 9844 
107.599646 9844 
107.617647 9974 
107.653830 10224 
107.671970 9974 
107.708110 9974 
107.744228 9974 
107.780468 10224 
107.798594 9974 
107.834735 9974 
107.870997 9974 
107.889058 10176 
107.925138 10176 
107.961215 9926 
107.997294 9926 
108.033488 10176 
108.051602 9926 
108.087722 9926 
108.123858 9926 
108.160130 10176 
108.178230 9926 
108.214349 9926 
108.250464 9926 
108.286726 10176 
108.304789 9926 
108.340894 9926 
108.377002 9926 
108.413281 10176 
108.431375 9926 
108.467486 9926 
108.503776 9926 
108.521795 10056 
108.558004 10306 
108.576113 10056 
108.612229 10056 
108.648483 10056 
108.666554 10282 
108.702659 10282 
108.739757 10032 
108.775858 10032 
108.811968 10032 
108.848095 10032 
108.884207 10032 
108.920317 9782 
108.956426 9782 
108.992536 9782 
109.028646 9782 
109.064886 10032 
109.083006 9782 
109.119119 9782 
109.155252 9782 
109.191525 10032 
109.209625 9782 
109.245750 9782 
109.282017 9782 
109.300065 9912 
109.336137 9912 
109.372209 9662 
109.408305 9662 
109.444490 9912 
109.462585 9662 
109.498729 9662 
109.534889 9662 
109.571169 9912 
109.589260 9662 
109.625380 9662 
109.661486 9662 
109.697758 9912 
109.715868 9662 
109.751976 9662 
109.788205 9662 
109.806283 9816 
109.842499 10066 
109.860592 9816 
109.896718 9816 
109.932859 9816 
109.969166 10066 
109.987274 9816 
110.023406 9816 
110.059674 9816 
110.077732 10018 
110.113808 10018 
110.149890 9768 
110.185972 9768 
110.222063 9768 
110.258155 9768 
110.294245 9768 
110.330428 9768 
110.348536 9768 
110.384683 9768 
110.420842 9518 
110.457128 9768 
110.475227 9946 
110.511355 9696 
110.547482 9696 
110.583611 9696 
110.619746 9696 
110.655875 9696 
110.692002 9446 
110.728139 9446 
110.764266 9446 
110.800402 9446 
110.836546 9446 
110.872798 9696 
110.890930 9446 
110.927058 9446 
110.963313 9446 
110.981393 9600 
111.017496 9600 
111.053601 9350 
111.089718 9350 
111.125828 9350 
111.161943 9350 
111.198053 9100 
111.234170 9100 
111.270278 9100 
111.306389 9100 
111.342497 9100 
111.378738 9350 
111.396849 9100 
111.415031 9100 
111.451260 9100 
111.487629 9350 
111.505704 9100 
111.541804 9100 
111.577908 9100 
111.614168 9350 
111.632248 9100 
111.668324 9100 
111.704409 9100 
111.740656 9350 
111.758741 9100 
111.794874 9100 
111.831217 9100 
111.849218 9182 
111.885416 9432 
111.903525 9182 
111.939650 9182 
111.975742 9182 
112.012172 9432 
112.030274 9658 
112.048486 9908 
112.066594 9908 
112.102736 9658 
112.138868 9658 
112.175131 9908 
112.193213 9658 
112.229322 9658 
112.265438 9658 
112.301701 9908 
112.319797 9658 
112.355899 9658 
112.392011 9658 
112.428260 9908 
112.446352 9658 
112.482465 9658 
112.518760 9658 
112.536792 9812 
112.572981 10062 
112.591116 9812 
112.627244 9812 
112.663359 9812 
112.699591 10062 
112.717731 9812 
112.753853 9812 
112.790151 9812 
112.808194 10014 
112.844254 10014 
112.880311 9764 
112.916370 9764 
112.952570 10014 
112.970692 9764 
113.006855 9764 
113.043008 9764 
113.079302 10014 
113.097412 9764 
113.133545 9764 
113.169684 9764 
113.205943 10014 
113.224036 9764 
113.260131 9764 
113.296235 9764 
113.332492 10014 
113.350591 9764 
113.386724 9764 
113.423028 9764 
113.441043 9894 
113.459314 10144 
113.477431 10144 
113.513526 9894 
113.549651 9894 
113.585890 10144 
113.604012 9894 
113.640146 9894 
113.676268 9894 
113.712526 10144 
113.730649 9894 
113.766818 9894 
113.802992 9894 
113.839311 10144 
113.857446 9894 
113.893588 9894 
113.929886 9894 
113.947922 10048 
113.984052 10298 
114.002226 10048 
114.038382 10048 
114.074554 10048 
114.110843 10298 
114.128990 10048 
114.147195 10048 
114.183460 10048 
114.219830 10298 
114.237930 10048 
114.274050 10048 
114.310162 10048 
114.346422 10298 
114.364493 10048 
114.400592 10048 
114.436695 10048 
114.472964 10298 
114.491047 10202 
114.528146 9952 
114.564245 9952 
114.600454 10202 
114.618525 10178 
114.654646 10178 
114.690774 10178 
114.726895 10178 
114.763015 10178 
114.799135 9928 
114.835256 9928 
114.871395 9928 
114.907527 9928 
114.943650 9928 
114.979913 9928 
114.998018 10106 
115.034111 10106 
115.070218 9856 
115.106326 9856 
115.142433 9856 
115.178517 9856 
115.214601 9856 
115.250686 9606 
115.286779 9606 
115.322872 9606 
115.358967 9606 
115.395189 9856 
115.413313 9606 
115.449483 9606 
115.485647 9606 
115.521931 9856 
115.540082 9606 
115.576256 9606 
115.612537 9606 
115.630593 9736 
115.666708 9736 
115.702812 9486 
115.738917 9486 
115.775037 9486 
115.811154 9486 
115.847272 9486 
115.883530 9486 
115.901643 9486 
115.937777 9236 
115.973915 9236 
116.010184 9486 
116.028269 9414 
116.064354 9414 
116.100449 9230 
