0.000047 250 
0.090381 500 
0.172617 750 
0.248878 1000 
0.319137 1250 
0.385366 1500 
0.447536 1750 
0.505752 2000 
0.560934 2250 
0.613128 2500 
0.662300 2750 
0.709488 3000 
0.754699 3250 
0.797874 3500 
0.839087 3750 
0.878261 4000 
0.916477 4250 
0.952612 4500 
0.987817 4750 
1.021992 5000 
1.055178 5250 
1.087380 5500 
1.118554 5750 
1.148759 6000 
1.177930 6250 
1.206137 6500 
1.233308 6750 
1.259494 7000 
1.285665 7250 
1.310834 7500 
1.335035 7750 
1.359203 8000 
1.382391 8250 
1.405585 8500 
1.427770 8750 
1.449945 9000 
1.471136 9250 
1.492286 9500 
1.512453 9750 
1.532646 10000 
1.551789 10250 
1.570981 10500 
1.590156 10750 
1.608366 11000 
1.626611 11250 
1.644857 11500 
1.662135 11750 
1.679308 12000 
1.696553 12250 
1.712780 12500 
1.728997 12750 
1.745221 13000 
1.761447 13250 
1.776613 13500 
1.791774 13750 
1.806960 13750 
1.822134 14000 
1.836307 14000 
1.850481 14250 
1.864654 14250 
1.878818 14500 
1.892979 14500 
1.906134 14750 
1.919290 14750 
1.932439 15000 
1.945592 15000 
1.958740 15250 
1.970898 15500 
1.983056 15500 
1.995205 15750 
2.007356 15750 
2.019511 16000 
2.031668 16250 
2.043825 16250 
2.054982 16500 
2.066137 16500 
2.077293 16750 
2.088442 17000 
2.099595 17000 
2.110750 17250 
2.121900 17500 
2.132050 17500 
2.142205 17750 
2.152362 18000 
2.162533 18000 
2.172689 18250 
2.182846 18500 
2.193006 18500 
2.203161 18750 
2.213317 18750 
2.222467 19000 
2.231622 19250 
2.240777 19500 
2.249926 19500 
2.259078 19750 
2.268226 20000 
2.277379 20000 
2.286533 20250 
2.295691 20500 
2.304856 20500 
2.314012 20750 
2.323167 21000 
2.332319 21250 
2.341467 21250 
2.350623 21500 
2.360780 21750 
2.370938 21750 
2.381095 22000 
2.391251 22250 
2.401409 22250 
2.411567 22500 
2.421723 22750 
2.431871 22750 
2.442027 23000 
2.453177 23250 
2.464327 23250 
2.475482 23500 
2.486640 23500 
2.497798 23750 
2.508954 24000 
2.520112 24000 
2.532270 24250 
2.544427 24250 
2.556577 24500 
2.568737 24750 
2.580910 24750 
2.593061 25000 
2.605211 25000 
2.618369 25250 
2.631524 25500 
2.644674 25500 
2.657832 25750 
2.670989 25750 
2.685144 26000 
2.699301 26000 
2.713460 26250 
2.727617 26250 
2.741774 26500 
2.756932 26500 
2.772086 26750 
2.787234 26750 
2.802391 27000 
2.818547 27000 
2.834706 27250 
2.850864 27250 
2.867011 27500 
2.884157 27500 
2.901307 27750 
2.918454 27750 
2.936611 27750 
2.954769 28000 
2.972925 28000 
2.992080 28250 
3.011242 28250 
3.030400 28250 
3.050560 28500 
3.070710 28500 
3.091869 28500 
3.113032 28750 
3.135185 28750 
3.157342 28750 
3.180500 28750 
3.203659 28750 
3.227818 29000 
3.251975 29000 
3.277136 29000 
3.303296 29000 
3.329457 29000 
3.356620 29000 
3.384782 29000 
3.413940 29000 
3.444097 29000 
3.475260 29000 
3.507429 29000 
3.540594 29000 
3.574756 29000 
3.609932 29000 
3.646109 29000 
3.684287 28750 
3.723474 28750 
3.764638 28750 
3.807798 28500 
3.852963 28500 
3.900126 28250 
3.949289 28250 
4.001453 28000 
4.056616 27750 
4.114776 27500 
4.176938 27250 
4.243103 27000 
4.313286 26750 
4.389452 26250 
4.471618 25750 
4.561782 25250 
4.659944 24750 
4.769110 24000 
4.892316 23250 
5.032503 22500 
5.195666 21250 
5.390872 20000 
5.634097 18000 
5.877446 16750 
6.072579 15958 
6.235753 14208 
6.375912 13458 
6.499094 12708 
6.608278 11958 
6.706457 11458 
6.796652 10958 
6.879028 10708 
6.955119 10766 
7.025296 10016 
7.091475 9766 
7.153640 9516 
7.211885 9766 
7.267035 9016 
7.319308 9266 
7.368451 8766 
7.415808 8766 
7.460891 8670 
7.504069 8420 
7.545234 8420 
7.584522 8670 
7.622652 8170 
7.658828 8170 
7.694106 8420 
7.728241 8170 
7.761424 8170 
7.793785 8170 
7.824807 8098 
7.854973 8098 
7.884123 8098 
7.912281 8348 
7.939435 8348 
7.965623 8598 
7.991747 8348 
8.016897 8348 
8.041047 8348 
8.065317 8598 
8.088389 8800 
8.111541 8800 
8.133691 8800 
8.155844 8800 
8.176993 9050 
8.198143 9050 
8.218295 9050 
8.238447 9300 
8.257598 9300 
8.276749 9300 
8.295900 9550 
8.314058 9550 
8.332208 9800 
8.350467 10050 
8.367568 9800 
8.384722 10050 
8.401880 10050 
8.418033 10300 
8.434190 10300 
8.450340 10550 
8.466540 10800 
8.481663 10800 
8.496820 10800 
8.511967 11050 
8.527119 11050 
8.541280 11300 
8.555435 11300 
8.569595 11550 
8.583895 11800 
8.597961 11954 
8.611116 11954 
8.624287 12204 
8.637469 12204 
8.650627 12454 
8.663762 12454 
8.675925 12704 
8.688092 12954 
8.700264 12954 
8.712421 13204 
8.724580 13204 
8.736735 13454 
8.748907 13704 
8.760057 13704 
8.771212 13954 
8.782410 14204 
8.793567 14204 
8.804716 14454 
8.815865 14454 
8.827019 14704 
8.837169 14954 
8.847444 15204 
8.857533 15406 
8.867688 15656 
8.877859 15656 
8.888011 15906 
8.898182 16156 
8.908341 16156 
8.918518 16406 
8.927688 16656 
8.936838 16656 
8.946013 16906 
8.955160 17156 
8.964336 17156 
8.973499 17406 
8.982647 17656 
8.991739 17906 
9.000899 17906 
9.010059 18156 
9.019212 18406 
9.028366 18406 
9.036527 18656 
9.044679 18906 
9.052836 19156 
9.060991 19156 
9.069152 19406 
9.077305 19656 
9.085459 19656 
9.093617 19906 
9.101778 20156 
9.109926 20406 
9.118093 20406 
9.126257 20656 
9.134404 20906 
9.142539 21156 
9.150717 21156 
9.158879 21406 
9.167041 21656 
9.175195 21656 
9.183345 21906 
9.192505 22156 
9.201659 22406 
9.210819 22406 
9.219970 22656 
9.229117 22906 
9.238278 22906 
9.247452 23156 
9.256604 23406 
9.265776 23406 
9.274925 23656 
9.284091 23906 
9.293239 24156 
9.303392 24156 
9.313547 24406 
9.323696 24406 
9.333877 24656 
9.344055 24906 
9.354301 25156 
9.364412 25310 
9.374571 25560 
9.384750 25560 
9.395917 25810 
9.407076 26060 
9.418226 26060 
9.429390 26310 
9.440569 26560 
9.451723 26560 
9.462871 26810 
9.475055 26810 
9.487228 27060 
9.499403 27310 
9.511561 27310 
9.523707 27560 
9.535858 27560 
9.548013 27810 
9.561169 28060 
9.574348 28060 
9.587522 28310 
9.600679 28310 
9.613830 28560 
9.628000 28560 
9.642164 28810 
9.656344 28810 
9.670516 29060 
9.684688 29060 
9.699835 29310 
9.714991 29310 
9.730142 29560 
9.745404 29810 
9.761500 29810 
9.777658 29810 
9.793817 30060 
9.809981 30060 
9.827157 30310 
9.844336 30310 
9.861515 30560 
9.879764 30810 
9.897870 30560 
9.916026 30810 
9.935181 30810 
9.954332 30810 
9.973521 31060 
9.993810 31310 
10.013895 31190 
10.035046 31440 
10.056201 31440 
10.078382 31440 
10.100564 31690 
10.123737 31690 
10.146912 31690 
10.171088 31690 
10.195266 31690 
10.220448 31940 
10.246613 31940 
10.272856 32190 
10.300002 31940 
10.328172 31940 
10.357353 31940 
10.387653 32190 
10.418738 31940 
10.450913 31940 
10.484089 31940 
10.518378 32190 
10.553515 31690 
10.589697 31690 
10.628023 31940 
10.667088 31820 
10.708250 31570 
10.751414 31570 
10.796688 31820 
10.843800 31320 
10.893088 31320 
10.945165 31022 
11.000329 31022 
11.058509 30772 
11.120686 30522 
11.186863 30022 
11.257044 29772 
11.333333 30022 
11.415447 29272 
11.505622 28772 
11.603789 28022 
11.713078 28022 
11.836285 27272 
11.976532 26522 
12.139655 25022 
12.334840 24022 
12.578016 22272 
12.899186 19772 
13.372355 16272 
13.693531 13772 
13.936718 12022 
14.132001 11022 
14.295227 10272 
14.435356 8772 
14.558641 8772 
14.667765 7522 
14.765939 7022 
14.856105 6522 
14.938273 6022 
15.014457 5772 
15.084637 5272 
15.150816 5022 
15.212993 4772 
15.271159 4522 
15.326322 4272 
15.378488 4272 
15.427656 4022 
15.474817 3772 
15.520069 4022 
15.563212 3772 
15.604372 3522 
15.643617 3772 
15.681753 3522 
15.717924 3272 
15.753206 3522 
15.787302 3360 
15.820462 3360 
15.852627 3360 
15.883803 3360 
15.913974 3360 
15.943136 3360 
15.971298 3360 
15.998457 3360 
16.024704 3610 
16.050840 3360 
16.076016 3360 
16.100196 3610 
16.124373 3610 
16.147692 3860 
16.170772 3788 
16.192932 4038 
16.215093 4038 
16.236251 4038 
16.257413 4038 
16.277572 4288 
16.297736 4288 
16.316905 4288 
16.336075 4538 
16.355236 4538 
16.373421 4538 
16.391662 4788 
16.409911 5038 
16.427025 5038 
16.444201 5038 
16.461391 5288 
16.477562 5288 
16.493720 5288 
16.509876 5538 
16.526166 5788 
16.541258 5966 
16.556440 5966 
16.571620 6216 
16.586802 6216 
16.600958 6466 
16.615118 6466 
16.629273 6716 
16.643462 6716 
16.657625 6966 
16.670807 7216 
16.683986 7216 
16.697159 7466 
16.710348 7466 
16.723527 7716 
16.735685 7716 
16.747867 7966 
16.760030 8216 
16.772187 8216 
16.784348 8466 
16.796526 8466 
16.808707 8716 
16.819878 8966 
16.831033 8966 
16.842213 9216 
16.853405 9216 
16.864569 9466 
16.875753 9716 
16.886937 9716 
16.897110 9966 
16.907291 10216 
16.917556 10466 
16.927664 10466 
16.937845 10716 
16.948018 10716 
16.958194 10966 
16.968367 11216 
16.978525 11216 
16.987681 11466 
16.996837 11716 
17.006002 11716 
17.015174 11966 
17.024353 12216 
17.033589 12466 
17.042705 12620 
17.051879 12870 
17.061093 13120 
17.070251 13120 
17.079429 13370 
17.088608 13620 
17.096790 13620 
17.104971 13870 
17.113146 14120 
17.121296 14370 
17.129443 14370 
17.137623 14620 
17.145778 14870 
17.153946 14870 
17.162102 15120 
17.170282 15370 
17.178459 15620 
17.186635 15620 
17.194811 15870 
17.201968 16120 
17.209124 16370 
17.216293 16370 
17.223471 16620 
17.230648 16870 
17.237827 17120 
17.244997 17120 
17.252173 17370 
17.259343 17620 
17.266521 17870 
17.273688 17870 
17.280853 18120 
17.288021 18370 
17.295174 18620 
17.302353 18870 
17.309519 18870 
17.316674 19120 
17.323837 19370 
17.330002 19620 
17.336161 19620 
17.342331 19870 
17.348508 20120 
17.354686 20370 
17.360850 20620 
17.367027 20620 
17.373203 20870 
17.379369 21120 
17.386531 21370 
17.393711 21370 
17.400882 21620 
17.408057 21870 
17.415205 22120 
17.422368 22370 
17.429598 22620 
17.436709 22798 
17.443882 23048 
17.451050 23298 
17.458217 23298 
17.465381 23548 
17.472551 23798 
17.479730 24048 
17.493952 24048 
17.501124 24298 
17.508279 24548 
17.515445 24548 
17.523625 24798 
17.531763 25048 
17.539939 25298 
17.548107 25298 
17.556257 25548 
17.564413 25798 
17.572593 26048 
17.580777 26048 
17.588954 26298 
17.597133 26548 
17.605313 26548 
17.613495 26798 
17.621682 27048 
17.630859 27298 
17.640037 27298 
17.649193 27548 
17.658349 27798 
17.667507 27798 
17.676658 28048 
17.685821 28298 
17.695001 28298 
17.704173 28548 
17.713324 28798 
17.722478 29048 
17.731659 29048 
17.741810 29298 
17.751963 29548 
17.762134 29548 
17.772302 29798 
17.782476 30048 
17.792656 30048 
17.802809 30298 
17.812962 30548 
17.823202 30798 
17.834324 30798 
17.845470 30798 
17.856620 31048 
17.867786 31298 
17.878942 31298 
17.890110 31548 
17.901281 31798 
17.913461 31798 
17.925640 32048 
17.937912 32298 
17.950006 32452 
17.962191 32702 
17.974370 32702 
17.986564 32952 
17.999744 32952 
18.025918 32952 
18.039068 33202 
18.052221 33452 
18.065378 33452 
18.079536 33702 
18.093692 33702 
18.107847 33952 
18.122003 33952 
18.136153 34202 
18.151309 34202 
18.166467 34452 
18.181623 34452 
18.196775 34702 
18.212942 34702 
18.229111 34952 
18.245281 34952 
18.261440 35202 
18.278598 35202 
18.295766 35202 
18.312952 35452 
18.331239 35702 
18.349339 35702 
18.367515 35702 
18.386696 35702 
18.405872 35952 
18.425051 35952 
18.445340 36202 
18.465426 36356 
18.486605 36356 
18.507796 36356 
18.529974 36606 
18.552151 36606 
18.575306 36606 
18.598456 36606 
18.622612 36856 
18.646777 36856 
18.671931 36856 
18.698092 36856 
18.724259 36856 
18.751424 36856 
18.779598 36856 
18.808754 36856 
18.839003 37106 
18.870113 37034 
18.902279 37034 
18.935447 37034 
18.969623 37034 
19.004790 37034 
19.040966 37034 
19.079147 36784 
19.118315 36784 
19.159473 36784 
19.202639 36534 
19.247916 36784 
19.295030 36284 
19.344308 36284 
19.396369 36188 
19.451530 35938 
19.509692 35688 
19.571849 35438 
19.638014 35188 
19.708191 34688 
19.784482 34938 
19.866748 34188 
19.956838 33438 
20.055144 33688 
20.164264 32438 
20.287550 32188 
20.427775 31438 
20.590902 29938 
20.786076 28438 
21.029239 26688 
21.350409 24938 
21.823580 21188 
22.723771 14438 
23.137025 11188 
24.037312 4688 
24.510516 938 
24.831645 250 
25.074809 250 
25.269974 250 
25.433138 250 
25.573300 250 
25.696455 250 
25.805619 250 
25.903776 250 
25.993942 250 
26.076103 250 
26.152262 250 
26.222426 250 
26.288590 250 
26.350748 250 
26.408906 250 
26.464084 250 
26.516265 250 
26.565449 250 
26.612609 250 
26.657775 250 
26.700957 250 
26.742132 250 
26.781300 250 
26.819459 250 
26.855641 250 
26.890824 250 
26.925012 250 
26.958175 250 
26.990348 250 
27.021500 250 
27.051652 250 
27.080804 250 
27.108963 250 
27.136137 250 
27.162319 250 
27.188477 250 
27.213659 250 
27.237840 250 
27.262015 500 
27.285179 500 
27.308334 500 
27.330494 500 
27.352648 750 
27.373808 750 
27.394964 750 
27.415131 750 
27.435299 1000 
27.454454 1000 
27.473623 1000 
27.492786 1250 
27.510938 1250 
27.529114 1500 
27.547297 1500 
27.564479 1500 
27.581636 1750 
27.598794 1750 
27.614951 2000 
27.631109 2000 
27.647265 2250 
27.663424 2250 
27.678578 2500 
27.693737 2500 
27.708893 2750 
27.724047 2750 
27.738203 3000 
27.752346 3000 
27.766502 3250 
27.780654 3250 
27.794809 3500 
27.807965 3500 
27.821123 3750 
27.834280 3750 
27.847438 4000 
27.860593 4250 
27.872747 4250 
27.884904 4500 
27.897061 4500 
27.909218 4750 
27.921374 5000 
27.933525 5000 
27.945689 5250 
27.956846 5250 
27.968002 5500 
27.979157 5750 
27.990314 5750 
28.001472 6000 
28.012635 6250 
28.023793 6250 
28.033950 6500 
28.044105 6500 
28.054251 6750 
28.064406 7000 
28.074564 7000 
28.084711 7250 
28.094866 7500 
28.105024 7500 
28.115170 7750 
28.124324 8000 
28.133487 8000 
28.142643 8250 
28.151763 8500 
28.160918 8750 
28.170075 8750 
28.179222 9000 
28.188376 9250 
28.197532 9250 
28.206677 9500 
28.215830 9750 
28.224985 9750 
28.233141 10000 
28.241290 10250 
28.249444 10500 
28.257601 10500 
28.265755 10750 
28.273915 11000 
28.282070 11250 
28.290261 11250 
28.298415 11500 
28.306581 11750 
28.314739 11750 
28.322894 12000 
28.331045 12250 
28.338201 12500 
28.345356 12500 
28.352512 12750 
28.359658 13000 
28.366806 13250 
28.373975 13250 
28.381130 13500 
28.388286 13750 
28.395436 14000 
28.402583 14250 
28.409753 14250 
28.416908 14500 
28.424056 14750 
28.431205 15000 
28.438374 15000 
28.445530 15250 
28.452679 15500 
28.459826 15750 
28.465994 15750 
28.472149 16000 
28.478305 16250 
28.484455 16500 
28.490603 16750 
28.496766 16750 
28.502915 17000 
28.509063 17250 
28.515212 17500 
28.521368 17750 
28.527524 17750 
28.533679 18000 
28.539831 18250 
28.545979 18500 
28.552133 18750 
28.558289 18750 
28.564445 19000 
28.570601 19250 
28.576751 19500 
28.582904 19750 
28.589060 19750 
28.595215 20000 
28.601369 20250 
28.607517 20500 
28.613672 20500 
28.619826 20750 
28.625988 21000 
28.632142 21250 
28.638291 21500 
28.644448 21500 
28.650603 21750 
28.656758 22000 
28.662907 22250 
28.669069 22500 
28.675224 22500 
28.681387 22750 
28.687542 23000 
28.693698 23250 
28.699844 23500 
28.705998 23500 
28.712152 23750 
28.718309 24000 
28.724465 24250 
28.730615 24500 
28.736770 24500 
28.742924 24750 
28.750081 25000 
28.757237 25250 
28.764395 25250 
28.771550 25500 
28.778713 25750 
28.785869 26000 
28.793018 26250 
28.800172 26250 
28.807327 26500 
28.814484 26750 
28.821639 27000 
28.828795 27000 
28.835948 27250 
28.843101 27500 
28.850249 27750 
28.857406 27750 
28.864561 28000 
28.871715 28250 
28.879880 28500 
28.888041 28500 
28.896187 28750 
28.904343 29000 
28.912507 29250 
28.920662 29250 
28.928809 29500 
28.936965 29750 
28.945114 29750 
28.953282 30000 
28.961437 30250 
28.969593 30500 
28.977742 30500 
28.986897 30750 
28.996060 31000 
29.005222 31000 
29.014389 31250 
29.023565 31500 
29.032729 31750 
29.041909 31750 
29.051085 32000 
29.060248 32250 
29.069430 32250 
29.078608 32500 
29.087763 32750 
29.097921 32750 
29.108076 33000 
29.118233 33250 
29.128385 33250 
29.138541 33500 
29.148698 33750 
29.158849 33750 
29.169005 34000 
29.179169 34250 
29.190319 34250 
29.201475 34500 
29.212631 34750 
29.223767 34750 
29.234923 35000 
29.246089 35000 
29.257247 35250 
29.269405 35500 
29.281551 35500 
29.293704 35750 
29.305862 35750 
29.318030 36000 
29.330183 36250 
29.342344 36250 
29.355505 36500 
29.368657 36500 
29.381821 36750 
29.394983 36750 
29.408143 37000 
29.422290 37250 
29.436459 37250 
29.450617 37500 
29.464776 37500 
29.478929 37750 
29.494096 37750 
29.509259 38000 
29.524408 38000 
29.539561 38250 
29.555724 38250 
29.571889 38500 
29.588035 38500 
29.604197 38500 
29.621356 38750 
29.638517 38750 
29.655681 39000 
29.673838 39000 
29.691991 39250 
29.710150 39250 
29.729313 39250 
29.748483 39500 
29.767639 39500 
29.787803 39500 
29.807965 39750 
29.829140 39750 
29.850324 39750 
29.872506 40000 
29.894679 40000 
29.917853 40000 
29.941011 40000 
29.965162 40000 
29.989321 40000 
30.014476 40000 
30.040643 40000 
30.066802 40000 
30.093961 40000 
30.122127 40000 
30.151311 40000 
30.181492 40000 
30.212672 40000 
30.244860 40000 
30.278030 40000 
30.312196 40000 
30.347348 40000 
30.383517 39750 
30.421675 39750 
30.460833 39750 
30.501999 39750 
30.545163 39500 
30.590323 39500 
30.637506 39250 
30.686682 39000 
30.739048 39250 
30.794103 38816 
30.852278 38566 
30.914550 38816 
30.980695 38066 
31.050889 37566 
31.127215 37566 
31.209309 36994 
31.299486 36494 
31.397696 36244 
31.507026 35494 
31.630149 35672 
31.770281 34172 
31.933463 33172 
32.128641 31672 
32.371816 29922 
32.693009 28422 
33.166177 24672 
34.066360 17422 
34.479604 14172 
35.379817 6922 
35.853183 3422 
36.174236 856 
36.417430 250 
36.612615 250 
36.775780 250 
36.915943 250 
37.039107 250 
37.148268 250 
37.246429 250 
37.336595 250 
37.418771 250 
37.494932 250 
37.565071 250 
37.631212 250 
37.693361 250 
37.751534 250 
37.806702 250 
37.858876 250 
37.908047 250 
37.955208 250 
38.000367 250 
38.043531 250 
38.084697 250 
38.123858 250 
38.162021 250 
38.198187 250 
38.233353 250 
38.267530 250 
38.300668 250 
38.332806 250 
38.363944 250 
38.394094 250 
38.423253 500 
38.451404 500 
38.478570 500 
38.504737 500 
38.530900 500 
38.556053 500 
38.580229 500 
38.604388 500 
38.627543 750 
38.650685 750 
38.672829 750 
38.694968 750 
38.716108 1000 
38.737243 1000 
38.757386 1000 
38.777528 1250 
38.796657 1250 
38.815805 1250 
38.834966 1500 
38.853116 1500 
38.871252 1750 
38.889417 1750 
38.906576 1750 
38.923732 2000 
38.940892 2000 
38.957029 2250 
38.973181 2250 
38.989325 2500 
39.005467 2500 
39.020607 2750 
39.035750 2750 
39.050907 3000 
39.066039 3000 
39.080179 3250 
39.094317 3250 
39.108490 3500 
39.122656 3500 
39.136816 3750 
39.149947 3750 
39.163088 4000 
39.176220 4000 
39.189356 4250 
39.202487 4500 
39.214625 4500 
39.226765 4750 
39.238894 4750 
39.251036 5000 
39.263169 5250 
39.275304 5250 
39.287448 5500 
39.298613 5500 
39.309760 5750 
39.320897 6000 
39.332039 6000 
39.343180 6250 
39.354330 6250 
39.365466 6500 
39.375609 6750 
39.385772 6750 
39.395924 7000 
39.406064 7250 
39.416213 7250 
39.426349 7500 
39.436491 7750 
39.446646 7750 
39.456791 8000 
39.465954 8250 
39.475115 8250 
39.484274 8500 
39.493416 8750 
39.502555 9000 
39.511691 9000 
39.520838 9250 
39.530000 9500 
39.539153 9500 
39.548289 9750 
39.557428 10000 
39.566575 10000 
39.574718 10250 
39.582874 10500 
39.591021 10750 
39.599192 10750 
39.607342 11000 
39.615498 11250 
39.623652 11250 
39.631807 11500 
39.639961 11750 
39.648122 12000 
39.656293 12000 
39.664449 12250 
39.672614 12500 
39.679756 12750 
39.686923 12750 
39.694077 13000 
39.701235 13250 
39.708391 13500 
39.715562 13500 
39.722718 13750 
39.729886 14000 
39.737053 14250 
39.744215 14250 
39.751393 14500 
39.758558 14750 
39.772768 15000 
39.779923 15000 
39.787084 15250 
39.794263 15500 
39.801433 15750 
39.808599 15750 
39.814776 16000 
39.820949 16250 
39.827107 16500 
39.833263 16750 
39.839427 16750 
39.845598 17000 
39.851757 17250 
39.857911 17500 
39.864068 17500 
39.870222 17750 
39.876373 18000 
39.882524 18250 
39.888680 18500 
39.894836 18500 
39.900993 18750 
39.907157 19000 
39.913332 19250 
39.919486 19500 
39.925667 19500 
39.931841 19750 
39.938009 20000 
39.944174 20250 
39.950352 20500 
39.956502 20500 
39.962681 20750 
39.968846 21000 
39.975022 21250 
39.981196 21500 
39.987376 21500 
39.993545 21750 
39.999710 22000 
40.005899 22250 
40.012085 22500 
40.018250 22500 
40.024428 22750 
40.030606 23000 
40.036776 23250 
40.042951 23500 
40.049116 23500 
40.055293 23750 
40.061457 24000 
40.067639 24250 
40.073798 24250 
40.079974 24500 
40.087150 24750 
40.094313 25000 
40.101486 25250 
40.108649 25250 
40.115826 25500 
40.122993 25750 
40.130167 26000 
40.137323 26000 
40.144477 26250 
40.151641 26500 
40.158809 26750 
40.165987 26750 
40.173156 27000 
40.180335 27250 
40.187514 27500 
40.194680 27500 
40.201850 27750 
40.209028 28000 
40.217206 28250 
40.225388 28250 
40.233558 28500 
40.241736 28750 
40.249919 29000 
40.258084 29000 
40.266254 29250 
40.274432 29500 
40.282614 29750 
40.290793 29750 
40.298918 30000 
40.307058 30250 
40.315215 30250 
40.324371 30500 
40.333527 30750 
40.342686 31000 
40.351833 31000 
40.360978 31250 
40.370141 31500 
40.379314 31500 
40.388469 31750 
40.397626 32000 
40.406777 32000 
40.415929 32250 
40.425085 32500 
40.435254 32500 
40.445411 32750 
40.455567 33000 
40.465730 33000 
40.475885 33250 
40.486040 33500 
40.496191 33500 
40.506349 33750 
40.516506 34000 
40.527657 34000 
40.538814 34250 
40.549971 34500 
40.561130 34500 
40.572286 34750 
40.583444 34750 
40.594601 35000 
40.606757 35250 
40.618915 35250 
40.631078 35500 
40.643235 35750 
40.655393 35750 
40.667549 36000 
40.679709 36000 
40.692875 36250 
40.706045 36250 
40.719204 36500 
40.732361 36750 
40.745520 36750 
40.759677 37000 
40.773837 37000 
40.787990 37250 
40.802143 37250 
40.816300 37500 
40.831453 37500 
40.846611 37750 
40.861765 37750 
40.876916 38000 
40.893069 38000 
40.909237 38250 
40.925390 38250 
40.941555 38500 
40.958713 38500 
40.975868 38500 
40.993023 38750 
41.011180 38750 
41.029338 39000 
41.047493 39000 
41.066657 39000 
41.085823 39250 
41.104999 39250 
41.125159 39250 
41.145317 39500 
41.166482 39500 
41.187641 39500 
41.209800 39750 
41.231961 39750 
41.255119 39750 
41.278275 39750 
41.302432 40000 
41.326592 40000 
41.351750 40000 
41.377908 40000 
41.404069 40000 
41.431225 40000 
41.459386 40000 
41.488546 40000 
41.518708 40000 
41.549872 40000 
41.582031 40000 
41.615194 40000 
41.649355 40000 
41.684510 40000 
41.720671 40000 
41.758831 39750 
41.797999 39750 
41.839165 39750 
41.882327 39500 
41.927488 39500 
41.974652 39250 
42.023935 39250 
42.076012 39146 
42.131175 38896 
42.189339 38646 
42.251499 38396 
42.317667 38146 
42.387850 37646 
42.464026 37396 
42.546352 37146 
42.636525 36550 
42.734740 36050 
42.843927 35300 
42.967111 34550 
43.107394 34300 
43.270513 32800 
43.465679 31300 
43.708864 29550 
44.030044 27300 
44.503231 23550 
45.403431 16800 
45.816694 13550 
46.716885 6800 
47.190093 3050 
47.511574 1050 
47.754519 250 
47.949689 250 
48.112868 250 
48.253050 250 
48.376233 250 
48.485416 250 
48.583596 250 
48.673774 250 
48.755950 250 
48.832122 250 
48.902301 250 
48.968480 250 
49.030652 250 
49.088825 250 
49.144005 250 
49.196185 250 
49.245365 250 
49.292541 250 
49.337715 250 
49.380892 250 
49.422072 250 
49.502303 250 
49.540475 250 
49.576655 250 
49.611833 250 
49.646013 250 
49.679184 250 
49.711364 250 
49.742544 250 
49.772715 250 
49.801898 250 
49.830077 250 
49.857250 250 
49.883420 250 
49.909593 500 
49.934772 500 
49.958956 500 
49.983137 500 
50.006318 500 
50.029500 750 
50.051674 750 
50.073872 750 
50.095050 750 
50.116230 1000 
50.136400 1000 
50.156573 1000 
50.175761 1250 
50.194944 1250 
50.214133 1250 
50.232299 1500 
50.250490 1500 
50.268669 1750 
50.285847 1750 
50.303025 2000 
50.320202 2000 
50.336373 2000 
50.352553 2250 
50.384796 2250 
50.400964 2250 
50.416126 2500 
50.431287 2500 
50.446452 2750 
50.461613 2750 
50.475797 3000 
50.489986 3000 
50.504159 3250 
50.518327 3250 
50.532496 3500 
50.559723 3500 
50.586943 3500 
50.600104 3750 
50.613267 3750 
50.626440 4000 
50.638599 4000 
50.650778 4250 
50.662948 4500 
50.675104 4500 
50.687261 4750 
50.699418 4750 
50.711582 5000 
50.722750 5250 
50.733930 5250 
50.745110 5500 
50.756285 5500 
50.767441 5750 
50.778597 6000 
50.789755 6000 
50.799930 6250 
50.810101 6500 
50.820256 6500 
50.830436 6750 
50.840642 7000 
50.850811 7000 
50.860976 7250 
50.871162 7500 
50.881330 7500 
50.890493 7750 
50.899673 8000 
50.917885 8000 
50.927063 8250 
50.945287 8250 
50.954441 8500 
50.963593 8500 
50.972760 8750 
50.981917 9000 
51.000147 9000 
51.009333 9250 
51.018498 9500 
51.035675 9500 
51.043828 9750 
51.051987 10000 
51.060158 10000 
51.068337 10250 
51.084556 10250 
51.092712 10500 
51.100867 10750 
51.117078 10750 
51.125241 11000 
51.141449 11250 
51.157677 11250 
51.165854 11500 
51.181071 11500 
51.188234 11750 
51.202457 12000 
51.216682 12000 
51.223858 12250 
51.231026 12500 
51.245235 12500 
51.252414 12750 
51.266623 12750 
51.273790 13000 
51.280969 13250 
51.295193 13250 
51.309402 13500 
51.316581 13750 
51.330801 13750 
51.337967 14000 
51.345145 14250 
51.358354 14250 
51.364520 14500 
51.370700 14750 
51.382923 15000 
51.395151 15000 
51.401327 15250 
51.413549 15250 
51.425777 15500 
51.431952 15750 
51.438121 16000 
51.450340 16000 
51.462555 16250 
51.468735 16500 
51.480959 16500 
51.493184 16750 
51.499362 17000 
51.511584 17000 
51.517744 17250 
51.523899 17500 
51.530053 17750 
51.542256 17750 
51.548417 18000 
51.554573 18250 
51.566790 18250 
51.572963 18500 
51.584173 18750 
51.595398 18750 
51.600576 19000 
51.610801 19250 
51.615978 19500 
51.621147 19750 
51.631372 19750 
51.636545 20000 
51.641700 20250 
51.651904 20500 
51.657073 20500 
51.667284 20750 
51.672472 21000 
51.682679 21250 
51.692859 21250 
51.698033 21500 
51.703190 21750 
51.714414 21750 
51.725639 22000 
51.736859 22250 
51.748084 22250 
51.754261 22500 
51.766487 22750 
51.778711 22750 
51.784890 23000 
51.797100 23250 
51.803279 23500 
51.815503 23500 
51.821678 23750 
51.833861 23750 
51.840041 24000 
51.852260 24250 
51.858416 24500 
51.870626 24500 
51.876804 24750 
51.889031 25000 
51.895211 25000 
51.907434 25250 
51.919660 25500 
51.931880 25500 
51.938041 25750 
51.951268 26000 
51.964493 26000 
51.977718 26250 
51.990942 26250 
51.998121 26500 
52.012347 26750 
52.026585 26750 
52.033767 27000 
52.040956 27250 
52.055180 27250 
52.062365 27500 
52.076591 27500 
52.083746 27750 
52.097964 28000 
52.112172 28000 
52.119350 28250 
52.133576 28250 
52.140755 28500 
52.155981 28750 
52.164166 28750 
52.172346 29000 
52.188564 29250 
52.196721 29250 
52.204877 29500 
52.221087 29750 
52.229253 29750 
52.245482 30000 
52.261709 30000 
52.269886 30250 
52.286096 30250 
52.294276 30500 
52.311495 30750 
52.320663 30750 
52.329842 31000 
52.348060 31000 
52.357235 31250 
52.375462 31250 
52.384628 31500 
52.402849 31750 
52.412020 31750 
52.421199 32000 
52.439430 32000 
52.448601 32250 
52.467819 32250 
52.477996 32500 
52.488176 32750 
52.508390 32750 
52.518571 33000 
52.538788 33000 
52.548953 33250 
52.569168 33250 
52.579348 33500 
52.600566 33500 
52.611736 33750 
52.633963 33750 
52.645129 33750 
52.656286 34000 
52.667466 34250 
52.689689 34250 
52.700870 34500 
52.713050 34500 
52.725229 34750 
52.749465 34750 
52.761632 35000 
52.773816 35000 
52.785994 35250 
52.810215 35250 
52.823395 35250 
52.836563 35500 
52.849743 35750 
52.875995 35750 
52.889159 35750 
52.903320 36000 
52.931540 36000 
52.945698 36000 
52.959859 36250 
52.974185 36500 
52.989212 36548 
53.004467 36798 
53.019559 37048 
53.034708 37048 
53.050874 37298 
53.067054 37298 
53.083235 37548 
53.099423 37548 
53.116600 37798 
53.133774 37798 
53.150928 38048 
53.169113 38048 
53.187293 38048 
53.205476 38298 
53.224653 38298 
53.243807 38298 
53.262986 38548 
53.302229 38548 
53.322412 38548 
53.343592 38548 
53.364768 38548 
53.386950 38798 
53.409126 38798 
53.432298 38798 
53.455482 38798 
53.479666 39048 
53.503851 39048 
53.529146 39298 
53.555244 39048 
53.581424 39048 
53.608608 39048 
53.636937 39298 
53.666007 39178 
53.696187 39178 
53.727370 39178 
53.759552 39178 
53.792737 39178 
53.826919 39178 
53.862116 39178 
53.898304 39178 
53.936588 39428 
53.975691 38928 
54.016867 38928 
54.060138 39178 
54.105256 38678 
54.152608 38678 
54.201679 38582 
54.253841 38332 
54.309027 38082 
54.367212 37832 
54.429477 37832 
54.495618 37332 
54.565905 37332 
54.642033 36582 
54.724318 36832 
54.814585 36082 
54.912701 35332 
55.021983 35582 
55.145108 34332 
55.285274 33332 
55.448448 32332 
55.643626 30832 
55.886794 29082 
56.207953 26832 
56.681146 23832 
57.581349 16582 
57.994590 13332 
58.894770 6832 
59.367947 3082 
59.689144 832 
59.933519 250 
60.128688 250 
60.291874 250 
60.432061 250 
60.555226 250 
60.664392 250 
60.863616 250 
60.953801 250 
61.120037 250 
61.196222 250 
61.266409 250 
61.332578 250 
61.394745 250 
61.452930 250 
61.508117 250 
61.560291 250 
61.609458 250 
61.656631 250 
61.701814 250 
61.745001 250 
61.786167 250 
61.825356 250 
61.863522 250 
61.899683 250 
61.934843 250 
61.968997 250 
62.002151 250 
62.034318 250 
62.065482 250 
62.095643 250 
62.153864 250 
62.182041 500 
62.236292 250 
62.262477 250 
62.288668 250 
62.313854 250 
62.338038 250 
62.362212 500 
62.409440 250 
62.432602 250 
62.454752 250 
62.497966 250 
62.519121 250 
62.540277 500 
62.560433 500 
62.580591 500 
62.599793 750 
62.618953 750 
62.638111 750 
62.675326 750 
62.693497 750 
62.711678 1000 
62.728864 1000 
62.746045 1250 
62.763232 1250 
62.779357 1500 
62.811574 1500 
62.827744 1500 
62.843912 1500 
62.859076 1750 
62.889292 1750 
62.919504 1750 
62.934665 1750 
62.948816 2000 
62.962972 2250 
62.977136 2250 
62.991305 2500 
63.018522 2500 
63.045739 2500 
63.072956 2500 
63.086127 2500 
63.112341 2750 
63.137558 2750 
63.149724 2750 
63.173941 2750 
63.186120 3000 
63.210331 3000 
63.222507 3250 
63.234676 3250 
63.257909 3500 
63.281163 3500 
63.292324 3750 
63.314549 3750 
63.325716 3750 
63.347947 4000 
63.359104 4000 
63.380330 4250 
63.390504 4250 
63.410721 4500 
63.430939 4500 
63.451164 4500 
63.471392 4750 
63.491616 4750 
63.511843 4750 
63.532066 5000 
63.551287 5000 
63.560438 5250 
63.578649 5250 
63.596863 5250 
63.615071 5500 
63.633297 5500 
63.651522 5750 
63.669746 5750 
63.687960 5750 
63.697122 6000 
63.715345 6000 
63.733567 6250 
63.750793 6250 
63.768022 6500 
63.785250 6500 
63.793420 6750 
63.809643 6750 
63.825851 7000 
63.842062 7000 
63.858267 7250 
63.874476 7250 
63.890694 7500 
63.906907 7500 
63.915065 7750 
63.931281 7750 
63.946504 8000 
63.961723 8000 
63.976945 8250 
63.992161 8250 
64.007381 8500 
64.022607 8500 
64.037829 8750 
64.053053 8750 
64.068264 9000 
64.083482 9000 
64.098696 9250 
64.113913 9250 
64.129133 9500 
64.144359 9500 
64.159579 9750 
64.174802 9750 
64.181958 10000 
64.196168 10000 
64.209386 10250 
64.222619 10500 
64.235844 10500 
64.242019 10750 
64.254230 10750 
64.266461 11000 
64.278682 11250 
64.290900 11250 
64.297078 11500 
64.309305 11750 
64.321526 11750 
64.333748 12000 
64.345973 12000 
64.358182 12250 
64.370413 12500 
64.382632 12500 
64.394846 12750 
64.407081 12750 
64.419315 13000 
64.431524 13250 
64.443754 13250 
64.455977 13500 
64.462146 13750 
64.474373 13750 
64.480553 14000 
64.491763 14250 
64.502986 14250 
64.508153 14500 
64.518378 14750 
64.528604 14750 
64.533778 15000 
64.543983 15250 
64.554190 15250 
64.564407 15500 
64.574616 15750 
64.584845 15750 
64.595061 16000 
64.605269 16250 
64.615477 16250 
64.625695 16500 
64.635899 16750 
64.641068 17000 
64.651278 17000 
64.656451 17250 
64.666659 17500 
64.676860 17500 
64.687078 17750 
64.697286 18000 
64.707503 18000 
64.717719 18250 
64.722885 18500 
64.733108 18750 
64.743334 18750 
64.753544 19000 
64.763747 19000 
64.773970 19250 
64.784196 19500 
64.793421 19500 
64.802645 19750 
64.811859 20000 
64.816001 20250 
64.824206 20250 
64.832416 20500 
64.841618 20750 
64.850825 21000 
64.860033 21000 
64.869248 21250 
64.878457 21500 
64.887667 21500 
64.892836 21750 
64.897988 22000 
64.908221 22250 
64.918443 22250 
64.928652 22500 
64.938871 22750 
64.949085 22750 
64.959295 23000 
64.969506 23250 
64.979711 23250 
64.984871 23500 
64.995095 23750 
65.005304 23750 
65.010483 24000 
65.020701 24250 
65.030914 24500 
65.041123 24500 
65.051337 24750 
65.061564 25000 
65.071763 25000 
65.081965 25250 
65.092175 25500 
65.102388 25500 
65.112610 25750 
65.122824 26000 
65.133051 26000 
65.138210 26250 
65.149412 26500 
65.160611 26500 
65.171817 26750 
65.183020 27000 
65.194228 27000 
65.205432 27250 
65.216633 27250 
65.227831 27500 
65.239039 27750 
65.250383 28000 
65.256472 28008 
65.262632 28258 
65.274849 28258 
65.287054 28508 
65.299269 28758 
65.311480 28758 
65.323685 29008 
65.335907 29008 
65.342075 29258 
65.354284 29508 
65.366511 29508 
65.378719 29758 
65.390931 30008 
65.403140 30008 
65.409318 30258 
65.422538 30508 
65.435747 30508 
65.448948 30758 
65.462158 30758 
65.475366 31008 
65.488585 31008 
65.501809 31258 
65.515028 31258 
65.522195 31508 
65.536380 31758 
65.550561 31758 
65.557740 32008 
65.571951 32258 
65.586170 32258 
65.600394 32508 
65.614620 32508 
65.628844 32758 
65.644103 32758 
65.652270 33008 
65.668453 33008 
65.676633 33258 
65.692851 33508 
65.709062 33508 
65.725265 33508 
65.741472 33758 
65.757850 34008 
65.765890 34162 
65.774069 34412 
65.790288 34412 
65.798444 34662 
65.815664 34662 
65.832889 34912 
65.850108 34912 
65.867315 35162 
65.884526 35162 
65.901749 35412 
65.918977 35412 
65.928133 35662 
65.946354 35662 
65.955512 35912 
65.973725 35912 
65.982883 36162 
66.002106 36162 
66.012273 36412 
66.032578 36662 
66.042691 36662 
66.052846 36912 
66.073066 36912 
66.083246 37162 
66.103461 37162 
66.113641 37162 
66.133860 37412 
66.145201 37662 
66.156245 37840 
66.167421 38090 
66.178603 38090 
66.189778 38340 
66.211988 38340 
66.223169 38590 
66.246404 38590 
66.269628 38590 
66.281781 38840 
66.305999 38840 
66.318167 39090 
66.342387 39090 
66.354577 39090 
66.379804 39340 
66.405025 39340 
66.430325 39590 
66.443446 39340 
66.456625 39590 
66.483853 39590 
66.498015 39840 
66.526219 39840 
66.540497 40000 
66.554582 40000 
66.569754 40000 
66.584905 40000 
66.615109 40000 
66.630267 40000 
66.661496 40000 
66.692711 40000 
66.708870 40000 
66.742092 40000 
66.759274 40000 
66.776456 40000 
66.811782 40000 
66.829882 40000 
66.848039 40000 
66.885262 40000 
66.922481 40000 
66.941767 40000 
66.960886 39750 
66.981054 40000 
67.001219 40000 
67.042435 40000 
67.063705 40000 
67.085836 39750 
67.108004 39750 
67.131168 40000 
67.178554 40000 
67.202598 39880 
67.226754 39880 
67.276966 39880 
67.303148 39880 
67.356501 40000 
67.383624 39500 
67.411800 39500 
67.469176 39750 
67.499315 39250 
67.530488 39250 
67.562754 39500 
67.595834 39428 
67.629995 39428 
67.665154 39428 
67.701316 39428 
67.739614 39678 
67.778710 39178 
67.819877 39178 
67.863108 39428 
67.908229 38928 
67.955534 38928 
68.004604 38606 
68.056767 38606 
68.111951 38356 
68.170141 38106 
68.232445 38106 
68.298547 37606 
68.368823 37606 
68.444923 36856 
68.527215 37106 
68.617440 36356 
68.715546 35606 
68.824820 35856 
68.947968 34606 
69.088154 33606 
69.251331 32606 
69.446525 31106 
69.689714 29356 
70.010897 27106 
70.484071 23856 
71.384261 16606 
71.801515 13856 
72.701722 6606 
73.174918 3606 
73.496094 1106 
73.739259 250 
73.934442 250 
74.097609 250 
74.237794 250 
74.360981 250 
74.470148 250 
74.568310 250 
74.658471 250 
74.740632 250 
74.816798 250 
74.886961 250 
74.953122 250 
75.077337 250 
75.198551 250 
75.316765 250 
75.368928 250 
75.418091 250 
75.465251 250 
75.557467 250 
75.600628 250 
75.682845 250 
75.722008 250 
75.760169 250 
75.796329 250 
75.866545 250 
75.900705 250 
75.967920 250 
76.000082 250 
76.031244 250 
76.092457 250 
76.121613 250 
76.149770 250 
76.203984 250 
76.258198 250 
76.284362 250 
76.334581 250 
76.358745 250 
76.382897 250 
76.406063 250 
76.429229 500 
76.451398 500 
76.494619 250 
76.537857 250 
76.559040 250 
76.600277 250 
76.640506 250 
76.680726 250 
76.699901 500 
76.719056 500 
76.756280 500 
76.793509 250 
76.811691 500 
76.846934 500 
76.864095 500 
76.897310 500 
76.930524 500 
76.946681 500 
76.962846 750 
76.994073 750 
77.009232 750 
77.039451 750 
77.069687 750 
77.084845 1000 
77.114065 1000 
77.143299 1000 
77.172535 1000 
77.186711 1000 
77.200867 1250 
77.228093 1250 
77.255313 1250 
77.282548 1250 
77.309752 1250 
77.322910 1500 
77.348131 1500 
77.360311 1750 
77.384540 1750 
77.408753 1750 
77.432961 1750 
77.445119 2000 
77.468349 2000 
77.491552 2000 
77.514763 2000 
77.537976 2250 
77.561199 2250 
77.572377 2500 
77.594589 2500 
77.615812 2500 
77.637032 2500 
77.658244 2750 
77.679480 2750 
77.689648 3000 
77.709855 3000 
77.730064 3000 
77.750283 3250 
77.770512 3250 
77.789722 3250 
77.808945 3500 
77.828171 3500 
77.847389 3500 
77.866622 3750 
77.885849 3750 
77.905068 3750 
77.924287 4000 
77.943496 4000 
77.962723 4250 
77.981934 4250 
78.001152 4250 
78.019362 4500 
78.037581 4500 
78.055803 4500 
78.074011 4750 
78.092232 4750 
78.110457 5000 
78.128683 5000 
78.146902 5000 
78.165139 5250 
78.183381 5250 
78.201606 5500 
78.219821 5500 
78.238034 5500 
78.255238 5750 
78.272451 5750 
78.289657 6000 
78.306871 6000 
78.324087 6000 
78.341296 6250 
78.358519 6250 
78.375726 6500 
78.392961 6500 
78.410167 6750 
78.427380 6750 
78.444598 6750 
78.461815 7000 
78.479034 7000 
78.496257 7250 
78.513473 7250 
78.530680 7500 
78.547889 7500 
78.555050 7750 
78.568265 7750 
78.581497 8000 
78.594713 8000 
78.607926 8250 
78.621133 8500 
78.627295 8500 
78.639507 8750 
78.651728 9000 
78.663956 9000 
78.676159 9250 
78.688382 9250 
78.700597 9500 
78.712805 9750 
78.725013 9750 
78.737245 10000 
78.749483 10000 
78.761715 10250 
78.773920 10250 
78.786127 10500 
78.798351 10750 
78.810577 10750 
78.822788 11000 
78.835006 11000 
78.846219 11250 
78.857434 11500 
78.868666 11500 
78.879878 11750 
78.891091 12000 
78.902326 12000 
78.913546 12250 
78.924755 12250 
78.935959 12500 
78.947172 12750 
78.958409 12750 
78.969622 13000 
78.980837 13250 
78.992053 13250 
79.003269 13500 
79.014495 13500 
79.025704 13750 
79.036910 14000 
79.048134 14000 
79.059368 14250 
79.070586 14500 
79.081800 14500 
79.093008 14750 
79.104228 14750 
79.115462 15000 
79.126681 15250 
79.137860 15250 
79.149085 15500 
79.160303 15750 
79.171531 15750 
79.182741 16000 
79.193974 16000 
79.205200 16250 
79.215419 16500 
79.225638 16500 
79.235846 16750 
79.246051 17000 
79.256270 17000 
79.266488 17250 
79.276697 17500 
79.286915 17500 
79.297142 17750 
79.307362 18000 
79.317595 18000 
79.327811 18250 
79.338015 18500 
79.348233 18500 
79.358445 18750 
79.368673 19000 
79.378914 19000 
79.383075 19250 
79.391245 19500 
79.399423 19750 
79.407604 19750 
79.415763 20000 
79.423938 20250 
79.432105 20500 
79.440276 20500 
79.448462 20750 
79.456631 21000 
79.464826 21000 
79.473021 21250 
79.481196 21500 
79.489376 21750 
79.497565 21750 
79.505760 22000 
79.513943 22250 
79.522137 22500 
79.530327 22500 
79.538516 22750 
79.546705 23000 
79.554902 23000 
79.563096 23250 
79.571270 23500 
79.579452 23750 
79.587625 23750 
79.595817 24000 
79.604986 24250 
79.614156 24250 
79.623343 24500 
79.632524 24750 
79.641717 25000 
79.650898 25000 
79.660081 25250 
79.669269 25500 
79.678464 25500 
79.687657 25750 
79.696830 26000 
79.706008 26000 
79.715195 26250 
79.724395 26500 
79.733601 26500 
79.742795 26750 
79.751970 27000 
79.761139 27250 
79.770328 27250 
79.779520 27500 
79.788691 27750 
79.797870 27750 
79.807064 28000 
79.816235 28250 
79.825417 28250 
79.834612 28500 
79.843804 28750 
79.852983 29000 
79.862178 29000 
79.871357 29250 
79.880537 29500 
79.889844 29750 
79.894934 29750 
79.900104 30000 
79.911317 30250 
79.922534 30250 
79.933759 30500 
79.944978 30500 
79.956211 30750 
79.967440 31000 
79.978652 31000 
79.989885 31250 
80.001103 31500 
80.012460 31750 
80.018524 31888 
80.030601 32138 
80.042695 32138 
80.054766 32388 
80.066848 32388 
80.078919 32638 
80.090995 32888 
80.103092 32888 
80.115163 33138 
80.127238 33138 
80.139309 33388 
80.151393 33638 
80.163489 33638 
80.176567 33888 
80.189638 33888 
80.202707 34138 
80.215765 34138 
80.228836 34388 
80.241904 34638 
80.254979 34638 
80.268061 34888 
80.281149 34888 
80.288324 35138 
80.302501 35388 
80.316687 35388 
80.330815 35638 
80.345001 35638 
80.359183 35888 
80.373380 35888 
80.387566 36138 
80.401868 36388 
80.408978 36566 
80.417132 36816 
80.433355 36816 
80.449587 37066 
80.465815 37066 
80.482048 37316 
80.498275 37316 
80.514515 37316 
80.530746 37566 
80.538912 37816 
80.555092 37816 
80.571303 38066 
80.587476 38066 
80.604648 38066 
80.621834 38316 
80.639008 38316 
80.656175 38566 
80.673340 38566 
80.690523 38816 
80.707702 38816 
80.724891 38816 
80.742070 39066 
80.759231 39066 
80.768406 39316 
80.786741 39566 
80.795834 39566 
80.805989 39816 
80.826210 39816 
80.846446 39816 
80.866659 40000 
80.886896 40000 
80.907234 40000 
80.917345 40000 
80.927502 40000 
80.948723 40000 
80.959902 40000 
80.982120 40000 
81.004352 40000 
81.015533 40000 
81.037757 40000 
81.059979 40000 
81.083207 40000 
81.106447 40000 
81.129690 40000 
81.152904 40000 
81.176119 40000 
81.188280 40000 
81.212502 40000 
81.237716 40000 
81.262952 40000 
81.288162 40000 
81.313389 40000 
81.326542 40000 
81.353760 40000 
81.367938 40000 
81.396157 40000 
81.424491 40000 
81.438602 40000 
81.452759 40000 
81.467918 40000 
81.483078 40000 
81.513300 40000 
81.544539 40000 
81.575777 40000 
81.591957 40000 
81.608136 40000 
81.641364 40000 
81.674583 40000 
81.707792 40000 
81.724959 40000 
81.760188 40000 
81.795406 40000 
81.831628 40000 
81.850792 40000 
81.869962 40000 
81.909149 40000 
81.948348 40000 
81.968520 40000 
82.009717 40000 
82.030910 40000 
82.074265 40000 
82.096378 39750 
82.119544 39750 
82.166944 39750 
82.190958 39856 
82.215225 40000 
82.240317 39750 
82.266501 39750 
82.319890 39750 
82.346932 39726 
82.375089 39726 
82.433301 39726 
82.463466 39476 
82.494638 39476 
82.526823 39476 
82.593176 39476 
82.627282 39226 
82.662469 39226 
82.735825 39226 
82.773938 38726 
82.813103 38726 
82.854375 38976 
82.897525 38476 
82.942701 38476 
82.989989 38726 
83.039142 37976 
83.091491 38226 
83.146651 38332 
83.204768 37582 
83.267018 37832 
83.333192 37082 
83.403453 37332 
83.479609 36582 
83.561777 36082 
83.652026 36082 
83.750278 35332 
83.859550 34582 
83.982656 33688 
84.122865 33438 
84.286050 32438 
84.481215 30938 
84.724393 29188 
85.045570 26688 
85.518739 23188 
86.418921 16688 
86.836182 13438 
87.736363 6188 
88.209570 3188 
88.530749 688 
88.773942 250 
88.969133 250 
89.304374 250 
89.444564 250 
89.567733 250 
89.788973 250 
90.002197 250 
90.092369 250 
90.174537 250 
90.326750 250 
90.474992 250 
90.541158 250 
90.665384 250 
90.786601 250 
90.904818 250 
91.020031 250 
91.069190 250 
91.163405 250 
91.255630 250 
91.345845 250 
91.434059 250 
91.521308 250 
91.606539 250 
91.690778 250 
91.773999 250 
91.856240 250 
91.937473 250 
92.017713 250 
92.096949 250 
92.175189 250 
92.252428 250 
92.328663 250 
92.404903 250 
92.480142 250 
92.554381 250 
92.627621 250 
92.700863 250 
92.773101 250 
92.845339 250 
92.916583 250 
92.938763 250 
92.982006 250 
93.025215 250 
93.067459 250 
93.109694 250 
93.150947 250 
93.170134 500 
93.208381 250 
93.245618 250 
93.282844 250 
93.320077 250 
93.356311 250 
93.392541 250 
93.428762 250 
93.464002 250 
93.480174 250 
93.512423 250 
93.544654 250 
93.575863 250 
93.607100 250 
93.638343 250 
93.669582 250 
93.699800 250 
93.730037 250 
93.760298 250 
93.790516 250 
93.820750 250 
93.849990 250 
93.879213 250 
93.908452 250 
93.937674 250 
93.966896 250 
93.995121 250 
94.023346 250 
94.051571 250 
94.079794 250 
94.108013 250 
94.120187 500 
94.144428 500 
94.167654 500 
94.190879 750 
94.214103 750 
94.237344 750 
94.260571 750 
94.283803 750 
94.307031 1000 
94.329247 1000 
94.351481 1000 
94.373713 1000 
94.395937 1250 
94.418174 1250 
94.440400 1250 
94.462626 1500 
94.484851 1500 
94.507076 1500 
94.528308 1500 
94.549532 1750 
94.570746 1750 
94.591971 1750 
94.613185 2000 
94.634396 2000 
94.655634 2000 
94.676865 2000 
94.698094 2250 
94.719335 2250 
94.740574 2250 
94.761799 2500 
94.782013 2500 
94.802245 2500 
94.822477 2750 
94.842708 2750 
94.862985 2750 
94.883204 3000 
94.903426 3000 
94.923661 3000 
94.943901 3000 
94.964110 3250 
94.984337 3250 
95.004565 3250 
95.024776 3500 
95.043992 3500 
95.063209 3750 
95.082439 3750 
95.101654 3750 
95.120864 4000 
95.140082 4000 
95.159313 4000 
95.178535 4250 
95.197772 4250 
95.217009 4250 
95.236236 4500 
95.255499 4500 
95.274733 4500 
95.293971 4750 
95.313202 4750 
95.332420 5000 
95.351660 5000 
95.370889 5000 
95.389117 5250 
95.407335 5250 
95.425551 5250 
95.443792 5500 
95.462019 5500 
95.480249 5750 
95.498484 5750 
95.516713 5750 
95.534956 6000 
95.553187 6000 
95.571413 6250 
95.589624 6250 
95.607833 6250 
95.626060 6500 
95.644297 6500 
95.662521 6750 
95.680747 6750 
95.698970 6750 
95.717192 7000 
95.735413 7000 
95.753647 7000 
95.771860 7250 
95.790095 7250 
95.808325 7500 
95.825572 7500 
95.842800 7750 
95.860019 7750 
95.877229 7750 
95.894445 8000 
95.911658 8000 
95.928878 8250 
95.946153 8250 
95.951323 8500 
95.961541 8750 
95.971793 8750 
95.982014 9000 
95.992227 9250 
96.002455 9250 
96.012679 9500 
96.022883 9750 
96.033094 9750 
96.043317 10000 
96.053521 10000 
96.063726 10250 
96.073939 10500 
96.079093 10750 
96.089319 10750 
96.099536 11000 
96.109755 11250 
96.119973 11250 
96.130187 11500 
96.140421 11750 
96.150655 11750 
96.160858 12000 
96.171095 12250 
96.181330 12250 
96.191564 12500 
96.200777 12750 
96.210002 12750 
96.219235 13000 
96.228464 13250 
96.237685 13250 
96.246918 13500 
96.256152 13750 
96.265381 13750 
96.274606 14000 
96.283819 14250 
96.293024 14500 
96.302250 14500 
96.311466 14750 
96.320683 15000 
96.329906 15000 
96.339138 15250 
96.348372 15500 
96.357601 15500 
96.366835 15750 
96.376068 16000 
96.385303 16000 
96.394537 16250 
96.403761 16500 
96.412989 16750 
96.422211 16750 
96.431429 17000 
96.440650 17250 
96.450009 17500 
96.454090 17500 
96.458260 17750 
96.466494 18000 
96.474702 18000 
96.482933 18250 
96.491168 18500 
96.499379 18750 
96.507592 18750 
96.515749 19000 
96.523956 19250 
96.532155 19500 
96.540367 19500 
96.548579 19750 
96.556790 20000 
96.565131 20250 
96.569252 20388 
96.573451 20638 
96.581679 20888 
96.589900 21138 
96.598122 21138 
96.602284 21388 
96.610519 21638 
96.618745 21888 
96.626968 21888 
96.631128 22138 
96.639349 22388 
96.647565 22638 
96.655769 22638 
96.659925 22888 
96.668141 23138 
96.676357 23388 
96.684573 23388 
96.688731 23638 
96.692883 23888 
96.701094 24138 
96.709300 24388 
96.717510 24388 
96.721660 24638 
96.729872 24888 
96.734026 25138 
96.742236 25388 
96.750444 25388 
96.754616 25638 
96.758787 25888 
96.767021 26138 
96.775255 26138 
96.783471 26388 
96.787635 26638 
96.795850 26888 
96.804054 26888 
96.812290 27138 
96.816446 27388 
96.824652 27638 
96.832868 27888 
96.841100 27888 
96.845261 28138 
96.854466 28388 
96.863680 28388 
96.872876 28638 
96.882086 28888 
96.891314 29138 
96.900537 29138 
96.909750 29388 
96.918955 29638 
96.928182 29638 
96.937410 29888 
96.946637 30138 
96.955951 30388 
96.961047 30566 
96.966204 30816 
96.976416 31066 
96.986641 31066 
96.996861 31316 
97.007071 31566 
97.017290 31566 
97.027515 31816 
97.037725 32066 
97.047956 32066 
97.058172 32316 
97.068397 32566 
97.078617 32566 
97.088843 32816 
97.099062 33066 
97.109287 33066 
97.119490 33316 
97.129700 33566 
97.139910 33566 
97.150138 33816 
97.160363 34066 
97.171573 34066 
97.182793 34316 
97.194019 34316 
97.205257 34566 
97.216489 34816 
97.227708 34816 
97.238916 35066 
97.250125 35316 
97.261344 35316 
97.272563 35566 
97.283763 35566 
97.294981 35816 
97.306200 36066 
97.317434 36066 
97.328662 36316 
97.339903 36566 
97.351156 36566 
97.357308 36816 
97.369514 37066 
97.381727 37066 
97.393947 37316 
97.406158 37316 
97.418378 37566 
97.430583 37816 
97.443763 37816 
97.456976 38066 
97.470304 38316 
97.477404 38470 
97.491510 38720 
97.505616 38720 
97.519732 38970 
97.533865 38970 
97.547993 39220 
97.562113 39220 
97.576212 39470 
97.590317 39470 
97.604433 39720 
97.618549 39720 
97.632670 39970 
97.646755 39970 
97.660877 40000 
97.674982 40000 
97.690111 40000 
97.705241 40000 
97.720370 40000 
97.735495 40000 
97.750599 40000 
97.765714 40000 
97.780843 40000 
97.795972 40000 
97.811104 40000 
97.826212 40000 
97.841340 40000 
97.856567 40000 
97.864659 40000 
97.881754 40000 
97.898858 40000 
97.915947 40000 
97.933031 40000 
97.950137 40000 
97.967235 40000 
97.984326 40000 
98.001415 40000 
98.018518 40000 
98.035622 40000 
98.052725 40000 
98.069816 40000 
98.087909 40000 
98.105987 40000 
98.124100 40000 
98.142187 40000 
98.160279 40000 
98.178376 40000 
98.196467 40000 
98.214570 40000 
98.232673 40000 
98.251744 40000 
98.270839 40000 
98.289936 40000 
98.309026 40000 
98.328121 40000 
98.347201 40000 
98.366401 40000 
98.377494 40000 
98.389668 40000 
98.413891 40000 
98.438126 40000 
98.462348 40000 
98.486581 40000 
98.510791 40000 
98.536012 40000 
98.561249 40000 
98.586486 40000 
98.611726 40000 
98.636970 40000 
98.663198 40000 
98.689422 40000 
98.715657 40000 
98.741893 40000 
98.768137 40000 
98.782293 40000 
98.811504 40000 
98.840704 40000 
98.869908 40000 
98.900132 40000 
98.916310 40000 
98.948541 40000 
98.980772 40000 
99.014021 40000 
99.031202 40000 
99.048371 40000 
99.083605 39750 
99.118948 40000 
99.137037 40000 
99.174145 39750 
99.211254 39750 
99.248362 39750 
99.286499 39750 
99.306677 39750 
99.347907 39750 
99.389265 39750 
99.410377 39952 
99.432532 39952 
99.454720 39952 
99.499966 39952 
99.523150 39952 
99.570391 39702 
99.618634 39702 
99.667868 39452 
99.717084 39202 
99.767302 39202 
99.818527 38952 
99.846685 38952 
99.904021 38952 
99.934112 38856 
99.965283 38856 
100.029498 38606 
100.062714 38606 
100.130934 38356 
100.200156 37856 
100.236316 37856 
100.311534 37606 
100.350694 37356 
100.432907 37106 
100.476083 36856 
100.566310 36356 
100.613480 36106 
100.712740 35606 
100.765133 35606 
100.820147 35438 
100.878312 35188 
101.002554 34438 
101.068763 33938 
101.138953 33688 
101.291403 32938 
101.373415 32342 
101.463626 31842 
101.561965 31592 
101.671040 30794 
101.794211 30044 
101.934573 29294 
102.097647 28972 
102.292828 27722 
102.536022 25722 
103.252247 20222 
103.725436 16472 
104.625640 9972 
105.098814 6222 
105.420004 3722 
105.663174 1972 
106.069440 250 
106.232615 250 
106.518822 250 
106.791036 250 
107.052243 250 
107.305447 250 
107.550662 250 
107.789864 250 
108.023066 250 
108.252267 250 
108.477477 250 
108.698679 250 
108.916878 250 
109.132081 250 
109.344287 250 
109.554488 250 
109.762694 250 
109.968898 250 
110.173104 250 
110.375309 250 
110.576514 250 
110.775728 250 
110.973961 250 
111.171186 250 
111.367398 250 
111.562625 250 
111.756854 250 
111.950054 250 
112.142253 250 
112.333458 250 
112.523686 250 
112.712917 250 
112.902140 250 
113.090366 250 
113.277593 250 
113.464820 250 
113.651051 250 
113.837279 250 
114.022510 250 
114.207740 250 
114.391943 250 
114.576172 250 
114.759401 250 
114.942629 250 
115.124856 250 
115.307077 250 
115.489305 250 
115.670512 250 
115.851717 250 
116.032934 250 
116.213134 250 
116.393343 250 
116.573544 250 
116.752756 250 
116.931963 250 
117.111166 250 
117.290365 250 
117.468569 250 
117.646775 250 
117.825001 250 
118.003226 250 
118.180430 250 
118.357655 250 
118.534854 250 
118.712080 250 
118.889307 250 
119.065527 250 
119.241749 250 
119.417974 250 
119.594188 250 
119.770416 250 
119.946634 250 
120.121851 250 
120.297081 250 
120.472304 250 
120.647531 250 
120.822762 250 
120.997990 250 
121.172223 250 
121.346448 250 
121.520671 250 
121.694893 250 
121.869148 250 
122.043372 250 
122.217599 250 
122.390825 250 
122.564037 250 
122.737253 250 
122.910477 250 
123.083693 250 
123.256925 250 
123.430167 250 
123.440337 500 
123.460548 500 
123.479795 500 
123.499026 750 
123.518282 750 
123.537501 750 
123.556728 1000 
123.575952 1000 
123.595174 1000 
123.614393 1250 
123.633620 1250 
123.652846 1500 
123.672076 1500 
123.691305 1500 
123.709522 1750 
123.727750 1750 
123.745986 1750 
123.764205 2000 
123.782431 2000 
123.800657 2250 
123.818874 2250 
123.837099 2250 
123.855316 2500 
123.873544 2500 
123.891768 2750 
123.909988 2750 
123.928212 2750 
123.945439 3000 
123.962659 3000 
123.979889 3250 
123.997110 3250 
124.014329 3250 
124.031544 3500 
124.048771 3500 
124.065995 3750 
124.083212 3750 
124.100423 4000 
124.117640 4000 
124.134863 4000 
124.152086 4250 
124.169304 4250 
124.186519 4500 
124.203747 4500 
124.220965 4750 
124.238187 4750 
124.254414 4750 
124.270630 5000 
124.286856 5000 
124.303078 5250 
124.319297 5250 
124.335521 5500 
124.351759 5500 
124.367974 5750 
124.384192 5750 
124.400432 6000 
124.416645 6000 
124.432871 6250 
124.449092 6250 
124.465318 6250 
124.481529 6500 
124.497740 6500 
124.513950 6750 
124.530159 6750 
124.546369 7000 
124.562589 7000 
124.578820 7250 
124.595046 7250 
124.611279 7500 
124.627497 7500 
124.642717 7750 
124.657941 7750 
124.673175 8000 
124.688404 8000 
124.703637 8000 
124.718863 8250 
124.734080 8250 
124.749306 8500 
124.764531 8500 
124.779745 8750 
124.794954 8750 
124.810182 9000 
124.825404 9000 
124.840623 9250 
124.855847 9250 
124.871054 9500 
124.886270 9500 
124.901482 9750 
124.916716 9750 
124.931940 10000 
124.947163 10000 
124.962373 10250 
124.977601 10250 
124.992812 10500 
125.008021 10500 
125.023239 10750 
125.038473 10750 
125.053691 11000 
125.068924 11000 
125.084142 11250 
125.099375 11250 
125.114611 11500 
125.129845 11500 
125.144056 11750 
125.158274 11750 
125.172506 12000 
125.186725 12000 
125.200935 12250 
125.215169 12250 
125.229390 12500 
125.243601 12500 
125.257812 12750 
125.272020 13000 
125.286234 13000 
125.300453 13250 
125.314676 13250 
125.328910 13500 
125.343143 13500 
125.357361 13750 
125.371593 13750 
125.385812 14000 
125.400046 14000 
125.414279 14250 
125.428512 14250 
125.442747 14500 
125.456971 14500 
125.471180 14750 
125.485396 14750 
125.499607 15000 
125.513822 15000 
125.528042 15250 
125.542260 15500 
125.556476 15500 
125.570692 15750 
125.584907 15750 
125.599130 16000 
125.613355 16000 
125.627577 16250 
125.641811 16250 
125.656044 16500 
125.670276 16500 
125.684493 16750 
125.698718 16750 
125.712936 17000 
125.727161 17000 
125.741368 17250 
125.755593 17250 
125.769808 17500 
125.784033 17500 
125.798246 17750 
125.812461 18000 
125.826684 18000 
125.840908 18250 
125.854117 18250 
125.867334 18500 
125.880548 18500 
125.893766 18750 
125.906976 18750 
125.920207 19000 
125.933442 19000 
125.946652 19250 
125.959868 19500 
125.973092 19500 
125.986296 19750 
125.999507 19750 
126.012725 20000 
126.025949 20000 
126.039154 20250 
126.052374 20500 
126.065606 20500 
126.078810 20750 
126.092018 20750 
126.105240 21000 
126.118475 21000 
126.131708 21250 
126.144950 21250 
126.158182 21500 
126.171394 21750 
126.184604 21750 
126.197822 22000 
126.212047 22000 
126.226252 22250 
126.240469 22250 
126.254703 22500 
126.268935 22500 
126.283157 22750 
126.297392 22750 
126.311625 23000 
126.325866 23000 
126.340099 23250 
126.354324 23250 
126.368542 23500 
126.382766 23750 
126.396999 23750 
126.401151 24000 
126.409355 24250 
126.417560 24250 
126.425772 24500 
126.434000 24750 
126.442221 25000 
126.450428 25000 
126.458632 25250 
126.466845 25500 
126.475064 25500 
126.483269 25750 
126.491485 26000 
126.499724 26250 
126.508020 26500 
126.512103 26600 
126.520234 26850 
126.528369 27100 
126.536508 27100 
126.544650 27350 
126.552784 27600 
126.560904 27850 
126.569008 27850 
126.577128 28100 
126.585239 28350 
126.593360 28350 
126.601482 28600 
126.609608 28850 
126.617719 29100 
126.625854 29100 
126.633974 29350 
126.642108 29600 
126.650234 29850 
126.658350 29850 
126.666461 30100 
126.674574 30350 
126.682687 30600 
126.691810 30600 
126.700919 30850 
126.710030 31100 
126.719165 31100 
126.728277 31350 
126.737396 31600 
126.746507 31600 
126.755619 31850 
126.764729 32100 
126.773944 32350 
126.779057 32552 
126.789155 32802 
126.799252 33052 
126.809366 33052 
126.819456 33302 
126.829547 33552 
126.839645 33552 
126.849739 33802 
126.859850 34052 
126.869945 34052 
126.880069 34302 
126.890159 34552 
126.900258 34552 
126.910373 34802 
126.920463 35052 
126.930563 35052 
126.940669 35302 
126.950782 35552 
126.960893 35552 
126.971009 35802 
126.981098 36052 
126.991196 36052 
127.001309 36302 
127.012401 36552 
127.023506 36552 
127.034627 36802 
127.045742 36802 
127.056823 37052 
127.067909 37302 
127.078996 37302 
127.090094 37552 
127.101185 37802 
127.112291 37802 
127.123401 38052 
127.134495 38052 
127.145587 38302 
127.156687 38552 
127.167757 38552 
127.178856 38802 
127.189953 39052 
127.201064 39052 
127.212153 39302 
127.223266 39552 
127.234380 39552 
127.245477 39802 
127.256575 39802 
127.267668 40000 
127.279756 40000 
127.291858 40000 
127.299012 40000 
127.313214 40000 
127.327433 40000 
127.341647 40000 
127.355870 40000 
127.370086 40000 
127.384312 40000 
127.398538 40000 
127.412899 40000 
127.419996 40000 
127.427157 40000 
127.441383 40000 
127.455616 40000 
127.469834 40000 
127.484061 40000 
127.498274 40000 
127.513485 40000 
127.528704 40000 
127.543936 40000 
127.559155 40000 
127.574373 40000 
127.589592 40000 
127.604810 40000 
127.620032 40000 
127.635239 40000 
127.650471 40000 
127.665690 40000 
127.680917 40000 
127.696122 40000 
127.712353 40000 
127.728575 40000 
127.744793 40000 
127.761010 40000 
127.777229 40000 
127.793561 40000 
127.802673 40000 
127.820757 40000 
127.838877 40000 
127.856994 40000 
127.875124 40000 
127.893254 40000 
127.912369 40000 
127.931499 40000 
127.950630 40000 
127.969770 40000 
127.988884 40000 
128.008001 40000 
128.027118 40000 
128.046263 40000 
128.065381 40000 
128.085487 40000 
128.105598 40000 
128.125712 40000 
128.145810 40000 
128.165928 40000 
128.186038 40000 
128.206138 40000 
128.227245 40000 
128.248377 40000 
128.269501 40000 
128.290616 40000 
128.311851 40000 
128.323917 40000 
128.336097 40000 
128.361328 40000 
128.386552 40000 
128.411784 40000 
128.437179 40000 
128.450257 40000 
128.477352 40000 
128.504468 40000 
128.531593 40000 
128.558715 40000 
128.585838 40000 
128.613958 40000 
128.642080 40000 
128.670202 40000 
128.698331 40000 
128.713507 40000 
128.744728 40000 
128.775962 40000 
128.807196 40000 
128.839461 40000 
128.856626 40000 
128.890853 40000 
128.926080 40000 
128.961318 40000 
128.979490 40000 
129.016723 40000 
129.054046 40000 
129.073154 40000 
129.112264 40000 
129.132437 40000 
129.173679 39750 
129.214916 39750 
129.236106 39750 
129.279321 39750 
129.323660 39750 
129.346759 39952 
129.393917 39702 
129.441077 39702 
129.489239 39452 
129.538383 39202 
129.587531 39202 
129.637817 39452 
129.664932 38952 
129.721158 38952 
129.750279 38880 
129.810399 38630 
129.871524 38380 
129.933661 38130 
129.996798 37880 
130.060938 37630 
130.126181 37630 
130.162315 37380 
130.237555 37130 
130.276675 36880 
130.358945 36630 
130.402025 36510 
130.492118 36010 
130.584217 35260 
130.679466 35510 
130.731592 35010 
130.841742 34260 
130.955888 33510 
131.074171 33510 
131.140324 32760 
131.282491 31760 
131.430656 30760 
131.586938 30510 
131.677085 29510 
131.876255 28010 
132.089436 26510 
132.319628 25010 
132.572851 23760 
132.736039 22760 
133.142243 19510 
133.500452 16760 
133.826646 14260 
134.129846 12010 
134.416145 10760 
134.539286 9510 
134.771428 7760 
134.984570 6260 
135.189731 4760 
135.388944 4010 
135.465152 3760 
135.607367 2760 
135.745587 1760 
135.879797 1010 
136.011007 260 
136.139212 250 
136.264437 250 
136.387661 250 
136.508904 250 
136.628109 250 
136.745308 250 
136.860533 250 
136.974768 250 
137.086975 250 
137.198174 250 
137.308374 250 
137.417574 250 
137.525797 250 
137.633020 250 
137.739240 250 
137.844464 250 
137.948685 250 
138.051906 250 
138.154129 250 
138.256350 250 
138.357555 250 
138.457770 250 
138.557989 250 
138.657198 250 
138.756412 250 
138.854625 250 
138.952838 250 
139.050050 250 
139.147261 250 
139.243473 250 
139.339688 250 
139.434893 250 
139.530102 250 
139.625305 250 
139.719518 250 
139.813727 250 
139.907943 250 
140.001158 250 
140.094376 250 
140.187601 250 
140.279837 250 
140.372038 250 
140.464256 250 
140.556479 250 
140.647699 250 
140.738935 250 
140.830146 250 
140.921357 250 
141.011567 250 
141.101786 250 
141.192005 250 
141.282227 250 
141.372448 250 
141.461673 250 
141.550897 250 
141.640118 250 
141.729342 250 
141.818541 250 
141.906765 250 
141.994992 250 
142.083201 250 
142.171422 250 
142.259643 250 
142.347846 250 
142.436066 250 
142.523290 250 
142.610510 250 
142.697723 250 
142.784935 250 
142.872146 250 
142.959348 250 
143.046550 250 
143.132770 250 
143.218989 250 
143.305210 250 
143.391435 250 
143.477642 66 
