0.000022 250 
0.090304 500 
0.172555 750 
0.248817 1000 
0.319077 1250 
0.385301 1500 
0.447563 1750 
0.505800 2000 
0.561043 2250 
0.613290 2500 
0.662544 2750 
0.709780 3000 
0.754997 3250 
0.798211 3500 
0.839458 3750 
0.878684 4000 
0.916967 4250 
0.953204 4500 
0.988412 4750 
1.022662 5000 
1.055910 5250 
1.088101 5500 
1.119311 5750 
1.149495 6000 
1.178729 6250 
1.206978 6500 
1.234212 6750 
1.260359 7000 
1.286602 7250 
1.311838 7500 
1.336092 7750 
1.360307 8000 
1.383490 8250 
1.406731 8500 
1.428927 8750 
1.451175 9000 
1.472324 9250 
1.493563 9500 
1.513770 9750 
1.533960 10000 
1.553159 10250 
1.572368 10500 
1.591571 10750 
1.609784 11000 
1.627952 11250 
1.646213 11500 
1.663452 11750 
1.680667 12000 
1.697889 12250 
1.714118 12500 
1.730327 12750 
1.746497 13000 
1.762717 13250 
1.777857 13500 
1.793018 13750 
1.808178 13750 
1.823335 14000 
1.837503 14000 
1.851659 14250 
1.865818 14250 
1.879982 14500 
1.894125 14500 
1.907290 14750 
1.920506 14750 
1.933672 15000 
1.946907 15250 
1.960067 15250 
1.972243 15500 
1.984430 15500 
1.996611 15750 
2.008789 15750 
2.020961 16000 
2.033117 16250 
2.045281 16250 
2.056463 16500 
2.067607 16750 
2.078765 16750 
2.089937 17000 
2.101115 17000 
2.112287 17250 
2.123455 17500 
2.133612 17500 
2.143769 17750 
2.153921 18000 
2.164093 18000 
2.174266 18250 
2.184428 18500 
2.194583 18500 
2.204755 18750 
2.214917 19000 
2.224072 19000 
2.233243 19250 
2.242408 19500 
2.251576 19500 
2.260729 19750 
2.269892 20000 
2.279045 20000 
2.288213 20250 
2.297379 20500 
2.315539 20500 
2.352693 20500 
2.427874 20250 
2.578073 19250 
2.879276 16750 
3.110450 15250 
3.298617 14000 
3.456777 12750 
3.592959 12000 
3.713122 11250 
3.820288 10500 
3.916470 10000 
4.004649 9500 
4.085830 9000 
4.161011 8750 
4.230163 8250 
4.295329 8000 
4.356510 7750 
4.413669 7500 
4.467839 7500 
4.519006 7250 
4.568186 7000 
4.614367 7000 
4.658548 6750 
4.700728 6750 
4.741909 6500 
4.781066 6500 
4.818248 6500 
4.854428 6500 
4.889638 6250 
4.923794 6250 
4.956964 6250 
4.988247 6500 
5.018324 6376 
5.048481 6376 
5.077660 6376 
5.105840 6376 
5.133021 6376 
5.159193 6376 
5.185372 6626 
5.210551 6626 
5.234719 6626 
5.258920 6626 
5.282071 6626 
5.305249 6876 
5.327417 6876 
5.349580 6876 
5.370867 7126 
5.391944 7304 
5.412117 7304 
5.432293 7304 
5.451483 7554 
5.470660 7554 
5.489825 7554 
5.508008 7804 
5.526197 7804 
5.544380 8054 
5.561544 8054 
5.578731 8054 
5.595895 8304 
5.612075 8304 
5.628256 8554 
5.644436 8554 
5.660610 8804 
5.675766 8804 
5.690915 9054 
5.706083 9054 
5.721257 9304 
5.735481 9304 
5.749633 9554 
5.763792 9554 
5.777943 9804 
5.792101 9804 
5.805256 10054 
5.818422 10304 
5.831589 10304 
5.844766 10554 
5.857937 10554 
5.870121 10804 
5.882434 11054 
5.894489 11208 
5.906662 11458 
5.918816 11458 
5.930999 11708 
5.943156 11708 
5.954319 11958 
5.965491 12208 
5.976654 12208 
5.987830 12458 
5.999009 12458 
6.010174 12708 
6.021346 12958 
6.031500 12958 
6.041645 13208 
6.051799 13458 
6.061956 13458 
6.072111 13708 
6.082248 13958 
6.092404 13958 
6.102581 14208 
6.112758 14458 
6.121936 14458 
6.131113 14708 
6.140275 14958 
6.149455 14958 
6.158617 15208 
6.167771 15458 
6.176919 15708 
6.186080 15708 
6.195217 15958 
6.204369 16208 
6.213513 16208 
6.221689 16458 
6.229867 16708 
6.238038 16958 
6.246202 16958 
6.254377 17208 
6.262555 17458 
6.270794 17708 
6.278901 17886 
6.287062 18136 
6.295225 18386 
6.303386 18386 
6.311547 18636 
6.319720 18886 
6.327896 19136 
6.335057 19136 
6.342202 19386 
6.349347 19636 
6.356484 19886 
6.363632 19886 
6.370779 20136 
6.377921 20386 
6.393072 20386 
6.423230 20386 
6.483391 20136 
6.604577 19386 
6.847743 17636 
7.042942 16386 
7.206125 15136 
7.346343 14386 
7.469576 13386 
7.578804 12886 
7.677146 12636 
7.767239 12122 
7.849397 11622 
7.925708 11372 
7.995754 11074 
8.061919 10824 
8.124101 10574 
8.182281 10324 
8.237463 10074 
8.289632 9824 
8.338818 9574 
8.385983 9574 
8.431331 9574 
8.474381 9478 
8.515561 9478 
8.554740 9228 
8.593025 9478 
8.629137 9228 
8.664304 9228 
8.698485 9228 
8.731756 9478 
8.763892 8978 
8.795080 8978 
8.825429 9228 
8.854491 9156 
8.882660 9156 
8.909814 9156 
8.935972 9406 
8.962137 9406 
8.987294 9406 
9.011451 9406 
9.035608 9406 
9.058764 9406 
9.081911 9656 
9.104176 9906 
9.126325 9656 
9.147505 9906 
9.168672 9906 
9.188847 9906 
9.209144 10156 
9.228200 10334 
9.247360 10334 
9.266525 10584 
9.284685 10584 
9.302840 10584 
9.320997 10834 
9.338161 10834 
9.355307 11084 
9.372471 11084 
9.388617 11084 
9.404770 11334 
9.420942 11334 
9.437098 11584 
9.452255 11584 
9.467406 11834 
9.482681 12084 
9.497773 12084 
9.511921 12084 
9.526079 12334 
9.540233 12334 
9.554386 12584 
9.568552 12834 
9.581715 12834 
9.594861 13084 
9.608115 13334 
9.621251 13334 
9.634409 13334 
9.646565 13584 
9.658721 13584 
9.670886 13834 
9.683032 14084 
9.695190 14084 
9.707350 14334 
9.719646 14584 
9.730706 14738 
9.741860 14988 
9.753008 14988 
9.764168 15238 
9.775324 15488 
9.786474 15488 
9.797634 15738 
9.807810 15988 
9.817972 15988 
9.828127 16238 
9.838281 16488 
9.848550 16488 
9.858733 16738 
9.868881 16738 
9.879040 16988 
9.889202 17238 
9.898338 17488 
9.907442 17488 
9.916604 17738 
9.925759 17988 
9.934922 17988 
9.944084 18238 
9.953238 18488 
9.962388 18488 
9.971537 18738 
9.980701 18988 
9.989972 19238 
9.999055 19440 
10.007218 19690 
10.015361 19940 
10.023514 19940 
10.031664 20190 
10.039824 20440 
10.056980 20440 
10.091136 20440 
10.159300 20190 
10.296467 19190 
10.571734 17940 
10.787860 15940 
10.965022 14690 
11.115308 14690 
11.246407 13440 
11.361584 12690 
11.464751 11940 
11.558921 11440 
11.644092 10940 
11.723261 10690 
11.796433 10190 
11.864597 9940 
11.927780 9690 
11.987964 9440 
12.044131 9190 
12.097303 8940 
12.147484 8940 
12.195667 8690 
12.241846 8440 
12.286027 8440 
12.328207 8440 
12.368387 8190 
12.407565 8190 
12.444851 8440 
12.480978 7940 
12.515160 7940 
12.548455 8190 
12.580516 7960 
12.611670 7960 
12.641830 7960 
12.670994 7960 
12.699157 7960 
12.727358 7960 
12.754557 7960 
12.780728 7960 
12.805909 8210 
12.831211 8460 
12.855304 8210 
12.879468 8210 
12.902632 8210 
12.924797 8460 
12.947050 8710 
12.968159 8460 
12.989320 8460 
13.009502 8710 
13.029689 8710 
13.050029 8960 
13.069068 9114 
13.088254 9114 
13.107436 9364 
13.125608 9364 
13.143786 9364 
13.160949 9614 
13.178111 9614 
13.195265 9864 
13.212445 9864 
13.228625 9864 
13.244804 10114 
13.260969 10114 
13.276129 10364 
13.291309 10364 
13.306489 10614 
13.321771 10864 
13.336879 11066 
13.351038 11066 
13.365189 11316 
13.379338 11316 
13.393503 11566 
13.406667 11816 
13.419828 11816 
13.432978 12066 
13.446166 12066 
13.459346 12316 
13.472527 12316 
13.484690 12566 
13.496837 12816 
13.508987 12816 
13.521164 13066 
13.533318 13066 
13.545460 13316 
13.556631 13566 
13.567794 13566 
13.578950 13816 
13.590114 13816 
13.601277 14066 
13.612416 14316 
13.623573 14316 
13.634723 14566 
13.644866 14816 
13.655027 14816 
13.665190 15066 
13.675329 15316 
13.685486 15316 
13.695646 15566 
13.705790 15816 
13.715953 15816 
13.726107 16066 
13.735253 16316 
13.744411 16316 
13.753574 16566 
13.762724 16816 
13.771860 16816 
13.781021 17066 
13.790183 17316 
13.799346 17316 
13.808510 17566 
13.817656 17816 
13.826797 18066 
13.835034 18316 
13.843126 18470 
13.851269 18720 
13.859435 18720 
13.867592 18970 
13.875749 19220 
13.883898 19470 
13.892041 19470 
13.900183 19720 
13.908325 19970 
13.916502 20220 
13.924654 20220 
13.940818 20470 
13.972975 20470 
14.038140 20220 
14.168310 19220 
14.428511 18220 
14.634675 16720 
14.805836 15470 
14.952005 14470 
15.079172 13720 
15.192347 12970 
15.293529 12470 
15.385711 11970 
15.469881 11470 
15.547044 10970 
15.619227 10720 
15.686409 10470 
15.749591 9970 
15.808772 9720 
15.866148 9720 
15.919314 9470 
15.969523 9220 
16.017688 9220 
16.062862 8970 
16.106051 8970 
16.147238 8720 
16.187397 8720 
16.225573 8720 
16.262881 8720 
16.297961 8514 
16.332141 8514 
16.365322 8514 
16.397502 8514 
16.428685 8514 
16.458865 8514 
16.488030 8514 
16.516209 8514 
16.543390 8514 
16.570585 8514 
16.596766 8514 
16.621946 8514 
16.647127 8764 
16.671316 8764 
16.694488 8764 
16.717667 8764 
16.739825 8764 
16.761976 9014 
16.783139 9014 
16.804291 9014 
16.824441 9264 
16.844596 9264 
16.864755 9264 
16.883913 9514 
16.903201 9764 
16.921262 9644 
16.939440 9894 
16.957619 9894 
16.974792 10144 
16.991966 10144 
17.009145 10144 
17.025323 10394 
17.041502 10394 
17.057673 10644 
17.073852 10644 
17.089029 10894 
17.104209 10894 
17.119388 11144 
17.134574 11144 
17.148753 11394 
17.163048 11644 
17.177138 11846 
17.191295 11846 
17.205449 12096 
17.218608 12346 
17.231769 12346 
17.244946 12596 
17.258126 12596 
17.271304 12846 
17.284483 12846 
17.296660 13096 
17.308844 13096 
17.321009 13346 
17.333187 13596 
17.345367 13596 
17.357545 13846 
17.368728 13846 
17.379906 14096 
17.391084 14346 
17.402258 14346 
17.413412 14596 
17.424576 14846 
17.435752 14846 
17.446914 15096 
17.457093 15346 
17.467272 15346 
17.477450 15596 
17.487624 15846 
17.497779 15846 
17.507934 16096 
17.518098 16346 
17.528270 16346 
17.538446 16596 
17.547621 16846 
17.556784 16846 
17.565946 17096 
17.575116 17346 
17.584290 17346 
17.593444 17596 
17.602591 17846 
17.611746 17846 
17.620901 18096 
17.630053 18346 
17.639218 18346 
17.647390 18596 
17.655556 18846 
17.663723 19096 
17.672031 19346 
17.680089 19500 
17.688243 19750 
17.696414 20000 
17.704582 20000 
17.712750 20250 
17.720928 20500 
17.737103 20500 
17.770286 20500 
17.837466 20250 
17.971634 19250 
18.240810 17250 
18.453021 15750 
18.628223 14750 
18.776401 13750 
18.905865 13000 
19.019793 12010 
19.121991 11510 
19.215202 11010 
19.300624 10760 
19.379227 10938 
19.451062 11188 
19.518064 10688 
19.581401 10688 
19.640442 10414 
19.696603 10164 
19.749763 9914 
19.799934 9664 
19.848249 9914 
19.894300 9616 
19.938468 9616 
19.980759 9616 
20.020853 9592 
20.059017 9592 
20.096174 9592 
20.132325 9342 
20.166491 9342 
20.199668 9342 
20.231848 9342 
20.263028 9342 
20.293208 9342 
20.322390 9342 
20.350572 9342 
20.378753 9342 
20.405927 9342 
20.432115 9342 
20.457281 9592 
20.482460 9592 
20.506647 9592 
20.529810 9592 
20.552965 9592 
20.575145 9842 
20.597324 9842 
20.618582 10092 
20.639681 9972 
20.659838 10222 
20.679986 10222 
20.700141 10222 
20.719298 10472 
20.738454 10472 
20.756620 10722 
20.774800 10722 
20.792978 10722 
20.810158 10972 
20.827336 10972 
20.844515 11222 
20.861688 11222 
20.877864 11472 
20.894021 11472 
20.910173 11472 
20.925322 11722 
20.940486 11722 
20.955654 11972 
20.970832 11972 
20.985005 12222 
20.999280 12472 
21.013390 12650 
21.027541 12900 
21.041694 12900 
21.054851 13150 
21.068006 13150 
21.081171 13400 
21.094348 13400 
21.107518 13650 
21.120678 13650 
21.132842 13900 
21.145007 14150 
21.157177 14150 
21.169348 14400 
21.181511 14400 
21.193690 14650 
21.204870 14900 
21.216048 14900 
21.227231 15150 
21.238417 15400 
21.249596 15400 
21.260769 15650 
21.271932 15650 
21.283110 15900 
21.293281 16150 
21.303483 16150 
21.313638 16400 
21.323803 16650 
21.333980 16650 
21.344160 16900 
21.354340 17150 
21.364520 17150 
21.374697 17400 
21.383877 17650 
21.393064 17650 
21.402232 17900 
21.411404 18150 
21.420590 18150 
21.429765 18400 
21.438944 18650 
21.448119 18900 
21.457275 18900 
21.466429 19150 
21.475585 19400 
21.483737 19400 
21.491914 19650 
21.500098 19900 
21.508272 20150 
21.516554 20400 
21.533648 20554 
21.567836 20554 
21.637017 20054 
21.775188 19304 
22.051375 17054 
22.267725 15804 
22.445745 14410 
22.596917 13410 
22.728095 12660 
22.844277 11910 
22.947481 11410 
23.041878 11160 
23.127902 10516 
23.207105 10016 
23.280469 9766 
23.348524 9468 
23.412678 9218 
23.472843 8968 
23.529015 8718 
23.582208 8468 
23.632372 8468 
23.680689 8468 
23.726718 8396 
23.770879 8146 
23.813047 8146 
23.853233 7896 
23.892392 7896 
23.929574 7896 
23.965745 7896 
23.999915 7646 
24.033082 7646 
24.065431 7896 
24.096494 7824 
24.126675 7824 
24.155855 7824 
24.184037 7824 
24.212224 7824 
24.239395 7824 
24.265583 8074 
24.290757 8074 
24.315911 8074 
24.340100 8074 
24.364270 8074 
24.387452 8324 
24.409626 8324 
24.431806 8324 
24.453135 8574 
24.474177 8752 
24.495355 8752 
24.515536 8752 
24.535713 9002 
24.554890 9002 
24.574071 9002 
24.593244 9252 
24.611422 9252 
24.646653 9252 
24.663831 9252 
24.681018 9502 
24.698191 9502 
24.715364 9752 
24.731616 10002 
24.747711 10002 
24.763870 10002 
24.779053 10002 
24.794231 10252 
24.809411 10252 
24.824590 10502 
24.839913 10752 
24.853973 10930 
24.868152 11180 
24.882331 11180 
24.896505 11430 
24.909660 11430 
24.922840 11680 
24.936022 11680 
24.949202 11930 
24.962383 11930 
24.975557 12180 
24.987701 12430 
24.999889 12430 
25.012066 12680 
25.024232 12680 
25.036411 12930 
25.048584 13180 
25.059749 13180 
25.070929 13430 
25.082101 13430 
25.093263 13680 
25.104429 13930 
25.115695 14180 
25.126792 14180 
25.137959 14430 
25.148124 14430 
25.158304 14680 
25.168488 14930 
25.178668 14930 
25.188846 15180 
25.199024 15180 
25.209192 15430 
25.219371 15680 
25.229647 15930 
25.238732 16108 
25.247891 16358 
25.257055 16608 
25.266222 16608 
25.275399 16858 
25.284583 17108 
25.293743 17108 
25.302897 17358 
25.312074 17608 
25.321257 17608 
25.330429 17858 
25.338606 18108 
25.346770 18358 
25.354945 18358 
25.363121 18608 
25.371298 18858 
25.379445 18858 
25.387615 19108 
25.395782 19358 
25.403946 19608 
25.412111 19608 
25.420277 19858 
25.428454 20108 
25.436621 20358 
25.452802 20358 
25.484982 20358 
25.549162 20108 
25.678444 19858 
25.936541 18108 
26.141699 16608 
26.311864 15358 
26.457027 14608 
26.584175 13608 
26.696341 13108 
26.797517 12358 
26.889699 11858 
26.973887 11358 
27.051052 11108 
27.123236 10608 
27.190417 10358 
27.253596 10108 
27.312777 9858 
27.367958 9608 
27.421140 9358 
27.471313 9358 
27.518493 9108 
27.563789 9358 
27.606907 8858 
27.648096 8858 
27.688364 9108 
27.726522 8608 
27.763707 8608 
27.799023 8858 
27.833069 8628 
27.867598 8628 
27.899750 8378 
27.931010 8628 
27.961121 8604 
27.990298 8604 
28.018456 8854 
28.045614 8854 
28.072773 8854 
28.098932 8854 
28.124090 8854 
28.149248 8854 
28.173406 8854 
28.196564 9104 
28.219723 9104 
28.241882 9104 
28.264047 9104 
28.285213 9354 
28.306394 9354 
28.326574 9354 
28.346754 9604 
28.366934 9604 
28.386114 9604 
28.405295 9854 
28.423461 9854 
28.441726 10104 
28.459824 10258 
28.476996 10258 
28.494179 10508 
28.511347 10508 
28.527522 10758 
28.543686 10758 
28.559845 10758 
28.576007 11008 
28.591165 11008 
28.606326 11258 
28.621483 11258 
28.636644 11508 
28.650802 11508 
28.664964 11758 
28.679121 11758 
28.693297 12008 
28.720525 12008 
28.733693 12258 
28.746860 12258 
28.760021 12508 
28.773179 12508 
28.786348 12758 
28.799502 12758 
28.811664 13008 
28.823843 13258 
28.836011 13258 
28.848172 13508 
28.860330 13508 
28.872502 13758 
28.883682 14008 
28.894847 14008 
28.906016 14258 
28.928247 14258 
28.939418 14508 
28.961757 14758 
28.972864 14758 
28.984021 14758 
28.994187 15008 
29.004357 15258 
29.014524 15258 
29.024698 15508 
29.034883 15758 
29.045051 15758 
29.055217 16008 
29.065401 16258 
29.075676 16508 
29.084759 16638 
29.093933 16888 
29.103100 16888 
29.112265 17138 
29.121438 17388 
29.130617 17388 
29.139787 17638 
29.148967 17888 
29.158137 18138 
29.167303 18138 
29.176476 18388 
29.184638 18638 
29.192795 18638 
29.200978 18888 
29.209160 19138 
29.217335 19388 
29.225493 19388 
29.233665 19638 
29.241835 19888 
29.258067 19888 
29.266240 20138 
29.274410 20388 
29.290568 20388 
29.322743 20388 
29.388003 20638 
29.519213 19888 
29.781325 17638 
29.988541 16888 
30.160733 15638 
30.306906 14638 
30.435086 13888 
30.548265 13138 
30.649445 12638 
30.741626 12138 
30.825806 11638 
30.903980 11138 
30.976144 10888 
31.043322 10638 
31.106494 10388 
31.165672 10138 
31.221852 9888 
31.275032 9638 
31.325211 9388 
31.373389 9388 
31.418568 9138 
31.461744 9138 
31.503917 8888 
31.544095 8888 
31.582273 8888 
31.619450 8638 
31.654620 8638 
31.688799 8638 
31.721972 8638 
31.754143 8638 
31.785309 8638 
31.815486 8638 
31.844668 8638 
31.872838 8638 
31.900014 8638 
31.927183 8638 
31.953359 8638 
31.978529 8888 
32.003702 8888 
32.027882 8888 
32.051067 8888 
32.074243 8888 
32.096420 9138 
32.118585 9138 
32.139748 9138 
32.160917 9138 
32.181076 9388 
32.201235 9388 
32.221419 9388 
32.240598 9638 
32.259766 9638 
32.277947 9888 
32.296210 10138 
32.314342 9888 
32.331514 10138 
32.348692 10138 
32.365874 10388 
32.383041 10388 
32.399339 10638 
32.415395 10764 
32.431560 10764 
32.446715 11014 
32.461871 11014 
32.477023 11264 
32.492183 11264 
32.506355 11514 
32.520539 11514 
32.534705 11764 
32.548893 11764 
32.563068 12014 
32.576237 12264 
32.589395 12264 
32.602572 12514 
32.628800 12514 
32.641974 12514 
32.655142 12764 
32.667311 13014 
32.679562 13264 
32.691668 13264 
32.703841 13264 
32.716016 13514 
32.728192 13764 
32.739351 13764 
32.750524 14014 
32.761694 14014 
32.772868 14264 
32.784036 14514 
32.795327 14764 
32.806402 14942 
32.817580 15192 
32.827750 15192 
32.837916 15442 
32.848090 15692 
32.858261 15692 
32.868444 15942 
32.878607 16192 
32.888796 16192 
32.898962 16442 
32.909127 16442 
32.918283 16692 
32.927452 16942 
32.936624 17192 
32.945803 17192 
32.954975 17442 
32.964142 17692 
32.973321 17692 
32.982500 17942 
32.991664 18192 
33.000840 18192 
33.009996 18442 
33.018163 18692 
33.026329 18942 
33.042541 18942 
33.050714 19192 
33.058883 19192 
33.067068 19442 
33.075227 19692 
33.083387 19942 
33.091559 19942 
33.099714 20192 
33.107898 20442 
33.124061 20442 
33.156217 20442 
33.221505 20692 
33.352706 19942 
33.614855 18192 
33.823028 16692 
33.995219 15442 
34.141407 14442 
34.269588 13692 
34.382768 12942 
34.483941 12442 
34.576119 11942 
34.660295 11442 
34.738473 11192 
34.810647 10692 
34.877839 10442 
34.941024 10192 
35.000208 9942 
35.056386 9692 
35.109672 9692 
35.159786 9192 
35.207970 9192 
35.253255 9442 
35.296402 8942 
35.338587 8942 
35.378876 9192 
35.417009 8692 
35.454183 8692 
35.489466 8692 
35.523557 8688 
35.556717 8688 
35.588876 8688 
35.620039 8688 
35.650218 8688 
35.679397 8688 
35.707585 8688 
35.734752 8688 
35.761921 8688 
35.788098 8938 
35.813276 8938 
35.838437 8938 
35.862596 8938 
35.885773 8938 
35.908942 8938 
35.931112 9188 
35.953287 9188 
35.974463 9188 
35.995640 9438 
36.015911 9688 
36.036022 9438 
36.056195 9688 
36.075363 9688 
36.094531 9688 
36.112698 9938 
36.130985 10188 
36.149099 9938 
36.166272 10188 
36.183482 10188 
36.200656 10438 
36.217813 10438 
36.233992 10688 
36.250332 10938 
36.266410 11044 
36.281565 11044 
36.296721 11294 
36.311876 11294 
36.327033 11544 
36.341189 11544 
36.355346 11794 
36.369503 11794 
36.383651 12044 
36.397805 12044 
36.410955 12294 
36.424110 12294 
36.437266 12544 
36.450423 12544 
36.463575 12794 
36.476738 13044 
36.488917 13044 
36.501096 13294 
36.513364 13544 
36.525462 13746 
36.537627 13996 
36.549805 13996 
36.560984 14246 
36.572157 14246 
36.583335 14496 
36.594501 14746 
36.605668 14746 
36.616845 14996 
36.628018 15246 
36.639173 15246 
36.649337 15496 
36.659507 15496 
36.669683 15746 
36.679838 15996 
36.690006 15996 
36.700184 16246 
36.710340 16496 
36.720514 16496 
36.730668 16746 
36.739823 16996 
36.748975 16996 
36.758128 17246 
36.767285 17496 
36.785494 17496 
36.794647 17746 
36.803809 17996 
36.822034 17996 
36.831187 18246 
36.840339 18246 
36.849493 18496 
36.857649 18746 
36.873874 18746 
36.882050 18996 
36.890229 19246 
36.898395 19496 
36.906550 19496 
36.914703 19746 
36.922860 19996 
36.931013 19996 
36.939166 20246 
36.947324 20496 
36.963448 20496 
36.995628 20496 
37.060886 20746 
37.192111 19996 
37.454284 18496 
37.662468 16996 
37.834637 15746 
37.980819 14746 
38.109001 13996 
38.222184 13246 
38.323368 12746 
38.415556 12246 
38.499715 11746 
38.577875 11496 
38.650033 10996 
38.717192 10746 
38.780350 10496 
38.839531 10246 
38.895712 9996 
38.948887 9746 
38.999068 9496 
39.047243 9496 
39.092420 9246 
39.135600 9246 
39.177772 9246 
39.217937 8996 
39.256112 8996 
39.293276 8996 
39.328441 8996 
39.362603 8746 
39.395784 8746 
39.427966 8746 
39.459140 8746 
39.489315 8746 
39.518488 8746 
39.546661 8746 
39.573842 8746 
39.601022 8746 
39.627202 8996 
39.652382 8996 
39.677563 8996 
39.701742 8996 
39.724923 8996 
39.748087 9246 
39.770257 9246 
39.792430 9246 
39.813586 9246 
39.834768 9496 
39.855024 9746 
39.875174 9496 
39.895359 9746 
39.914550 9746 
39.933728 9746 
39.951904 9996 
39.970192 10246 
39.988266 10348 
40.005421 10348 
40.022573 10348 
40.039732 10598 
40.056895 10598 
40.073059 10848 
40.089221 10848 
40.105392 11098 
40.120571 11098 
40.135748 11348 
40.150927 11348 
40.166115 11598 
40.180277 11598 
40.194449 11848 
40.208618 11848 
40.222767 12098 
40.236950 12098 
40.264180 12098 
40.277357 12348 
40.290525 12348 
40.303699 12598 
40.316854 12848 
40.330032 12848 
40.342198 13098 
40.354478 13348 
40.366575 13526 
40.378755 13526 
40.390932 13776 
40.403092 14026 
40.414258 14026 
40.425436 14276 
40.436610 14526 
40.447785 14526 
40.458954 14776 
40.470122 14776 
40.481299 15026 
40.492467 15276 
40.502633 15276 
40.512796 15526 
40.522965 15776 
40.533131 15776 
40.543308 16026 
40.553467 16276 
40.563645 16276 
40.573799 16526 
40.583972 16776 
40.593149 16776 
40.602325 17026 
40.611492 17276 
40.620664 17276 
40.629818 17526 
40.638982 17776 
40.657200 17776 
40.666378 18026 
40.675558 18276 
40.684725 18276 
40.693902 18526 
40.702073 18776 
40.718291 18776 
40.726454 19026 
40.734632 19276 
40.750963 19526 
40.759107 19526 
40.767272 19776 
40.775458 19776 
40.783632 20026 
40.791801 20276 
40.808000 20276 
40.841166 20276 
40.907435 20526 
41.039669 19776 
41.303912 18026 
41.513068 16776 
41.686260 15526 
41.833435 14526 
41.961618 13776 
42.074788 13026 
42.176956 12526 
42.269121 11776 
42.353303 11526 
42.431477 11026 
42.503634 10776 
42.570822 10276 
42.634003 10026 
42.693174 9776 
42.749344 9526 
42.802525 9526 
42.852692 9276 
42.900874 9026 
42.946055 9026 
42.989236 8776 
43.031418 8776 
43.111656 8276 
43.149837 8276 
43.187018 8276 
43.223181 8276 
43.257345 8276 
43.290514 8026 
43.322695 8026 
43.353853 8026 
43.384022 8026 
43.413205 8026 
43.441388 8026 
43.468562 8276 
43.495734 8276 
43.521908 8276 
43.547080 8276 
43.572351 8526 
43.596490 8276 
43.619667 8276 
43.642837 8526 
43.665014 8526 
43.687291 8776 
43.708411 8902 
43.729573 8902 
43.749736 8902 
43.769892 8902 
43.790058 9152 
43.809227 9152 
43.828377 9402 
43.846535 9402 
43.864691 9402 
43.882846 9652 
43.900014 9652 
43.917191 9902 
43.934373 9902 
43.951544 9902 
43.967729 10152 
43.983893 10152 
44.000055 10402 
44.015213 10402 
44.030391 10652 
44.045573 10652 
44.060727 10902 
44.074994 11152 
44.089103 11152 
44.103254 11152 
44.117408 11402 
44.131570 11402 
44.144725 11652 
44.157902 11902 
44.171084 11902 
44.184261 12152 
44.197542 12402 
44.210654 12556 
44.222833 12556 
44.235006 12806 
44.247183 13056 
44.259350 13056 
44.271501 13306 
44.283660 13306 
44.294831 13556 
44.305986 13806 
44.317140 13806 
44.328294 14056 
44.339453 14056 
44.350610 14306 
44.361766 14556 
44.372924 14556 
44.383092 14806 
44.393246 15056 
44.403381 15056 
44.413547 15306 
44.423723 15556 
44.433904 15556 
44.444071 15806 
44.454248 16056 
44.473472 16056 
44.482626 16306 
44.500834 16306 
44.509998 16556 
44.528221 16556 
44.537380 16806 
44.546527 17056 
44.564733 17056 
44.573887 17306 
44.592163 17556 
44.601286 17556 
44.610455 17556 
44.618633 17806 
44.634859 18056 
44.643013 18056 
44.651162 18306 
44.667372 18556 
44.675550 18556 
44.683704 18806 
44.691868 19056 
44.700206 19306 
44.708263 19460 
44.716435 19710 
44.724602 19960 
44.740808 19960 
44.748974 20210 
44.756151 20460 
44.771331 20460 
44.802499 20460 
44.865683 20210 
44.992967 19710 
45.247102 18210 
45.449264 16710 
45.617432 15710 
45.761615 14710 
45.887794 13960 
45.998974 13210 
46.099153 12710 
46.190335 12210 
46.273502 11710 
46.350683 11210 
46.421858 10960 
46.488024 10710 
46.550206 10460 
46.609388 10210 
46.664564 9960 
46.716745 9710 
46.766910 9710 
46.814083 9460 
46.859250 9210 
46.902534 9460 
46.943634 9210 
46.983799 8960 
47.022093 9210 
47.059194 8960 
47.094345 8960 
47.128500 8960 
47.161790 9210 
47.193923 8710 
47.225093 8710 
47.255436 8960 
47.284473 8730 
47.312631 8730 
47.339789 8730 
47.366948 8980 
47.393122 8980 
47.418391 9230 
47.443503 8980 
47.467671 8980 
47.490834 8980 
47.513994 9230 
47.536273 9480 
47.558368 9230 
47.579521 9230 
47.600672 9480 
47.620838 9480 
47.641119 9730 
47.661196 9908 
47.680377 9908 
47.699553 9908 
47.717717 10158 
47.735891 10158 
47.754052 10408 
47.771216 10408 
47.788395 10658 
47.805654 10908 
47.821774 10658 
47.837954 10908 
47.854130 10908 
47.870304 11158 
47.885476 11158 
47.900635 11408 
47.915912 11658 
47.931014 11860 
47.945193 11860 
47.959373 12110 
47.973556 12110 
47.987734 12360 
48.001924 12360 
48.015104 12610 
48.028284 12860 
48.041466 12860 
48.054657 13110 
48.067841 13110 
48.080025 13360 
48.092206 13360 
48.104366 13610 
48.116536 13860 
48.140753 13860 
48.152932 13860 
48.165106 14110 
48.176284 14360 
48.187456 14360 
48.198615 14610 
48.209771 14610 
48.220921 14860 
48.232078 15110 
48.243233 15110 
48.253396 15360 
48.263550 15610 
48.273714 15610 
48.293932 15860 
48.304217 16110 
48.314290 16288 
48.324476 16538 
48.334636 16538 
48.344810 16788 
48.354963 17038 
48.374186 17038 
48.393395 17038 
48.402551 17288 
48.420766 17288 
48.429929 17538 
48.448154 17788 
48.457333 17788 
48.466504 18038 
48.475667 18288 
48.484827 18288 
48.494006 18538 
48.511231 18538 
48.519386 18788 
48.535605 19038 
48.543772 19038 
48.559975 19288 
48.568136 19538 
48.584345 19538 
48.592525 19788 
48.600681 19788 
48.608836 20038 
48.633058 20038 
48.649231 20288 
48.681403 20288 
48.746671 20538 
48.877906 19788 
49.140026 17288 
49.347237 16788 
49.519399 15538 
49.665566 14538 
49.793750 13788 
49.906926 13038 
50.008103 12538 
50.100273 11788 
50.184459 11538 
50.262649 11038 
50.334831 10788 
50.402014 10288 
50.465196 10038 
50.524378 9788 
50.580562 9538 
50.633721 9538 
50.683880 9288 
50.732040 9038 
50.777209 9038 
50.820389 8788 
50.861557 8788 
50.901717 8788 
50.939875 8538 
50.977037 8538 
51.012195 8538 
51.046355 8538 
51.079514 8538 
51.111669 8538 
51.142827 8538 
51.172986 8538 
51.202145 8538 
51.230303 8538 
51.257455 8538 
51.284607 8538 
51.310763 8538 
51.335924 8538 
51.361083 8538 
51.385241 8788 
51.408394 8788 
51.431556 8788 
51.476782 8788 
51.498950 8788 
51.520226 9038 
51.541356 8788 
51.561514 9038 
51.581677 9038 
51.620902 9038 
51.640190 9288 
51.659285 9038 
51.677463 9288 
51.695642 9288 
51.713807 9538 
51.730975 9538 
51.748156 9788 
51.765412 10038 
51.782519 9890 
51.798697 10140 
51.814880 10140 
51.831065 10390 
51.846233 10390 
51.861417 10640 
51.877692 10640 
51.892859 10890 
51.907046 10890 
51.921224 11140 
51.949444 11140 
51.963620 11140 
51.977782 11390 
52.004999 11390 
52.018173 11640 
52.031464 11890 
52.044545 11890 
52.057722 11890 
52.070888 12140 
52.096102 12140 
52.108276 12390 
52.120438 12390 
52.132624 12640 
52.156975 12890 
52.169103 12640 
52.180269 12890 
52.202502 12890 
52.213683 13140 
52.235908 13140 
52.247065 13390 
52.269443 13640 
52.280472 13794 
52.291629 13794 
52.301785 14044 
52.321995 14044 
52.332166 14294 
52.352384 14294 
52.362553 14544 
52.372723 14794 
52.392958 14794 
52.403128 15044 
52.422352 15044 
52.431516 15294 
52.449728 15294 
52.458888 15544 
52.477119 15544 
52.486290 15794 
52.504507 15794 
52.513669 16044 
52.532037 16294 
52.541125 16496 
52.550275 16746 
52.559415 16746 
52.567580 16996 
52.575754 17246 
52.583922 17496 
52.600143 17496 
52.608319 17746 
52.624544 17746 
52.632708 17996 
52.648925 17996 
52.665150 18246 
52.673305 18496 
52.689525 18496 
52.697702 18746 
52.713930 18746 
52.722107 18996 
52.729279 19246 
52.743436 19246 
52.757654 19496 
52.764826 19746 
52.779058 19746 
52.786218 19996 
52.800450 19996 
52.814662 20246 
52.835871 20246 
52.850035 20496 
52.879199 20496 
52.938463 20496 
53.057721 19746 
53.296853 18496 
53.489035 16996 
53.650207 15996 
53.789373 14996 
53.911542 14246 
54.019723 13746 
54.117906 13246 
54.207081 12746 
54.289257 12246 
54.364477 11746 
54.434697 11496 
54.499906 11246 
54.561150 10996 
54.619365 10746 
54.674594 10496 
54.726814 10246 
54.776046 10246 
54.823276 9996 
54.868567 10246 
54.911747 9746 
54.952971 9746 
54.992238 9996 
55.030395 9496 
55.066621 9496 
55.101900 9746 
55.136071 9496 
55.169294 9246 
55.201472 9246 
55.232663 9246 
55.262847 9246 
55.292033 9246 
55.320236 9246 
55.347430 9496 
55.373715 9746 
55.399883 9496 
55.425100 9496 
55.449324 9496 
55.473601 9746 
55.496754 9944 
55.519944 9944 
55.542155 9944 
55.564359 9944 
55.585601 10194 
55.606830 10194 
55.627064 10194 
55.647295 10444 
55.666549 10444 
55.685805 10444 
55.705032 10694 
55.723219 10694 
55.741407 10694 
55.759603 10944 
55.776775 10944 
55.793958 11194 
55.811159 11194 
55.827361 11444 
55.843581 11444 
55.859861 11694 
55.876008 11872 
55.891205 11872 
55.906395 12122 
55.921595 12122 
55.936803 12372 
55.951020 12372 
55.965252 12622 
55.979463 12622 
55.993646 12872 
56.007841 13122 
56.021039 13122 
56.034245 13372 
56.047455 13372 
56.060663 13622 
56.073867 13622 
56.086058 13872 
56.098275 14122 
56.110448 14122 
56.122652 14372 
56.134851 14372 
56.147055 14622 
56.159242 14622 
56.170422 14872 
56.181615 15122 
56.192792 15122 
56.203996 15372 
56.215193 15622 
56.226402 15622 
56.237583 15872 
56.247802 16122 
56.257999 16372 
56.268234 16372 
56.278436 16622 
56.288633 16622 
56.298822 16872 
56.309024 16872 
56.319203 17122 
56.329375 17372 
56.338591 17622 
56.347755 17622 
56.356915 17872 
56.366108 18122 
56.375327 18372 
56.384503 18526 
56.393756 18776 
56.402956 18776 
56.412151 19026 
56.421316 19276 
56.430499 19276 
56.438681 19526 
56.446851 19776 
56.455010 20026 
56.463182 20026 
56.480365 20276 
56.515543 20276 
56.585727 19776 
56.725957 19026 
56.848200 19026 
56.957369 17776 
57.055548 17276 
57.144735 16776 
57.227028 17026 
57.303169 16026 
57.373332 15776 
57.439541 15526 
57.500735 15276 
57.558910 15026 
57.614079 14776 
57.666363 14776 
57.715475 14526 
57.762665 14276 
57.807828 14276 
57.850998 14026 
57.892171 14026 
57.931343 13776 
57.969506 13776 
58.005683 13776 
58.040859 13776 
58.075036 13776 
58.108209 13776 
58.140377 13526 
58.171600 13776 
58.201719 13690 
58.230889 13690 
58.259052 13690 
58.286225 13940 
58.312401 13940 
58.338577 13940 
58.363751 13940 
58.387918 13940 
58.412074 13940 
58.435251 14190 
58.458425 14190 
58.480592 14190 
58.502748 14190 
58.523924 14440 
58.545097 14440 
58.565378 14690 
58.585478 14690 
58.604642 14690 
58.623795 14690 
58.642970 14940 
58.661129 14940 
58.679416 15190 
58.697480 15344 
58.714650 15344 
58.731825 15594 
58.748989 15594 
58.765165 15844 
58.781340 15844 
58.797504 16094 
58.813677 16094 
58.828849 16094 
58.844024 16344 
58.859185 16344 
58.874338 16594 
58.888504 16844 
58.902677 16844 
58.916853 17094 
58.931021 17094 
58.945197 17344 
58.958368 17344 
58.971539 17594 
58.984708 17594 
58.997878 17844 
59.011033 17844 
59.023190 18094 
59.035367 18344 
59.047532 18344 
59.059695 18594 
59.071956 18844 
59.084045 18844 
59.096206 19094 
59.107375 19094 
59.118549 19344 
59.129704 19344 
59.140868 19594 
59.152044 19844 
59.163214 19844 
59.174387 20094 
59.184564 20344 
59.205857 20594 
59.248940 20094 
59.336236 20094 
59.511481 19344 
59.862590 16844 
60.121784 14844 
60.327964 13594 
60.498133 12344 
60.644300 11344 
60.771466 10594 
60.884630 9844 
60.985843 9344 
61.078021 8844 
61.162193 8344 
61.239381 7844 
61.311587 7594 
61.378790 7094 
61.441998 6844 
61.501215 6594 
61.557384 6594 
61.610559 6344 
61.660736 6094 
61.707928 6094 
61.753110 5844 
61.796287 5844 
61.837455 5594 
61.916777 5594 
61.954899 5094 
61.992063 5094 
62.063429 5344 
62.097538 4844 
62.130867 4844 
62.162909 4696 
62.194067 4696 
62.254286 4446 
62.313504 4196 
62.371720 3946 
62.430047 4196 
62.457172 3946 
62.483350 3946 
62.534700 3946 
62.559807 3696 
62.583977 3696 
62.607154 3946 
62.630318 3946 
62.652584 4196 
62.674684 4100 
62.695845 4350 
62.717000 4350 
62.737156 4350 
62.757322 4600 
62.777486 4600 
62.796640 4600 
62.815798 4850 
62.833960 4850 
62.852127 4850 
62.870292 5100 
62.887465 5100 
62.904658 5350 
62.921941 5600 
62.938071 5600 
62.954241 5600 
62.970432 5600 
62.986600 5850 
63.001766 5850 
63.016945 6100 
63.032251 6350 
63.047315 6528 
63.061477 6528 
63.075659 6778 
63.089824 6778 
63.103972 7028 
63.131176 7028 
63.144346 7278 
63.157528 7278 
63.170706 7528 
63.183876 7528 
63.197058 7778 
63.210240 7778 
63.222408 8028 
63.234562 8278 
63.258777 8278 
63.270961 8278 
63.283124 8528 
63.295294 8778 
63.306574 9028 
63.317681 9028 
63.328862 9028 
63.340030 9278 
63.351186 9528 
63.373408 9528 
63.384584 9778 
63.405797 9778 
63.415963 10028 
63.426223 10278 
63.436300 10456 
63.446440 10706 
63.456585 10706 
63.466719 10956 
63.476883 11206 
63.487026 11206 
63.497169 11456 
63.506312 11706 
63.515453 11706 
63.533673 11956 
63.542830 11956 
63.551978 12206 
63.570194 12206 
63.579355 12456 
63.588505 12706 
63.597661 12956 
63.615879 12956 
63.625044 13206 
63.633198 13206 
63.641349 13456 
63.649494 13706 
63.657647 13956 
63.665782 13956 
63.673925 14206 
63.682067 14456 
63.698265 14456 
63.706424 14706 
63.714578 14956 
63.730796 14956 
63.738954 15206 
63.747106 15456 
63.755250 15456 
63.762385 15706 
63.769535 15956 
63.776687 16206 
63.783823 16206 
63.790967 16456 
63.798106 16706 
63.805250 16956 
63.812496 17206 
63.819576 17384 
63.826734 17634 
63.833886 17884 
63.848099 17884 
63.855257 18134 
63.862400 18384 
63.876610 18384 
63.883760 18634 
63.897961 18884 
63.905125 18884 
63.911284 19134 
63.923491 19384 
63.929650 19384 
63.941865 19634 
63.948022 19884 
63.960238 19884 
63.966395 20134 
63.985605 20384 
63.998772 20384 
64.024941 20384 
64.078104 20384 
64.184274 19634 
64.396476 18634 
64.571653 17384 
64.719815 16384 
64.849004 15634 
64.963175 14884 
65.065390 14384 
65.158590 13884 
65.243813 13384 
65.322015 12884 
65.394235 12634 
65.461461 12134 
65.524675 11884 
65.583873 11634 
65.640180 11884 
65.693314 11384 
65.743573 11384 
65.791721 10884 
65.837924 10884 
65.882249 11134 
65.924430 10634 
65.964622 10634 
66.042013 10884 
66.079180 10384 
66.115389 10384 
66.149680 10634 
66.182837 10134 
66.215020 10134 
66.277407 10384 
66.307630 9884 
66.336855 9884 
66.365113 10134 
66.393230 9904 
66.420392 9904 
66.472616 9904 
66.497795 9904 
66.547049 9654 
66.571258 9654 
66.594447 9904 
66.617625 9904 
66.663010 10154 
66.685160 9904 
66.706352 9904 
66.727522 9904 
66.747685 10154 
66.767960 10404 
66.788066 10154 
66.807234 10404 
66.826426 10404 
66.844589 10404 
66.862754 10654 
66.881080 10904 
66.898148 11058 
66.915336 11058 
66.932500 11058 
66.949653 11308 
66.965812 11308 
66.981994 11558 
66.998177 11558 
67.013359 11808 
67.028637 12058 
67.043758 12058 
67.058925 12058 
67.073092 12308 
67.087252 12308 
67.101402 12558 
67.129607 12558 
67.143885 12808 
67.156969 13010 
67.170148 13010 
67.196368 13260 
67.209549 13260 
67.222725 13510 
67.235879 13510 
67.261106 13510 
67.273275 13760 
67.285431 14010 
67.309663 14010 
67.321844 14010 
67.334010 14260 
67.357252 14260 
67.368430 14510 
67.379612 14510 
67.390792 14760 
67.401974 15010 
67.424217 15010 
67.435395 15260 
67.446578 15260 
67.456758 15510 
67.466937 15760 
67.487165 15760 
67.497332 16010 
67.507496 16010 
67.517672 16260 
67.537964 16510 
67.548094 16510 
67.558268 16760 
67.567443 16760 
67.576609 17010 
67.585779 17260 
67.603990 17260 
67.613163 17510 
67.631389 17510 
67.640572 17760 
67.649892 18010 
67.658970 18164 
67.668138 18414 
67.685355 18414 
67.693535 18664 
67.701712 18914 
67.717931 18914 
67.726112 19164 
67.734281 19414 
67.750500 19414 
67.758681 19664 
67.766858 19914 
67.783080 19914 
67.791260 20164 
67.799457 20164 
67.815625 20414 
67.847818 20414 
67.913009 20164 
68.044292 19414 
68.306424 17592 
68.514717 16842 
68.686846 15092 
68.833014 14092 
68.961299 13592 
69.074551 12842 
69.176651 12092 
69.268950 12342 
69.353069 11592 
69.431243 11092 
69.503414 10842 
69.570585 10342 
69.633761 10092 
69.692932 9842 
69.749093 9592 
69.802257 9592 
69.852423 9342 
69.900587 9092 
69.945751 9092 
69.988913 8842 
70.031085 8842 
70.071251 8842 
70.109424 8592 
70.146585 8592 
70.217802 8342 
70.251967 8342 
70.285133 8342 
70.349464 8092 
70.380544 7910 
70.410730 7910 
70.468947 7660 
70.526160 7660 
70.553319 7660 
70.606547 7410 
70.658776 7160 
70.711004 6910 
70.762240 6910 
70.786400 6910 
70.833621 6660 
70.879967 6910 
70.902069 6660 
70.924238 6660 
70.967456 6660 
71.009807 6910 
71.029925 6660 
71.050129 6660 
71.070321 6660 
71.109700 6910 
71.128817 6766 
71.147009 7016 
71.165197 7016 
71.183367 7266 
71.200547 7266 
71.217715 7516 
71.234879 7516 
71.252115 7766 
71.268240 7766 
71.284405 7766 
71.300566 8016 
71.315718 8016 
71.330873 8266 
71.346058 8266 
71.361225 8516 
71.375476 8766 
71.389620 8968 
71.403792 8968 
71.417969 9218 
71.432139 9218 
71.445309 9468 
71.458478 9718 
71.471644 9718 
71.484799 9968 
71.497977 9968 
71.511143 10218 
71.523314 10218 
71.535452 10468 
71.547609 10718 
71.559801 10718 
71.571995 10968 
71.584165 10968 
71.595336 11218 
71.606492 11468 
71.617666 11468 
71.628842 11718 
71.640012 11718 
71.651197 11968 
71.662401 12218 
71.673588 12218 
71.683763 12468 
71.693941 12718 
71.704104 12718 
71.724353 12968 
71.734539 12968 
71.754764 13218 
71.765019 13468 
71.775120 13468 
71.785260 13718 
71.794398 13718 
71.803543 13968 
71.812694 14218 
71.821843 14218 
71.840049 14468 
71.849199 14468 
71.858356 14718 
71.876553 14968 
71.885854 15218 
71.894959 15372 
71.904130 15622 
71.912286 15622 
71.928505 15872 
71.936684 16122 
71.944855 16122 
71.961086 16372 
71.969249 16372 
71.977429 16622 
71.993644 16872 
72.001824 16872 
72.010003 17122 
72.026234 17372 
72.034390 17372 
72.042547 17622 
72.057771 17872 
72.064947 17872 
72.079233 18122 
72.086446 18372 
72.093622 18372 
72.107841 18622 
72.122078 18622 
72.129242 18872 
72.143459 19122 
72.150638 19122 
72.157818 19372 
72.172048 19622 
72.179205 19622 
72.186402 19872 
72.193609 20122 
72.200816 20372 
72.215031 20372 
72.243223 20372 
72.300517 20622 
72.414779 19872 
72.642944 18872 
72.829151 17372 
72.986360 16372 
73.121571 15372 
73.240778 14622 
73.346978 14122 
73.443196 13372 
73.530387 12872 
73.610596 12622 
73.684769 12122 
73.753935 11872 
73.819101 11622 
73.941318 10872 
74.060542 10122 
74.114745 9872 
74.165927 9622 
74.263289 9872 
74.309400 9122 
74.353583 9122 
74.395751 9122 
74.436916 8872 
74.515132 8622 
74.552294 8372 
74.624554 8122 
74.659733 8122 
74.693923 8122 
74.726079 8122 
74.757241 8122 
74.787404 8122 
74.846630 7872 
74.875783 7872 
74.903957 7872 
74.931163 7872 
74.957344 7872 
74.983506 7872 
75.008665 7872 
75.057887 7872 
75.106215 7872 
75.129325 7622 
75.152479 7622 
75.197690 7622 
75.242017 7872 
75.263140 7622 
75.284310 7622 
75.325529 7622 
75.365899 7872 
75.385034 7622 
75.404233 7622 
75.423418 7622 
75.460761 7872 
75.478860 7700 
75.497000 7950 
75.532222 7950 
75.567445 7950 
75.601773 7950 
75.617863 8176 
75.649975 8176 
75.682099 8176 
75.713213 8176 
75.744324 8176 
75.775450 8176 
75.790627 8176 
75.819844 8176 
75.849058 8176 
75.878277 8176 
75.907501 8176 
75.936718 8176 
75.964931 8176 
75.993226 8426 
76.006375 8426 
76.019545 8426 
76.032719 8676 
76.057937 8676 
76.083149 8676 
76.108362 8926 
76.133701 9176 
76.145811 8926 
76.157980 9176 
76.181199 9176 
76.204414 9176 
76.227626 9426 
76.250961 9676 
76.262114 9426 
76.284301 9676 
76.306465 9676 
76.328640 9676 
76.349966 9926 
76.360009 10032 
76.370179 10282 
76.390407 10282 
76.410634 10282 
76.430850 10532 
76.451076 10532 
76.471298 10532 
76.491511 10782 
76.510821 11032 
76.519959 11032 
76.538130 11032 
76.556302 11282 
76.574474 11282 
76.592651 11282 
76.610824 11532 
76.629118 11782 
76.638238 11782 
76.656411 11782 
76.674593 12032 
76.691753 12032 
76.708905 12032 
76.717073 12282 
76.733296 12532 
76.749672 12782 
76.757744 12960 
76.773841 12960 
76.789933 13210 
76.806023 13210 
76.822110 13460 
76.838203 13460 
76.854322 13710 
76.870424 13710 
76.886525 13960 
76.901642 13960 
76.916757 14210 
76.931873 14210 
76.946975 14460 
76.962092 14460 
76.977193 14710 
76.992295 14710 
77.007397 14960 
77.022651 15210 
77.029759 15210 
77.036931 15460 
77.051167 15460 
77.065400 15710 
77.079624 15710 
77.093848 15960 
77.108071 15960 
77.115245 16210 
77.129569 16460 
77.136675 16638 
77.149827 16888 
77.162987 16888 
77.176134 17138 
77.189308 17138 
77.202468 17388 
77.215625 17638 
77.228789 17638 
77.241948 17888 
77.255117 17888 
77.268266 18138 
77.281433 18138 
77.294588 18388 
77.307760 18638 
77.320934 18638 
77.334099 18888 
77.347266 18888 
77.360414 19138 
77.373588 19138 
77.386746 19388 
77.399921 19388 
77.413085 19638 
77.426245 19888 
77.439417 19888 
77.451575 20138 
77.469733 20138 
77.499878 20138 
77.554107 20388 
77.601248 19888 
77.735538 19888 
77.822695 18888 
77.983831 17888 
78.139954 16888 
78.291076 15888 
78.438288 15138 
78.498434 14638 
78.555606 14388 
78.663836 13638 
78.769071 13138 
78.817251 12888 
78.909465 12388 
78.999783 12638 
79.041923 12138 
79.123105 11638 
79.202272 11138 
79.280432 10888 
79.357592 10388 
79.432751 10138 
79.507031 10388 
79.539175 9888 
79.570354 9888 
79.630549 9638 
79.690756 9388 
79.749975 9138 
79.808211 8888 
79.865441 8638 
79.922674 8388 
79.978898 8138 
80.034122 8138 
80.089348 7888 
80.143564 7638 
80.197787 7388 
80.251010 7138 
80.303234 7138 
80.355557 7138 
80.376668 6888 
80.418772 6888 
80.459999 6888 
80.480067 7014 
80.519159 6764 
80.558253 6764 
80.596345 6764 
80.634437 6764 
80.672528 6514 
80.709619 6514 
80.746710 6514 
80.783799 6514 
80.819892 6264 
80.856089 6514 
80.872202 6692 
80.888379 6692 
80.919601 6692 
80.950817 6692 
80.982035 6692 
81.013254 6692 
81.043477 6692 
81.073701 6692 
81.103926 6692 
81.134150 6692 
81.163382 6692 
81.192605 6692 
81.221818 6692 
81.251134 6942 
81.264275 6942 
81.277437 6942 
81.302650 6942 
81.327859 7192 
81.353071 7192 
81.378395 7442 
81.390545 7192 
81.402749 7442 
81.426000 7442 
81.449238 7442 
81.472466 7692 
81.495819 7942 
81.506917 8072 
81.529037 8072 
81.551153 8072 
81.573266 8072 
81.594385 8322 
81.615494 8322 
81.636601 8322 
81.657711 8572 
81.678820 8572 
81.699929 8572 
81.721040 8572 
81.742165 8822 
81.763334 9072 
81.773481 9072 
81.782656 9072 
81.800870 9322 
81.819081 9322 
81.837292 9572 
81.855503 9572 
81.873852 9822 
81.882931 10000 
81.901034 10000 
81.919135 10250 
81.937239 10250 
81.954341 10500 
81.971481 10500 
81.988580 10750 
82.005685 10750 
82.022787 10750 
82.039886 11000 
82.056988 11000 
82.074087 11250 
82.091188 11250 
82.108291 11500 
82.125389 11500 
82.142499 11500 
82.159590 11750 
82.176686 11750 
82.192785 12000 
82.208886 12000 
82.224991 12250 
82.241094 12250 
82.257199 12500 
82.273402 12750 
82.280542 12750 
82.287706 13000 
82.301943 13000 
82.316172 13250 
82.330395 13250 
82.344616 13500 
82.358832 13500 
82.373047 13750 
82.387368 14000 
82.394459 14154 
82.408604 14404 
82.422746 14404 
82.435883 14654 
82.449023 14654 
82.462161 14904 
82.475298 14904 
82.488449 15154 
82.501618 15154 
82.514778 15404 
82.527921 15654 
82.541066 15654 
82.554210 15904 
82.567355 15904 
82.580491 16154 
82.593639 16154 
82.606781 16404 
82.619926 16404 
82.633070 16654 
82.646207 16904 
82.659461 17154 
82.665559 17154 
82.671708 17404 
82.683919 17404 
82.696129 17654 
82.708336 17904 
82.720567 17904 
82.731777 18154 
82.742988 18154 
82.754199 18404 
82.765413 18654 
82.776686 18904 
82.781838 19082 
82.791965 19332 
82.802095 19332 
82.812222 19582 
82.822350 19832 
82.832467 19832 
82.842603 20082 
82.858735 20082 
82.885857 20332 
82.908026 20332 
83.019240 19582 
83.123453 19082 
83.221814 19082 
83.297959 18332 
83.368131 18082 
83.433290 17582 
83.556503 16832 
83.614671 16582 
83.728023 16582 
83.780138 15832 
83.829439 16082 
83.876566 15582 
83.966819 15582 
84.009954 14832 
84.092231 15082 
84.131357 14582 
84.206464 14332 
84.280559 13832 
84.353680 13582 
84.425799 13082 
84.496901 12832 
84.567011 12582 
84.636244 12832 
84.666367 12332 
84.724506 12082 
84.781626 11832 
84.837740 11832 
84.893874 11582 
84.949005 11332 
85.003130 11082 
85.027295 11082 
85.074516 11082 
85.121847 11332 
85.144991 10832 
85.190159 10832 
85.234479 11082 
85.255616 10832 
85.296744 10582 
85.337976 10832 
85.358114 10602 
85.397260 10602 
85.436383 10602 
85.474498 10352 
85.512596 10352 
85.550686 10352 
85.587780 10352 
85.625016 10602 
85.642125 10352 
85.675253 10352 
85.708373 10352 
85.741605 10602 
85.757755 10352 
85.788958 10352 
85.820139 10352 
85.851436 10602 
85.866576 10506 
85.881761 10756 
85.910999 10756 
85.940229 10756 
85.969452 10756 
85.998793 11006 
86.012890 10756 
86.026051 11006 
86.052285 11006 
86.065465 11256 
86.091697 11256 
86.104992 11506 
86.117078 11708 
86.141222 11708 
86.165369 11708 
86.189501 11708 
86.213641 11958 
86.237793 11958 
86.260939 11958 
86.284084 11958 
86.307216 12208 
86.330362 12208 
86.353508 12208 
86.376641 12208 
86.399773 12208 
86.421922 12458 
86.444067 12458 
86.466205 12458 
86.488340 12708 
86.510572 12958 
86.520699 12708 
86.540861 12958 
86.561022 12958 
86.581178 12958 
86.600334 13208 
86.619635 13458 
86.628730 13612 
86.646858 13612 
86.664989 13862 
86.683123 13862 
86.701253 13862 
86.719382 14112 
86.737531 14112 
86.755674 14362 
86.773804 14362 
86.790936 14362 
86.808075 14612 
86.825213 14612 
86.842346 14862 
86.859446 14862 
86.876579 15112 
86.893710 15112 
86.910841 15112 
86.927971 15362 
86.945101 15362 
86.962228 15612 
86.979358 15612 
86.996460 15862 
87.013673 16112 
87.021811 16112 
87.036997 16112 
87.052169 16362 
87.067349 16362 
87.082525 16612 
87.097695 16612 
87.112864 16862 
87.128175 17112 
87.135257 17266 
87.149374 17266 
87.163444 17516 
87.177541 17766 
87.191636 17766 
87.205745 18016 
87.219853 18016 
87.233960 18266 
87.248069 18266 
87.262184 18516 
87.275287 18516 
87.288386 18766 
87.301485 18766 
87.314580 19016 
87.327717 19266 
87.340811 19266 
87.353913 19516 
87.367017 19516 
87.380105 19766 
87.393277 20016 
87.399398 20016 
87.412569 20266 
87.477783 20016 
87.596088 20016 
87.701251 18766 
87.911538 17516 
88.084756 16766 
88.232862 15266 
88.495088 14266 
88.609209 13016 
88.711378 12266 
88.803533 11766 
88.980747 10516 
89.144962 9516 
89.304178 8516 
89.371429 8766 
89.434565 8016 
89.553730 7266 
89.609891 7016 
89.716105 6516 
89.766273 6266 
89.861491 5766 
89.954714 5266 
90.046936 4766 
90.137153 4266 
90.225462 4016 
90.263577 3766 
90.300741 3516 
90.372092 3766 
90.406213 3266 
90.472448 3266 
90.504556 3016 
90.535715 3016 
90.596002 3016 
90.625176 2766 
90.681341 2516 
90.737603 2766 
90.764761 2266 
90.817104 2266 
90.842278 2320 
90.867368 2570 
90.891535 2570 
90.914689 2570 
90.959903 2320 
91.005116 2320 
91.049327 2070 
91.093542 2070 
91.136754 2070 
91.179965 1820 
91.223169 1820 
91.265480 2070 
91.284621 1820 
91.321783 1570 
91.359031 1820 
91.377139 1974 
91.395297 1974 
91.430504 1974 
91.465715 1974 
91.500926 1724 
91.535139 1724 
91.569350 1724 
91.603561 1724 
91.619768 1974 
91.634894 1974 
91.650070 1974 
91.680276 1974 
91.709490 1974 
91.738733 2224 
91.752857 2402 
91.781001 2402 
91.809153 2402 
91.836313 2402 
91.863474 2402 
91.890619 2402 
91.917769 2652 
91.944929 2652 
91.972083 2652 
91.998236 2652 
92.024390 2652 
92.050558 2652 
92.076711 2652 
92.102872 2652 
92.129084 2902 
92.141261 3080 
92.164473 3080 
92.187676 3330 
92.210870 3330 
92.234075 3330 
92.257282 3330 
92.280500 3330 
92.303730 3580 
92.325927 3580 
92.348125 3580 
92.370332 3580 
92.392540 3830 
92.414733 3830 
92.436967 3830 
92.459164 3830 
92.481366 4080 
92.503552 4080 
92.524740 4080 
92.545947 4330 
92.567175 4330 
92.588382 4330 
92.609584 4330 
92.630786 4580 
92.652088 4830 
92.661237 4830 
92.670412 4830 
92.688626 5080 
92.706831 5080 
92.724044 5330 
92.741254 5330 
92.758467 5580 
92.775707 5830 
92.783859 5830 
92.800071 5830 
92.816266 6080 
92.832468 6080 
92.848650 6080 
92.864842 6330 
92.881141 6580 
92.889251 6686 
92.905383 6936 
92.921509 6936 
92.936630 7186 
92.951752 7186 
92.966869 7436 
92.981993 7436 
92.997108 7686 
93.012224 7686 
93.027339 7936 
93.042562 8186 
93.049703 8186 
93.056859 8436 
93.071071 8436 
93.085281 8686 
93.099490 8686 
93.113700 8936 
93.127913 8936 
93.142125 9186 
93.156470 9436 
93.163560 9638 
93.170735 9888 
93.183954 9888 
93.197162 10138 
93.210373 10138 
93.223593 10388 
93.236812 10638 
93.250033 10638 
93.263243 10888 
93.276454 10888 
93.289664 11138 
93.302875 11138 
93.316092 11388 
93.329309 11388 
93.342518 11638 
93.355726 11888 
93.368938 11888 
93.382148 12138 
93.395356 12138 
93.408565 12388 
93.421777 12388 
93.434986 12638 
93.448198 12888 
93.461410 12888 
93.473619 13138 
93.485827 13138 
93.498037 13388 
93.510247 13388 
93.522471 13638 
93.534682 13888 
93.546990 14138 
93.552125 14138 
93.562294 14388 
93.572466 14388 
93.582636 14638 
93.592807 14888 
93.602979 14888 
93.613151 15138 
93.623323 15388 
93.633495 15388 
93.643664 15638 
93.653848 15888 
93.664143 16138 
93.669228 16292 
93.679360 16542 
93.689496 16542 
93.699626 16792 
93.709764 17042 
93.719901 17042 
93.730034 17292 
93.740167 17542 
93.750302 17542 
93.760434 17792 
93.770568 18042 
93.780718 18042 
93.790857 18292 
93.800994 18542 
93.811129 18542 
93.820262 18792 
93.829394 19042 
93.838528 19292 
93.847658 19292 
93.856788 19542 
93.865920 19792 
93.875055 19792 
93.884187 20042 
93.898319 20292 
93.922454 20292 
93.965589 20042 
94.047737 19792 
94.123981 20042 
94.195122 19292 
94.391304 17792 
94.573569 16792 
94.684812 16042 
94.784893 15350 
94.968108 14350 
95.051217 13600 
95.205376 13350 
95.276568 13100 
95.409818 12100 
95.539059 11350 
95.665273 10600 
95.788491 9850 
95.909718 8850 
96.027945 8350 
96.144185 7600 
96.258422 6850 
96.370659 6100 
96.481879 5350 
96.591147 4850 
96.629332 4600 
96.702555 4350 
96.774783 4100 
96.808941 3850 
96.875243 3850 
96.907365 3692 
96.969524 3442 
97.030682 3192 
97.090830 2942 
97.149990 2692 
97.209147 2442 
97.267380 2442 
97.293537 2192 
97.344713 2192 
97.395017 2192 
97.419148 1942 
97.442332 1942 
97.487567 1942 
97.532902 2192 
97.555050 1942 
97.598189 1692 
97.640427 1942 
97.660584 1798 
97.680793 1798 
97.720028 1798 
97.759260 1798 
97.797572 2048 
97.815735 1798 
97.833914 1798 
97.869138 1798 
97.904459 2048 
97.921584 1798 
97.954719 1798 
97.987848 1798 
98.021101 2048 
98.037193 2226 
98.068293 2226 
98.099399 1976 
98.130520 1976 
98.161639 1976 
98.176810 2226 
98.206032 2226 
98.235263 2226 
98.264492 2226 
98.293825 2476 
98.307961 2476 
98.335105 2476 
98.362249 2476 
98.389393 2476 
98.416657 2726 
98.429749 2476 
98.454860 2726 
98.479972 2726 
98.505086 2726 
98.530330 2976 
98.542429 3130 
98.566537 3130 
98.589640 3130 
98.612752 3130 
98.635863 3380 
98.658992 3380 
98.682213 3630 
98.693336 3630 
98.704497 3630 
98.725739 3880 
98.746982 3880 
98.768207 3880 
98.789499 4130 
98.799635 4332 
98.819786 4332 
98.839948 4582 
98.860104 4582 
98.880269 4582 
98.900421 4832 
98.919567 4832 
98.938713 5082 
98.957862 5082 
98.977009 5082 
98.996165 5332 
99.015314 5332 
99.034474 5332 
99.053630 5582 
99.072786 5582 
99.091932 5582 
99.111103 5832 
99.129252 5832 
99.147398 6082 
99.165547 6082 
99.183757 6332 
99.191908 6332 
99.208085 6582 
99.224290 6582 
99.240500 6582 
99.256697 6832 
99.272901 6832 
99.289093 7082 
99.305353 7332 
99.313486 7486 
99.329639 7486 
99.344791 7736 
99.359950 7736 
99.375111 7986 
99.390263 7986 
99.405422 8236 
99.420576 8236 
99.435732 8486 
99.450887 8486 
99.466047 8736 
99.481198 8736 
99.496358 8986 
99.511529 8986 
99.526680 9236 
99.541848 9236 
99.557002 9486 
99.572162 9486 
99.587322 9736 
99.601483 9736 
99.615636 9986 
99.629788 9986 
99.643949 10236 
99.658113 10486 
99.672269 10486 
99.686425 10736 
99.700648 10986 
99.706802 10986 
99.719010 10986 
99.731217 11236 
99.743432 11486 
99.755670 11486 
99.767874 11736 
99.780075 11736 
99.792299 11986 
99.804489 12236 
99.816775 12486 
99.822913 12640 
99.835074 12890 
99.847230 12890 
99.859397 13140 
99.871552 13140 
99.885064 13390 
99.891224 13640 
99.902457 13640 
99.913678 13890 
99.924909 14140 
99.936127 14140 
99.947335 14390 
99.958543 14640 
99.969758 14640 
99.980980 14890 
99.992194 14890 
100.003433 15140 
100.014640 15390 
100.025871 15390 
100.037123 15640 
100.048335 15890 
100.059552 15890 
100.070766 16140 
100.081967 16140 
100.093181 16390 
100.104399 16640 
100.115629 16640 
100.126850 16890 
100.138068 17140 
100.149294 17140 
100.160525 17390 
100.171749 17390 
100.182957 17640 
100.194189 17890 
100.205471 18140 
100.210626 18318 
100.220814 18568 
100.230984 18568 
100.241174 18818 
100.251366 19068 
100.260504 19068 
100.269681 19318 
100.278873 19568 
100.288051 19818 
100.297244 19818 
100.306436 20068 
100.320623 20068 
100.344805 20318 
100.387980 20068 
100.470167 19568 
100.547349 19318 
100.619700 19318 
100.686808 18568 
100.813095 18818 
100.872221 18068 
100.927403 17818 
100.979569 17568 
101.029727 17568 
101.076889 17318 
101.122066 17318 
101.165242 17068 
101.206418 17068 
101.246595 17068 
101.284771 16818 
101.321946 16818 
101.357122 16818 
101.391292 16818 
101.424446 16818 
101.456609 16818 
101.487786 16818 
101.517963 16818 
101.547132 16818 
101.575290 16818 
101.602450 16818 
101.655666 16568 
101.681842 16568 
101.707018 16568 
101.732197 16568 
101.756367 16818 
101.779536 16818 
101.802709 16818 
101.824885 16818 
101.847063 17068 
101.868220 17068 
101.909442 16818 
101.929614 17068 
101.969838 16818 
101.989996 17068 
102.029339 17318 
102.048451 17068 
102.066619 17068 
102.084788 17318 
102.120164 17318 
102.137213 17458 
102.154377 17458 
102.171526 17708 
102.187676 17708 
102.203792 17958 
102.219953 17958 
102.236125 18208 
102.267364 18208 
102.282542 18208 
102.297712 18458 
102.326939 18458 
102.341114 18458 
102.355285 18708 
102.383514 18708 
102.397690 18708 
102.411847 18958 
102.425019 18958 
102.438177 19208 
102.464399 19208 
102.477569 19458 
102.503798 19458 
102.517096 19708 
102.529189 19708 
102.541357 19708 
102.565590 19958 
102.577758 19958 
102.589915 20208 
102.602083 20208 
102.662440 20458 
102.710548 19958 
102.806867 19958 
102.895150 19208 
102.975364 19314 
103.049502 18314 
103.118690 18064 
103.183870 17814 
103.245033 17564 
103.302201 17314 
103.356383 17064 
103.407562 17064 
103.456851 17314 
103.502965 16564 
103.547243 16814 
103.589333 16314 
103.630497 16314 
103.669775 16564 
103.706872 16314 
103.779120 16064 
103.814208 15896 
103.848376 15896 
103.913595 15646 
103.977949 15896 
104.008107 15396 
104.067369 15396 
104.096487 15146 
104.152624 14896 
104.207922 15146 
104.234054 14646 
104.285351 14646 
104.310478 14800 
104.334618 14800 
104.381760 14550 
104.404914 14550 
104.450231 14800 
104.472341 14550 
104.515473 14550 
104.558737 14550 
104.579841 14502 
104.620948 14502 
104.661047 14502 
104.701157 14252 
104.741265 14252 
104.780374 14252 
104.819566 14252 
104.837681 14454 
104.872816 14454 
104.907952 14454 
104.943109 14204 
104.977267 14204 
105.011427 14204 
105.045586 14204 
105.079728 14204 
105.112862 14204 
105.145994 14204 
105.179129 13954 
105.212255 13954 
105.244386 13954 
105.276519 13954 
105.308655 13954 
105.340896 14204 
105.354994 14204 
105.382109 14204 
105.409226 14204 
105.436342 14204 
105.463566 14454 
105.476669 14454 
105.501789 14454 
105.526910 14454 
105.552031 14454 
105.577240 14704 
105.589316 14810 
105.613403 14810 
105.636488 14810 
105.659573 14810 
105.682661 15060 
105.705749 15060 
105.728916 15310 
105.740033 15310 
105.751192 15310 
105.773405 15560 
105.794615 15560 
105.815828 15560 
105.837043 15810 
105.858344 16060 
105.868467 16060 
105.888584 16060 
105.908702 16060 
105.928821 16060 
105.948940 16310 
105.968181 16560 
105.977262 16738 
105.995353 16738 
106.013448 16988 
106.031546 16988 
106.049645 16988 
106.067729 17238 
106.085821 17238 
106.103915 17488 
106.122132 17738 
106.131220 17738 
106.148328 17738 
106.165438 17988 
106.182547 17988 
106.199655 17988 
106.216753 18238 
106.233982 18488 
106.242085 18690 
106.258220 18940 
106.274351 18940 
106.290495 18940 
106.306635 19190 
106.322771 19190 
106.338901 19440 
106.355035 19440 
106.370164 19690 
106.385299 19690 
106.400426 19940 
106.415554 19940 
106.430688 20190 
106.453825 20190 
106.491965 20190 
106.561104 19690 
106.627334 19690 
106.685460 19190 
106.795723 19190 
106.847853 18440 
106.947117 18690 
106.994251 17940 
107.084393 17440 
107.172640 17440 
107.213780 16940 
107.293030 16940 
107.331166 16440 
107.404405 16440 
107.439544 15940 
107.473730 15940 
107.540114 16190 
107.572233 15690 
107.634334 15440 
107.695531 15690 
107.724676 15190 
107.780915 15190 
107.808029 14940 
107.861156 14690 
107.913407 14940 
107.938530 14690 
107.987668 14440 
108.035933 14690 
108.059078 14190 
108.104225 14190 
108.149560 14440 
108.171691 14580 
108.192852 14580 
108.234001 14580 
108.275137 14330 
108.315276 14330 
108.355401 14330 
108.395531 14080 
108.434734 14330 
108.452852 14080 
108.489009 14080 
108.524165 14080 
108.559483 14330 
108.576595 14080 
108.593775 14330 
108.627009 14330 
108.660398 14330 
108.676442 14484 
108.707501 14484 
108.738559 14484 
108.769620 14484 
108.800703 14484 
108.830897 14734 
108.845006 14484 
108.873141 14484 
108.901272 14484 
108.929521 14734 
108.943583 14936 
108.970674 14936 
108.997777 14936 
109.024897 14936 
109.052019 14936 
109.078133 15186 
109.104240 15186 
109.130364 15186 
109.156484 15186 
109.182605 15186 
109.208727 15186 
109.234849 15186 
109.259971 15186 
109.285109 15436 
109.310236 15436 
109.335475 15686 
109.346568 15686 
109.368663 15686 
109.390774 15686 
109.411885 15686 
109.432996 15936 
109.454270 16186 
109.464373 16186 
109.484532 16186 
109.504675 16186 
109.524832 16436 
109.544968 16436 
109.565267 16686 
109.575308 16816 
109.594360 16816 
109.613432 17066 
109.632498 17066 
109.651563 17066 
109.670615 17316 
109.689678 17316 
109.708801 17566 
109.717917 17792 
109.736066 18042 
109.754228 18042 
109.771373 18042 
109.788507 18292 
109.805651 18292 
109.822806 18542 
109.839949 18542 
109.857105 18792 
109.874250 18792 
109.891412 18792 
109.908567 19042 
109.925710 19042 
109.942865 19292 
109.960008 19292 
109.977163 19542 
109.994307 19542 
110.010459 19542 
110.026599 19792 
110.042741 19792 
110.058904 20042 
110.083047 20042 
110.123189 20042 
110.194324 19542 
110.261606 19792 
110.319722 19042 
110.429985 19292 
110.482124 18792 
110.581244 18042 
110.678359 17542 
110.773493 17042 
110.866609 16542 
110.957716 16042 
111.047824 15542 
111.136929 15042 
111.224045 14542 
111.310160 14042 
111.395276 13542 
111.479390 13042 
111.562517 12792 
111.644711 12542 
111.674835 12292 
111.732981 12042 
111.790226 12292 
111.817353 11792 
111.870653 11792 
111.896718 11884 
111.946804 11634 
111.996886 11384 
112.046104 11634 
112.069252 11384 
112.114400 11134 
112.159684 11384 
112.181781 11134 
112.224894 11134 
112.267141 11134 
112.287247 11312 
112.326370 11062 
112.365494 11062 
112.404619 11062 
112.442743 10812 
112.480868 10812 
112.518991 10812 
112.556256 11062 
112.573383 10812 
112.607525 10812 
112.640656 10812 
112.673915 11062 
112.690050 10812 
112.722185 10812 
112.753316 10812 
112.784585 11062 
112.799646 10966 
112.814802 11216 
112.844011 11216 
112.873222 11216 
112.902449 11216 
112.931746 11466 
112.945864 11466 
112.972990 11466 
113.000119 11466 
113.027248 11466 
113.054495 11716 
113.067615 11716 
113.092746 11716 
113.117875 11716 
113.143000 11716 
113.168240 11966 
113.180320 12144 
113.204427 12144 
113.228534 12144 
113.251638 12144 
113.274742 12394 
113.297874 12394 
113.321008 12394 
113.344104 12394 
113.367210 12644 
113.390320 12644 
113.412427 12644 
113.434635 12894 
113.444746 12894 
113.464856 12894 
113.484970 13144 
113.505090 13144 
113.525225 13144 
113.545361 13394 
113.565563 13644 
113.575673 13644 
113.594788 13644 
113.613888 13644 
113.633001 13894 
113.652123 13894 
113.671377 14144 
113.680427 14298 
113.689586 14548 
113.707810 14548 
113.726031 14798 
113.744262 14798 
113.762484 14798 
113.779748 15048 
113.796967 15048 
113.814204 15298 
113.831527 15548 
113.839653 15548 
113.847806 15798 
113.864025 15798 
113.880253 15798 
113.896478 16048 
113.912686 16048 
113.928900 16298 
113.945255 16548 
113.953350 16750 
113.968450 17000 
113.983545 17000 
113.998661 17000 
114.013777 17250 
114.028902 17250 
114.044003 17500 
114.059114 17500 
114.074239 17750 
114.089363 17750 
114.104487 18000 
114.119585 18000 
114.134698 18250 
114.149808 18250 
114.164932 18500 
114.180036 18500 
114.195159 18750 
114.210285 18750 
114.225385 19000 
114.239453 19000 
114.253554 19250 
114.267648 19500 
114.281763 19500 
114.295887 19750 
114.309988 19750 
114.324082 20000 
114.338306 20250 
114.344410 20250 
114.376512 20250 
114.435615 20000 
114.494837 20250 
114.547956 19316 
