0.000018 11.111111 
0.090318 12.111111 
0.172545 13.111111 
0.248795 14.111111 
0.319055 15.111110 
0.385280 16.111111 
0.447541 17.111111 
0.505789 18.111111 
0.561025 19.111111 
0.613272 20.111111 
0.662530 21.111111 
0.709767 22.111111 
0.754985 23.111111 
0.798216 24.111111 
0.839446 25.111111 
0.878662 26.111109 
0.916942 27.111109 
0.953180 28.111111 
0.988404 29.111109 
1.022640 30.111109 
1.055889 31.111109 
1.088087 32.111107 
1.119293 33.111107 
1.149496 34.111107 
1.178713 35.111107 
1.206954 36.111107 
1.234192 37.111107 
1.260370 38.111107 
1.286577 39.111107 
1.311824 40.111107 
1.336072 41.111107 
1.360294 42.111107 
1.383498 43.111107 
1.406712 44.111107 
1.428921 45.111107 
1.451155 46.111107 
1.472336 47.111107 
1.493550 48.111107 
1.513778 49.111111 
1.533973 50.111111 
1.553164 51.111111 
1.572371 52.111111 
1.591573 53.111115 
1.609785 54.111115 
1.627985 55.111115 
1.646206 56.111115 
1.663442 57.111111 
1.680653 58.111107 
1.697897 59.111111 
1.714099 60.111107 
1.730333 61.111107 
1.746510 62.111107 
1.762725 63.111107 
1.777899 64.111107 
1.793069 65.111107 
1.808228 66.111107 
1.823388 67.111107 
1.837554 68.111107 
1.851712 69.111107 
1.865871 70.111107 
1.880028 71.111107 
1.894179 72.111107 
1.907334 73.111107 
1.920559 74.111107 
1.933725 75.111107 
1.946961 76.111107 
1.960118 77.111107 
1.972287 78.111107 
1.984476 79.111107 
1.996656 80.111107 
2.008836 81.111107 
2.021014 82.111107 
2.033163 83.111107 
2.045327 84.111107 
2.056506 85.111107 
2.067654 86.111107 
2.078819 87.111107 
2.089983 88.111107 
2.101161 89.111107 
2.112340 90.111107 
2.123509 91.111099 
2.133658 92.111099 
2.143822 93.111092 
2.153968 94.111092 
2.164139 95.111092 
2.174319 96.111084 
2.184474 97.111084 
2.194629 98.111076 
2.204808 99.111076 
2.214963 100.111076 
2.224118 101.111084 
2.233296 102.111084 
2.242455 103.111084 
2.251622 104.111084 
2.260775 105.111084 
2.269938 106.111076 
2.279091 106.111076 
2.288259 106.111076 
2.297430 53.055538 
2.315585 26.527769 
2.352738 13.263885 
2.427919 6.631942 
2.578122 3.315971 
2.879325 4.315971 
3.110501 5.315971 
3.298667 6.315972 
3.456828 7.315972 
3.593003 8.315971 
3.713174 9.315971 
3.820340 10.315971 
3.916513 11.315971 
4.004701 12.315971 
4.085875 13.315971 
4.161063 14.315972 
4.230215 15.315973 
4.295380 16.315973 
4.356554 17.315973 
4.413720 18.315973 
4.467891 19.315973 
4.519051 20.315973 
4.568239 21.315973 
4.614412 22.315973 
4.658600 23.315973 
4.700773 24.315973 
4.741953 25.315973 
4.781111 26.315975 
4.818294 27.315973 
4.854474 28.315971 
4.889682 29.315971 
4.923845 30.315971 
4.957013 31.315971 
4.988195 32.315971 
5.018368 33.315971 
5.048526 34.315971 
5.077705 35.315971 
5.105885 36.315971 
5.133065 37.315971 
5.159238 38.315971 
5.185417 39.315971 
5.210596 40.315971 
5.234771 41.315971 
5.258951 42.315971 
5.282115 43.315971 
5.305294 44.315971 
5.327470 45.315971 
5.349625 46.315971 
5.370812 47.315971 
5.391995 48.315971 
5.412163 49.315971 
5.432338 50.315971 
5.451535 51.315971 
5.470705 52.315971 
5.489870 53.315971 
5.508050 54.315971 
5.526242 55.315971 
5.544423 56.315971 
5.561588 57.315971 
5.578776 58.315971 
5.595940 59.315971 
5.612120 60.315971 
5.628298 61.315975 
5.644480 62.315979 
5.660661 63.315979 
5.675810 64.315979 
5.690968 65.315979 
5.706129 66.315979 
5.721309 67.315979 
5.735527 68.315979 
5.749684 69.315979 
5.763831 70.315979 
5.777989 71.315979 
5.792145 72.315979 
5.805302 73.315979 
5.818474 74.315979 
5.831635 75.315979 
5.844811 76.315979 
5.857983 77.315979 
5.870175 78.315979 
5.882371 79.315979 
5.894534 80.315979 
5.906714 81.315979 
5.918862 82.315979 
5.931052 83.315979 
5.943201 84.315979 
5.954365 85.315979 
5.965544 86.315979 
5.976700 87.315979 
5.987877 88.315979 
5.999055 89.315979 
6.010220 90.315979 
6.021392 91.315979 
6.031545 92.315979 
6.041701 93.315979 
6.051854 94.315979 
6.062002 95.315979 
6.072157 96.315979 
6.082302 97.315979 
6.092449 98.315979 
6.102627 99.315979 
6.112804 100.315971 
6.121982 101.315971 
6.131159 102.315971 
6.140321 103.315971 
6.149499 104.315971 
6.158663 105.315964 
6.167817 106.315971 
6.176972 107.315971 
6.186126 108.315964 
6.195271 109.315964 
6.204416 110.315971 
6.213558 111.315971 
6.221735 112.315979 
6.229913 113.315979 
6.238091 114.315979 
6.246248 115.315971 
6.254423 116.315964 
6.262601 117.315971 
6.270785 118.315971 
6.278945 119.315979 
6.287108 120.315979 
6.295271 121.315979 
6.303430 122.315979 
6.311593 123.315979 
6.319766 124.315987 
6.327942 125.315987 
6.335102 126.315987 
6.342257 127.315987 
6.349402 128.315979 
6.356539 129.315979 
6.363684 130.315979 
6.370834 131.315979 
6.377976 65.657990 
6.393125 32.828995 
6.423281 16.414497 
6.483435 8.207249 
6.604629 4.103624 
6.847783 5.103624 
7.042983 6.103624 
7.206163 7.103624 
7.346381 8.103624 
7.469615 9.103624 
7.578836 10.103624 
7.677068 11.103624 
7.767283 12.103624 
7.849444 13.103624 
7.925632 14.103623 
7.995797 15.103624 
8.061963 16.103624 
8.124145 17.103624 
8.182326 18.103624 
8.237502 19.103624 
8.289677 20.103624 
8.338858 21.103624 
8.386034 22.103624 
8.431239 23.103624 
8.474432 24.103624 
8.515605 25.103624 
8.554785 26.103624 
8.592998 27.103624 
8.629178 28.103624 
8.664349 29.103624 
8.698530 30.103626 
8.731723 31.103626 
8.763938 32.103626 
8.795130 33.103626 
8.825358 34.103626 
8.854541 35.103626 
8.882711 36.103626 
8.909867 37.103626 
8.936025 38.103626 
8.962183 39.103626 
8.987339 40.103626 
9.011497 41.103626 
9.035653 42.103626 
9.058810 43.103626 
9.081966 44.103626 
9.104165 45.103626 
9.126372 46.103626 
9.147556 47.103626 
9.168724 48.103626 
9.188899 49.103626 
9.209082 50.103626 
9.228252 51.103626 
9.247412 52.103626 
9.266568 53.103626 
9.284731 54.103626 
9.302885 55.103622 
9.321043 56.103622 
9.338206 57.103622 
9.355361 58.103622 
9.372515 59.103619 
9.388670 60.103619 
9.404825 61.103619 
9.420988 62.103619 
9.437144 63.103619 
9.452300 64.103622 
9.467452 65.103622 
9.482660 66.103622 
9.497817 67.103622 
9.511973 68.103622 
9.526125 69.103622 
9.540284 70.103622 
9.554441 71.103622 
9.568604 72.103622 
9.581760 73.103622 
9.594916 74.103622 
9.608117 75.103622 
9.621295 76.103622 
9.634453 77.103622 
9.646611 78.103622 
9.658774 79.103622 
9.670931 80.103622 
9.683088 81.103622 
9.695242 82.103622 
9.707397 83.103622 
9.719581 84.103622 
9.730751 85.103622 
9.741905 86.103622 
9.753060 87.103622 
9.764214 88.103622 
9.775370 89.103622 
9.786526 90.103622 
9.797680 91.103622 
9.807857 92.103622 
9.818017 93.103622 
9.828173 94.103622 
9.838327 95.103622 
9.848603 96.103630 
9.858757 97.103630 
9.868925 98.103630 
9.879093 99.103630 
9.889249 100.103630 
9.898392 101.103630 
9.907495 102.103630 
9.916649 103.103630 
9.925805 104.103630 
9.934968 105.103630 
9.944129 106.103630 
9.953284 107.103630 
9.962434 108.103630 
9.971582 109.103630 
9.980747 110.103630 
9.989934 111.103638 
9.999105 112.103645 
10.007264 113.103645 
10.015415 114.103645 
10.023560 115.103645 
10.031716 116.103645 
10.039870 58.051823 
10.057033 29.025911 
10.091188 14.512956 
10.159344 7.256478 
10.296511 3.628239 
10.571712 4.628239 
10.787902 5.628239 
10.965066 6.628239 
11.115278 7.628239 
11.246456 8.628239 
11.361635 9.628239 
11.464803 10.628239 
11.558965 11.628239 
11.644144 12.628239 
11.723304 13.628239 
11.796478 14.628239 
11.864641 15.628239 
11.927832 16.628239 
11.988015 17.628239 
12.044175 18.628239 
12.097347 19.628239 
12.147529 20.628239 
12.195711 21.628239 
12.241891 22.628239 
12.286079 23.628239 
12.328251 24.628239 
12.368432 25.628239 
12.407610 26.628237 
12.444814 27.628237 
12.481025 28.628235 
12.515210 29.628237 
12.548400 30.628239 
12.580566 31.628239 
12.611722 32.628239 
12.641883 33.628239 
12.671040 34.628239 
12.699201 35.628239 
12.727407 36.628239 
12.754607 37.628239 
12.780780 38.628239 
12.805954 39.628239 
12.831183 40.628239 
12.855356 41.628239 
12.879513 42.628239 
12.902677 43.628239 
12.924842 44.628239 
12.947033 45.628239 
12.968202 46.628239 
12.989364 47.628239 
13.009544 48.628239 
13.029734 49.628239 
13.049947 50.628239 
13.069109 51.628239 
13.088299 52.628239 
13.107481 53.628239 
13.125653 54.628235 
13.143831 55.628235 
13.161001 56.628239 
13.178157 57.628239 
13.195310 58.628239 
13.212490 59.628235 
13.228670 60.628235 
13.244850 61.628239 
13.261012 62.628239 
13.276175 63.628239 
13.291354 64.628235 
13.306534 65.628235 
13.321752 66.628235 
13.336923 67.628235 
13.351079 68.628235 
13.365235 69.628235 
13.379392 70.628235 
13.393549 71.628235 
13.406712 72.628235 
13.419874 73.628235 
13.433029 74.628235 
13.446211 75.628235 
13.459391 76.628235 
13.472571 77.628235 
13.484736 78.628235 
13.496881 79.628235 
13.509033 80.628235 
13.521211 81.628235 
13.533362 82.628235 
13.545506 83.628235 
13.556684 84.628235 
13.567840 85.628235 
13.578995 86.628235 
13.590159 87.628235 
13.601323 88.628235 
13.612470 89.628235 
13.623618 90.628235 
13.634771 91.628235 
13.644919 92.628235 
13.655072 93.628235 
13.665236 94.628235 
13.675382 95.628235 
13.685532 96.628235 
13.695693 97.628242 
13.705842 98.628242 
13.715998 99.628242 
13.726154 100.628242 
13.735307 101.628242 
13.744456 102.628235 
13.753619 103.628235 
13.762770 104.628235 
13.771912 105.628235 
13.781068 106.628235 
13.790230 107.628227 
13.799391 108.628227 
13.808555 109.628227 
13.817710 110.628220 
13.826851 111.628220 
13.835007 112.628212 
13.843171 113.628212 
13.851323 114.628212 
13.859487 115.628220 
13.867638 116.628220 
13.875803 117.628227 
13.883952 118.628227 
13.892093 119.628227 
13.900229 120.628235 
13.908372 121.628235 
13.916549 122.628235 
13.924706 61.314117 
13.940864 30.657059 
13.973019 15.328529 
14.038184 7.664265 
14.168354 3.832132 
14.428555 4.832132 
14.634725 5.832132 
14.805887 6.832132 
14.952048 7.832132 
15.079223 8.832132 
15.192391 9.832132 
15.293573 10.832132 
15.385755 11.832132 
15.469925 12.832133 
15.547096 13.832134 
15.619271 14.832134 
15.686461 15.832134 
15.749635 16.832134 
15.808817 17.832134 
15.866199 18.832134 
15.919358 19.832134 
15.969576 20.832134 
16.017733 21.832134 
16.062914 22.832134 
16.106096 23.832134 
16.147276 24.832134 
16.187441 25.832134 
16.225618 26.832134 
16.262840 27.832134 
16.298005 28.832132 
16.332186 29.832134 
16.365366 30.832134 
16.397547 31.832132 
16.428736 32.832130 
16.458918 33.832130 
16.488074 34.832130 
16.516254 35.832130 
16.543434 36.832130 
16.570637 37.832130 
16.596811 38.832130 
16.621992 39.832130 
16.647171 40.832130 
16.671361 41.832130 
16.694540 42.832130 
16.717712 43.832130 
16.739870 44.832130 
16.762028 45.832130 
16.783178 46.832130 
16.804335 47.832130 
16.824493 48.832127 
16.844642 49.832127 
16.864800 50.832127 
16.883956 51.832123 
16.903148 52.832119 
16.921305 53.832119 
16.939494 54.832119 
16.957664 55.832119 
16.974844 56.832119 
16.992011 57.832119 
17.009191 58.832115 
17.025369 59.832115 
17.041547 60.832119 
17.057719 61.832115 
17.073897 62.832115 
17.089075 63.832115 
17.104254 64.832115 
17.119434 65.832115 
17.134619 66.832115 
17.148798 67.832115 
17.163014 68.832115 
17.177182 69.832115 
17.191339 70.832115 
17.205495 71.832115 
17.218660 72.832115 
17.231815 73.832115 
17.244991 74.832115 
17.258171 75.832115 
17.271349 76.832115 
17.284528 77.832115 
17.296706 78.832115 
17.308885 79.832115 
17.321055 80.832115 
17.333233 81.832115 
17.345412 82.832115 
17.357590 83.832115 
17.368781 84.832115 
17.379951 85.832115 
17.391130 86.832115 
17.402310 87.832115 
17.413458 88.832115 
17.424621 89.832115 
17.435797 90.832115 
17.446960 91.832115 
17.457139 92.832115 
17.467317 93.832108 
17.477495 94.832108 
17.487670 95.832100 
17.497824 96.832100 
17.507980 97.832100 
17.518144 98.832100 
17.528315 99.832100 
17.538493 100.832100 
17.547667 101.832100 
17.556836 102.832092 
17.565993 103.832092 
17.575163 104.832092 
17.584341 105.832092 
17.593490 106.832092 
17.602646 107.832092 
17.611792 108.832092 
17.620946 109.832092 
17.630100 110.832092 
17.639263 111.832085 
17.647442 112.832085 
17.655602 113.832085 
17.663770 114.832085 
17.671973 115.832085 
17.680132 116.832085 
17.688288 117.832077 
17.696459 118.832077 
17.704627 118.832077 
17.712795 118.832077 
17.720974 59.416039 
17.737155 29.708019 
17.770337 14.854010 
17.837518 7.427005 
17.971678 3.713502 
18.240857 4.713502 
18.453054 5.713502 
18.628261 6.713502 
18.776442 7.713502 
18.905642 8.713503 
19.019833 9.713503 
19.122027 10.713503 
19.215235 11.713503 
19.300461 12.713504 
19.378665 13.713504 
19.450900 14.713504 
19.518104 15.713504 
19.581318 16.713505 
19.640488 17.713505 
19.696655 18.713505 
19.749811 19.713505 
19.799978 20.713505 
19.848175 21.713505 
19.894341 22.713505 
19.938520 23.713505 
19.980730 24.713505 
20.020896 25.713507 
20.059061 26.713507 
20.096219 27.713507 
20.132377 28.713507 
20.166536 29.713507 
20.199713 30.713509 
20.231892 31.713509 
20.263072 32.713509 
20.293252 33.713509 
20.322442 34.713509 
20.350616 35.713509 
20.378797 36.713509 
20.405979 37.713509 
20.432160 38.713509 
20.457325 39.713509 
20.482505 40.713509 
20.506685 41.713509 
20.529861 42.713509 
20.553010 43.713509 
20.575190 44.713509 
20.597369 45.713509 
20.618555 46.713509 
20.639725 47.713509 
20.659882 48.713509 
20.680038 49.713509 
20.700187 50.713509 
20.719343 51.713509 
20.738500 52.713512 
20.756665 53.713516 
20.774844 54.713516 
20.793023 55.713520 
20.810203 56.713516 
20.827381 57.713516 
20.844560 58.713520 
20.861740 59.713520 
20.877909 60.713516 
20.894067 61.713520 
20.910218 62.713520 
20.925374 63.713520 
20.940531 64.713516 
20.955707 65.713516 
20.970878 66.713516 
20.985058 67.713516 
20.999248 68.713516 
21.013430 69.713516 
21.027586 70.713516 
21.041740 71.713516 
21.054896 72.713516 
21.068052 73.713516 
21.081216 74.713516 
21.094394 75.713516 
21.107570 76.713516 
21.120724 77.713516 
21.132888 78.713516 
21.145060 79.713516 
21.157222 80.713516 
21.169401 81.713516 
21.181557 82.713516 
21.193736 83.713516 
21.204915 84.713516 
21.216094 85.713516 
21.227273 86.713516 
21.238463 87.713516 
21.249642 88.713516 
21.260822 89.713516 
21.271977 90.713516 
21.283155 91.713516 
21.293326 92.713516 
21.303536 93.713516 
21.313685 94.713516 
21.323848 95.713516 
21.334026 96.713516 
21.344205 97.713524 
21.354385 98.713524 
21.364566 99.713516 
21.374744 100.713524 
21.383922 101.713524 
21.393110 102.713524 
21.402277 103.713524 
21.411456 104.713524 
21.420635 105.713524 
21.429812 106.713516 
21.438991 107.713516 
21.448164 108.713516 
21.457320 109.713524 
21.466476 110.713524 
21.475638 111.713524 
21.483783 112.713516 
21.491961 113.713516 
21.500152 114.713524 
21.508317 115.713516 
21.516532 57.856758 
21.533699 28.928379 
21.567880 14.464190 
21.637058 7.232095 
21.775232 3.616047 
22.051422 4.616047 
22.267622 5.616047 
22.445793 6.616047 
22.596965 7.616048 
22.728140 8.616048 
22.844317 9.616048 
22.947514 10.616048 
23.041746 11.616048 
23.127946 12.616049 
23.207139 13.616050 
23.280388 14.616050 
23.348567 15.616050 
23.412729 16.616051 
23.472889 17.616051 
23.529059 18.616051 
23.582250 19.616051 
23.632421 20.616051 
23.680608 21.616051 
23.726768 22.616051 
23.770920 23.616051 
23.813092 24.616051 
23.853280 25.616051 
23.892443 26.616049 
23.929624 27.616051 
23.965784 28.616051 
23.999959 29.616053 
24.033126 30.616051 
24.065357 31.616051 
24.096538 32.616051 
24.126719 33.616051 
24.155900 34.616051 
24.184082 35.616051 
24.212263 36.616051 
24.239439 37.616051 
24.265627 38.616051 
24.290809 39.616051 
24.315957 40.616051 
24.340139 41.616051 
24.364314 42.616051 
24.387505 43.616051 
24.409666 44.616051 
24.431851 45.616051 
24.453061 46.616051 
24.474227 47.616051 
24.495401 48.616051 
24.515581 49.616051 
24.535757 50.616051 
24.554935 51.616047 
24.574115 52.616043 
24.593296 53.616043 
24.611465 54.616043 
24.646698 55.616043 
24.663876 56.616043 
24.681071 57.616043 
24.698236 58.616047 
24.715416 59.616043 
24.731593 60.616047 
24.747754 61.616047 
24.763916 62.616047 
24.779098 63.616047 
24.794276 64.616043 
24.809456 65.616043 
24.824635 66.616043 
24.839838 67.616043 
24.854025 68.616043 
24.868197 69.616043 
24.882376 70.616043 
24.896557 71.616043 
24.909706 72.616043 
24.922886 73.616043 
24.936074 74.616043 
24.949248 75.616043 
24.962428 76.616043 
24.975603 77.616043 
24.987753 78.616043 
24.999933 79.616043 
25.012112 80.616043 
25.024277 81.616043 
25.036456 82.616043 
25.048637 83.616043 
25.059794 84.616043 
25.070974 85.616043 
25.082154 86.616043 
25.093310 87.616043 
25.104474 88.616043 
25.115671 89.616043 
25.126836 90.616043 
25.137999 91.616043 
25.148169 92.616043 
25.158349 93.616043 
25.168541 94.616043 
25.178713 95.616043 
25.188892 96.616043 
25.199076 97.616043 
25.209237 98.616043 
25.219418 99.616043 
25.229608 100.616043 
25.238776 101.616035 
25.247938 102.616035 
25.257102 103.616028 
25.266267 104.616028 
25.275445 105.616028 
25.284630 106.616028 
25.293795 107.616028 
25.302943 108.616028 
25.312121 109.616035 
25.321302 110.616035 
25.330473 111.616043 
25.338652 112.616043 
25.346816 113.616043 
25.354997 114.616043 
25.363166 115.616043 
25.371345 116.616043 
25.379490 117.616051 
25.387667 118.616051 
25.395828 119.616058 
25.403993 120.616066 
25.412157 121.616066 
25.420322 122.616058 
25.428501 123.616051 
25.436666 61.808025 
25.452846 30.904013 
25.485027 15.452006 
25.549206 7.726003 
25.678412 3.863002 
25.936585 4.863002 
26.141750 5.863002 
26.311908 6.863002 
26.457078 7.863002 
26.584226 8.863002 
26.696386 9.863002 
26.797568 10.863002 
26.889740 11.863001 
26.973939 12.863001 
27.051104 13.863001 
27.123288 14.863001 
27.190462 15.863001 
27.253641 16.863001 
27.312828 17.863001 
27.368002 18.863001 
27.421184 19.863001 
27.471365 20.863001 
27.518538 21.863001 
27.563746 22.863001 
27.606955 23.863003 
27.648146 24.863005 
27.688339 25.863005 
27.726568 26.863005 
27.763755 27.863005 
27.798947 28.863005 
27.833118 29.863005 
27.867647 30.863005 
27.899801 31.863005 
27.930983 32.863007 
27.961172 33.863007 
27.990342 34.863007 
28.018508 35.863007 
28.045659 36.863007 
28.072817 37.863007 
28.098976 38.863007 
28.124134 39.863007 
28.149293 40.863007 
28.173451 41.863007 
28.196609 42.863007 
28.219767 43.863007 
28.241926 44.863007 
28.264092 45.863007 
28.285258 46.863007 
28.306446 47.863003 
28.326618 48.863003 
28.346798 49.863003 
28.366979 50.863003 
28.386159 51.862999 
28.405340 52.862999 
28.423513 53.862999 
28.441696 54.862999 
28.459868 55.862999 
28.477041 56.862999 
28.494224 57.862999 
28.511401 58.862995 
28.527568 59.862995 
28.543738 60.862991 
28.559891 61.862991 
28.576059 62.862991 
28.591210 63.862991 
28.606378 64.862991 
28.621529 65.862991 
28.636697 66.862991 
28.650847 67.862991 
28.665016 68.862991 
28.679166 69.862991 
28.693351 70.862991 
28.720569 71.862991 
28.733738 72.862991 
28.746905 73.862991 
28.760074 74.862991 
28.773225 75.862991 
28.786401 76.862991 
28.799548 77.862991 
28.811711 78.862991 
28.823888 79.862991 
28.836056 80.862991 
28.848225 81.862991 
28.860375 82.862991 
28.872549 83.862991 
28.883727 84.862991 
28.894893 85.862991 
28.906071 86.862991 
28.928292 87.862991 
28.939476 89.862991 
28.961730 89.862991 
28.972914 90.862991 
28.984067 91.862991 
28.994234 92.862991 
29.004402 93.862984 
29.014570 94.862984 
29.024745 95.862984 
29.034928 96.862984 
29.045097 97.862984 
29.055264 98.862984 
29.065446 99.862984 
29.075638 100.862984 
29.084803 101.862984 
29.093978 102.862984 
29.103145 103.862984 
29.112312 104.862976 
29.121480 105.862984 
29.130662 106.862984 
29.139834 107.862984 
29.149014 108.862984 
29.158182 109.862976 
29.167348 110.862984 
29.176522 111.862984 
29.184691 112.862984 
29.192842 113.862991 
29.201025 114.862991 
29.209206 115.862999 
29.217388 116.862991 
29.225538 117.862991 
29.233712 118.862991 
29.241890 119.862999 
29.258112 120.863007 
29.266286 121.863007 
29.274462 60.931503 
29.290613 30.465752 
29.322788 15.232876 
29.387972 7.616438 
29.519186 3.808219 
29.781375 4.808219 
29.988574 5.808219 
30.160780 6.808219 
30.306956 7.808219 
30.435137 8.808219 
30.548310 9.808219 
30.649489 10.808219 
30.741670 11.808219 
30.825857 12.808219 
30.904025 13.808218 
30.976196 14.808219 
31.043367 15.808219 
31.106537 16.808220 
31.165724 17.808220 
31.221904 18.808220 
31.275083 19.808220 
31.325255 20.808220 
31.373433 21.808220 
31.418620 22.808220 
31.461788 23.808220 
31.503962 24.808220 
31.544139 25.808220 
31.582318 26.808220 
31.619495 27.808220 
31.654665 28.808220 
31.688843 29.808220 
31.722024 30.808220 
31.754194 31.808220 
31.785361 32.808220 
31.815528 33.808220 
31.844713 34.808220 
31.872883 35.808220 
31.900058 36.808220 
31.927228 37.808220 
31.953404 38.808220 
31.978575 39.808220 
32.003747 40.808220 
32.027934 41.808220 
32.051111 42.808220 
32.074289 43.808220 
32.096465 44.808220 
32.118637 45.808220 
32.139793 46.808220 
32.160962 47.808220 
32.181129 48.808220 
32.201281 49.808220 
32.221464 50.808220 
32.240641 51.808220 
32.259811 52.808220 
32.277992 53.808224 
32.296209 54.808224 
32.314388 55.808224 
32.331563 56.808228 
32.348743 57.808224 
32.365924 58.808220 
32.383092 59.808220 
32.399284 60.808220 
32.415446 61.808224 
32.431611 62.808224 
32.446767 63.808224 
32.461923 64.808228 
32.477077 65.808228 
32.492228 66.808228 
32.506402 67.808228 
32.520584 68.808228 
32.534752 69.808228 
32.548944 70.808228 
32.563113 71.808228 
32.576289 72.808228 
32.589441 73.808228 
32.602626 74.808228 
32.628844 75.808228 
32.642019 76.808228 
32.655187 77.808228 
32.667364 78.808228 
32.679542 79.808228 
32.691712 80.808228 
32.703886 81.808228 
32.716060 82.808228 
32.728244 83.808228 
32.739396 84.808228 
32.750571 85.808228 
32.761739 86.808228 
32.772914 87.808228 
32.784083 88.808228 
32.795281 89.808228 
32.806446 90.808228 
32.817622 91.808228 
32.827795 92.808228 
32.837963 93.808228 
32.848132 94.808228 
32.858306 95.808228 
32.868491 96.808228 
32.878659 97.808228 
32.888841 98.808228 
32.899008 99.808235 
32.909179 100.808235 
32.918330 101.808243 
32.927506 102.808243 
32.936671 103.808243 
32.945847 104.808243 
32.955022 105.808243 
32.964189 106.808235 
32.973373 107.808235 
32.982547 108.808228 
32.991711 109.808228 
33.000892 110.808220 
33.010042 111.808228 
33.018210 112.808220 
33.026376 113.808220 
33.042586 114.808228 
33.050761 115.808228 
33.058929 116.808228 
33.067113 117.808220 
33.075274 118.808212 
33.083434 119.808212 
33.091611 120.808212 
33.099760 121.808212 
33.107945 60.904106 
33.124114 30.452053 
33.156269 15.226027 
33.221467 7.613013 
33.352677 3.806507 
33.614893 4.806507 
33.823071 5.806507 
33.995267 6.806507 
34.141456 7.806507 
34.269639 8.806507 
34.382812 9.806507 
34.483986 10.806507 
34.576170 11.806507 
34.660347 12.806507 
34.738517 13.806506 
34.810692 14.806505 
34.877879 15.806505 
34.941075 16.806505 
35.000259 17.806505 
35.056431 18.806505 
35.109645 19.806505 
35.159829 20.806505 
35.208022 21.806505 
35.253227 22.806505 
35.296447 23.806505 
35.338636 24.806505 
35.378847 25.806505 
35.417058 26.806505 
35.454231 27.806505 
35.489428 28.806505 
35.523606 29.806503 
35.556768 30.806503 
35.588928 31.806503 
35.620083 32.806503 
35.650262 33.806503 
35.679442 34.806503 
35.707631 35.806503 
35.734797 36.806503 
35.761966 37.806503 
35.788143 38.806503 
35.813320 39.806503 
35.838489 40.806503 
35.862641 41.806503 
35.885817 42.806503 
35.908987 43.806503 
35.931156 44.806503 
35.953332 45.806503 
35.974508 46.806499 
35.995692 47.806499 
36.015893 48.806499 
36.036065 49.806499 
36.056240 50.806499 
36.075408 51.806499 
36.094576 52.806499 
36.112743 53.806499 
36.130960 54.806499 
36.149143 55.806499 
36.166317 56.806503 
36.183534 57.806503 
36.200708 58.806499 
36.217858 59.806499 
36.234037 60.806499 
36.250275 61.806503 
36.266453 62.806503 
36.281610 63.806503 
36.296766 64.806503 
36.311921 65.806503 
36.327078 66.806503 
36.341234 67.806503 
36.355391 68.806503 
36.369548 69.806503 
36.383703 70.806503 
36.397850 71.806503 
36.411007 72.806503 
36.424155 73.806503 
36.437311 74.806503 
36.450468 75.806503 
36.463621 76.806503 
36.476783 77.806503 
36.488962 78.806503 
36.501138 79.806503 
36.513341 80.806503 
36.525506 81.806503 
36.537671 82.806503 
36.549850 83.806503 
36.561038 84.806503 
36.572202 85.806503 
36.583381 86.806503 
36.594554 87.806503 
36.605713 88.806503 
36.616892 89.806503 
36.628063 90.806503 
36.639219 91.806503 
36.649384 92.806503 
36.659551 93.806503 
36.669729 94.806496 
36.679885 95.806496 
36.690051 96.806496 
36.700230 97.806496 
36.710386 98.806496 
36.720559 99.806496 
36.730715 100.806496 
36.739870 101.806503 
36.749027 102.806511 
36.758175 103.806511 
36.767332 104.806503 
36.785538 105.806503 
36.794694 106.806496 
36.803856 107.806496 
36.822078 108.806496 
36.831234 109.806488 
36.840392 110.806488 
36.849539 111.806488 
36.857696 112.806488 
36.873919 113.806488 
36.882097 114.806488 
36.890275 115.806488 
36.898447 116.806480 
36.906594 117.806473 
36.914750 118.806480 
36.922907 119.806480 
36.931065 120.806480 
36.939212 121.806488 
36.947371 60.903244 
36.963500 30.451622 
36.995672 15.225811 
37.060861 7.612906 
37.192086 3.806453 
37.454317 4.806453 
37.662517 5.806453 
37.834688 6.806453 
37.980870 7.806453 
38.109052 8.806453 
38.222227 9.806453 
38.323419 10.806453 
38.415607 11.806453 
38.499759 12.806454 
38.577918 13.806454 
38.650078 14.806454 
38.717236 15.806454 
38.780395 16.806454 
38.839576 17.806454 
38.895757 18.806454 
38.948931 19.806454 
38.999120 20.806454 
39.047294 21.806454 
39.092471 22.806454 
39.135645 23.806454 
39.177817 24.806452 
39.217982 25.806452 
39.256155 26.806452 
39.293321 27.806454 
39.328485 28.806454 
39.362648 29.806454 
39.395828 30.806454 
39.428018 31.806454 
39.459192 32.806454 
39.489359 33.806454 
39.518533 34.806454 
39.546706 35.806454 
39.573887 36.806454 
39.601067 37.806454 
39.627247 38.806454 
39.652427 39.806454 
39.677607 40.806454 
39.701787 41.806454 
39.724967 42.806454 
39.748132 43.806454 
39.770301 44.806454 
39.792467 45.806454 
39.813631 46.806454 
39.834813 47.806450 
39.855014 48.806450 
39.875220 49.806450 
39.895409 50.806450 
39.914602 51.806450 
39.933778 52.806450 
39.951955 53.806450 
39.970146 54.806454 
39.988315 55.806454 
40.005472 56.806454 
40.022625 57.806454 
40.039784 58.806454 
40.056941 59.806454 
40.073104 60.806450 
40.089268 61.806454 
40.105437 62.806454 
40.120616 63.806454 
40.135793 64.806458 
40.150973 65.806458 
40.166160 66.806458 
40.180323 67.806458 
40.194493 68.806458 
40.208664 69.806458 
40.222820 70.806458 
40.236996 71.806458 
40.264225 72.806458 
40.277404 73.806458 
40.290570 74.806458 
40.303745 75.806458 
40.316899 76.806458 
40.330078 77.806458 
40.342251 78.806458 
40.354439 79.806458 
40.366619 80.806458 
40.378799 81.806458 
40.390979 82.806458 
40.403145 83.806458 
40.414304 84.806458 
40.425483 85.806458 
40.436654 86.806458 
40.447831 87.806458 
40.459001 88.806458 
40.470166 89.806458 
40.481346 90.806458 
40.492508 91.806458 
40.502677 92.806458 
40.512843 93.806458 
40.523006 94.806458 
40.533175 95.806458 
40.543355 96.806458 
40.553520 97.806458 
40.563690 98.806458 
40.573845 99.806458 
40.584013 100.806458 
40.593193 101.806458 
40.602372 102.806458 
40.611539 103.806458 
40.620708 104.806458 
40.629865 105.806465 
40.639029 106.806465 
40.657245 107.806465 
40.666424 108.806473 
40.675600 109.806465 
40.684769 110.806465 
40.693948 111.806458 
40.702120 112.806465 
40.718335 113.806465 
40.726500 114.806465 
40.734679 115.806465 
40.750947 116.806473 
40.759151 117.806473 
40.767325 118.806480 
40.775504 119.806480 
40.783682 120.806480 
40.791853 60.403240 
40.808049 30.201620 
40.841217 15.100810 
40.907403 7.550405 
41.039647 3.775203 
41.303879 4.775203 
41.513100 5.775203 
41.686306 6.775203 
41.833486 7.775202 
41.961669 8.775202 
42.074839 9.775202 
42.177007 10.775202 
42.269165 11.775202 
42.353354 12.775202 
42.431529 13.775202 
42.503685 14.775202 
42.570873 15.775202 
42.634047 16.775202 
42.693218 17.775202 
42.749389 18.775202 
42.802570 19.775202 
42.852737 20.775202 
42.900919 21.775202 
42.946099 22.775202 
42.989280 23.775202 
43.031462 25.775202 
43.111700 25.775202 
43.149882 26.775202 
43.187063 27.775202 
43.223233 28.775204 
43.257389 29.775206 
43.290558 30.775206 
43.322747 31.775206 
43.353905 32.775208 
43.384067 33.775208 
43.413257 34.775208 
43.441432 35.775208 
43.468614 36.775208 
43.495775 37.775208 
43.521954 38.775208 
43.547125 39.775208 
43.572326 40.775208 
43.596536 41.775208 
43.619718 42.775208 
43.642889 43.775208 
43.665065 44.775208 
43.687269 45.775208 
43.708460 46.775208 
43.729625 47.775208 
43.749787 48.775204 
43.769944 49.775204 
43.790105 50.775204 
43.809271 51.775204 
43.828430 52.775208 
43.846579 53.775208 
43.864736 54.775204 
43.882893 55.775208 
43.900058 56.775208 
43.917238 57.775208 
43.934418 58.775208 
43.951595 59.775208 
43.967775 60.775204 
43.983946 61.775204 
44.000101 62.775204 
44.015257 63.775204 
44.030437 64.775208 
44.045617 65.775208 
44.060774 66.775208 
44.074969 67.775208 
44.089147 68.775208 
44.103305 69.775208 
44.117454 70.775208 
44.131615 71.775208 
44.144770 72.775208 
44.157949 73.775208 
44.171129 74.775208 
44.184308 75.775208 
44.197518 76.775208 
44.210698 77.775208 
44.222885 78.775208 
44.235050 79.775208 
44.247229 80.775208 
44.259402 81.775208 
44.271547 82.775208 
44.283706 83.775208 
44.294876 84.775208 
44.306032 85.775208 
44.317192 86.775208 
44.328340 87.775208 
44.339506 88.775208 
44.350655 89.775208 
44.361812 90.775208 
44.372970 91.775208 
44.383136 92.775208 
44.393293 93.775208 
44.403435 94.775208 
44.413591 95.775208 
44.423770 96.775208 
44.433950 97.775208 
44.444115 98.775208 
44.454295 99.775208 
44.473516 100.775208 
44.482673 101.775208 
44.500886 102.775208 
44.510045 103.775208 
44.528267 104.775208 
44.537424 105.775208 
44.546581 106.775208 
44.564777 107.775208 
44.573934 108.775208 
44.592165 109.775208 
44.601329 110.775215 
44.610501 111.775215 
44.618680 112.775208 
44.634903 113.775208 
44.643060 114.775208 
44.651216 115.775200 
44.667416 116.775200 
44.675596 117.775192 
44.683756 118.775192 
44.691914 119.775192 
44.700128 120.775192 
44.708307 121.775192 
44.716486 122.775192 
44.724649 123.775192 
44.740854 124.775192 
44.749018 125.775192 
44.756198 62.887596 
44.771377 31.443798 
44.802543 15.721899 
44.865724 7.860950 
44.992946 3.930475 
45.247137 4.930475 
45.449315 5.930475 
45.617476 6.930475 
45.761659 7.930475 
45.887838 8.930475 
45.999025 9.930475 
46.099197 10.930475 
46.190386 11.930475 
46.273546 12.930475 
46.350727 13.930476 
46.421908 14.930477 
46.488068 15.930477 
46.550257 16.930477 
46.609432 17.930477 
46.664615 18.930477 
46.716788 19.930477 
46.766954 20.930477 
46.814127 21.930477 
46.859294 22.930477 
46.902503 23.930477 
46.943681 24.930477 
46.983849 25.930477 
47.022071 26.930475 
47.059244 27.930477 
47.094396 28.930477 
47.128544 29.930479 
47.161762 30.930479 
47.193969 31.930479 
47.225142 32.930481 
47.255351 33.930481 
47.284522 34.930481 
47.312683 35.930481 
47.339841 36.930481 
47.367000 37.930481 
47.393168 38.930481 
47.418371 39.930481 
47.443551 40.930481 
47.467720 41.930481 
47.490885 42.930481 
47.514046 43.930481 
47.536251 44.930481 
47.558418 45.930481 
47.579572 46.930481 
47.600724 47.930481 
47.620890 48.930481 
47.641055 49.930485 
47.661240 50.930485 
47.680421 51.930485 
47.699598 52.930485 
47.717762 53.930485 
47.735943 54.930481 
47.754097 55.930477 
47.771260 56.930473 
47.788441 57.930473 
47.805653 58.930477 
47.821819 59.930477 
47.837999 60.930477 
47.854176 61.930477 
47.870348 62.930477 
47.885530 63.930477 
47.900680 64.930481 
47.915884 65.930481 
47.931057 66.930481 
47.945237 67.930481 
47.959418 68.930481 
47.973602 69.930481 
47.987779 70.930481 
48.001974 71.930481 
48.015154 72.930481 
48.028331 73.930481 
48.041516 74.930481 
48.054709 75.930481 
48.067885 76.930481 
48.080076 77.930481 
48.092252 78.930481 
48.104418 79.930481 
48.116582 80.930481 
48.140798 81.930481 
48.152977 82.930481 
48.165150 83.930481 
48.176330 84.930481 
48.187500 85.930481 
48.198659 86.930481 
48.209818 87.930481 
48.220973 88.930481 
48.232122 89.930481 
48.243279 90.930481 
48.253438 91.930481 
48.263596 92.930481 
48.273768 93.930481 
48.293976 94.930481 
48.304165 95.930481 
48.314341 96.930481 
48.324522 97.930481 
48.334680 98.930481 
48.344862 99.930481 
48.355010 100.930489 
48.374240 101.930496 
48.393441 102.930496 
48.402598 103.930496 
48.420810 104.930496 
48.429975 105.930496 
48.448198 106.930504 
48.457377 107.930504 
48.466557 108.930504 
48.475713 109.930511 
48.484873 110.930511 
48.494053 111.930511 
48.511276 112.930519 
48.519432 113.930511 
48.535650 114.930511 
48.543818 115.930504 
48.560026 116.930496 
48.568183 117.930489 
48.584390 118.930489 
48.592569 119.930489 
48.600727 120.930481 
48.608883 121.930473 
48.633102 60.965237 
48.649283 30.482618 
48.681455 15.241309 
48.746646 7.620655 
48.877871 3.810327 
49.140076 4.810328 
49.347272 5.810328 
49.519450 6.810328 
49.665610 7.810328 
49.793794 8.810328 
49.906977 9.810328 
50.008154 10.810328 
50.100324 11.810328 
50.184510 12.810328 
50.262700 13.810328 
50.334875 14.810327 
50.402058 15.810327 
50.465241 16.810326 
50.524422 17.810326 
50.580606 18.810326 
50.633765 19.810326 
50.683924 20.810326 
50.732084 21.810326 
50.777252 22.810326 
50.820441 23.810326 
50.861602 24.810326 
50.901760 25.810326 
50.939919 26.810326 
50.977078 27.810326 
51.012240 28.810326 
51.046399 29.810324 
51.079558 30.810324 
51.111713 31.810324 
51.142871 32.810326 
51.173030 33.810326 
51.202189 34.810326 
51.230348 35.810326 
51.257507 36.810326 
51.284659 37.810326 
51.310809 38.810326 
51.335968 39.810326 
51.361127 40.810326 
51.385286 41.810326 
51.408445 42.810326 
51.431603 43.810326 
51.476825 44.810326 
51.499000 45.810326 
51.520208 46.810326 
51.541400 47.810326 
51.561566 48.810326 
51.581723 49.810326 
51.620945 50.810322 
51.640158 51.810318 
51.659328 52.810318 
51.677509 53.810314 
51.695686 54.810314 
51.713858 55.810314 
51.731021 56.810314 
51.748201 57.810314 
51.765399 58.810314 
51.782562 59.810314 
51.798743 60.810318 
51.814924 61.810322 
51.831116 62.810322 
51.846277 63.810322 
51.861458 64.810318 
51.877741 65.810318 
51.892900 66.810318 
51.907090 67.810318 
51.921278 68.810318 
51.949488 69.810318 
51.963665 70.810318 
51.977828 71.810318 
52.005044 72.810318 
52.018217 73.810318 
52.031427 74.810318 
52.044596 75.810318 
52.057767 76.810318 
52.070942 77.810318 
52.096147 78.810318 
52.108327 79.810318 
52.120484 80.810318 
52.132671 81.810318 
52.156943 82.810318 
52.169151 83.810318 
52.180321 84.810318 
52.202552 85.810318 
52.213736 86.810318 
52.235958 87.810318 
52.247119 88.810318 
52.269359 89.810318 
52.280523 90.810318 
52.291680 91.810318 
52.301839 92.810318 
52.322048 93.810318 
52.332213 94.810310 
52.352430 95.810310 
52.362599 96.810310 
52.372777 97.810310 
52.393001 98.810310 
52.403174 99.810310 
52.422395 100.810310 
52.431563 101.810303 
52.449773 102.810310 
52.458935 103.810310 
52.477165 104.810310 
52.486337 105.810303 
52.504552 106.810303 
52.513724 107.810295 
52.531987 108.810295 
52.541170 109.810295 
52.550321 110.810295 
52.559455 111.810303 
52.567624 112.810295 
52.575800 113.810295 
52.583969 114.810295 
52.600187 115.810303 
52.608366 116.810310 
52.624589 117.810310 
52.632755 118.810318 
52.648971 119.810326 
52.665195 120.810326 
52.673351 121.810318 
52.689568 122.810318 
52.697748 123.810326 
52.713982 124.810326 
52.722153 125.810326 
52.729325 126.810326 
52.743490 127.810326 
52.757707 128.810333 
52.764873 129.810333 
52.779103 130.810333 
52.786265 131.810333 
52.800495 132.810333 
52.814708 133.810333 
52.835923 66.905167 
52.850081 33.452583 
52.879245 16.726292 
52.938441 8.363146 
53.057682 4.181573 
53.296886 5.181573 
53.489084 6.181573 
53.650251 7.181573 
53.789424 8.181574 
53.911593 9.181574 
54.019766 10.181574 
54.117957 11.181574 
54.207125 12.181574 
54.289301 13.181575 
54.364518 14.181575 
54.434743 15.181576 
54.499952 16.181576 
54.561190 17.181576 
54.619406 18.181576 
54.674636 19.181576 
54.726860 20.181576 
54.776087 21.181576 
54.823318 22.181576 
54.868548 23.181576 
54.911789 24.181576 
54.953010 25.181576 
54.992217 26.181576 
55.030436 27.181574 
55.066663 28.181572 
55.101881 29.181570 
55.136110 30.181572 
55.169340 31.181572 
55.201518 32.181572 
55.232708 33.181572 
55.262887 34.181572 
55.292080 35.181572 
55.320284 36.181572 
55.347477 37.181572 
55.373690 38.181572 
55.399918 39.181572 
55.425142 40.181572 
55.449366 41.181572 
55.473576 42.181572 
55.496789 43.181572 
55.519992 44.181572 
55.542187 45.181572 
55.564406 46.181572 
55.585630 47.181572 
55.606859 48.181572 
55.627095 49.181572 
55.647332 50.181572 
55.666568 51.181572 
55.685852 52.181576 
55.705071 53.181576 
55.723264 54.181576 
55.741455 55.181576 
55.759653 56.181580 
55.776827 57.181580 
55.794006 58.181580 
55.811199 59.181580 
55.827404 60.181576 
55.843626 61.181576 
55.859837 62.181576 
55.876052 63.181576 
55.891249 64.181580 
55.906440 65.181580 
55.921642 66.181580 
55.936845 67.181580 
55.951065 68.181580 
55.965288 69.181580 
55.979507 70.181580 
55.993688 71.181580 
56.007882 72.181580 
56.021084 73.181580 
56.034286 74.181580 
56.047489 75.181580 
56.060699 76.181580 
56.073899 77.181580 
56.086103 78.181580 
56.098315 79.181580 
56.110491 80.181580 
56.122687 81.181580 
56.134893 82.181580 
56.147091 83.181580 
56.159285 84.181580 
56.170465 85.181580 
56.181644 86.181580 
56.192836 87.181580 
56.204033 88.181580 
56.215229 89.181580 
56.226430 90.181580 
56.237626 91.181580 
56.247829 92.181580 
56.258024 93.181580 
56.268260 94.181580 
56.278463 95.181580 
56.288666 96.181580 
56.298868 97.181580 
56.309058 98.181580 
56.319245 99.181580 
56.329424 100.181572 
56.338629 101.181572 
56.347802 102.181580 
56.356960 103.181580 
56.366145 104.181580 
56.375339 105.181580 
56.384543 106.181580 
56.393789 107.181572 
56.402998 108.181580 
56.412190 109.181587 
56.421361 110.181587 
56.430538 111.181587 
56.438721 112.181587 
56.446894 113.181587 
56.455054 114.181587 
56.463228 57.090794 
56.480408 28.545397 
56.515590 14.272698 
56.585774 7.136349 
56.725979 8.136349 
56.848206 9.136349 
56.957403 10.136349 
57.055595 11.136349 
57.144780 12.136349 
57.227003 13.136348 
57.303213 14.136347 
57.373378 15.136347 
57.439568 16.136347 
57.500779 17.136347 
57.558958 18.136347 
57.614127 19.136347 
57.666331 20.136347 
57.715521 21.136347 
57.762711 22.136347 
57.807875 23.136347 
57.851043 24.136347 
57.892219 25.136347 
57.931390 26.136347 
57.969553 27.136347 
58.005731 28.136347 
58.040907 29.136347 
58.075083 30.136347 
58.108249 31.136347 
58.140424 32.136345 
58.171578 33.136345 
58.201765 34.136345 
58.230927 35.136345 
58.259092 36.136345 
58.286265 37.136345 
58.312448 38.136345 
58.338617 39.136345 
58.363791 40.136345 
58.387966 41.136345 
58.412117 42.136345 
58.435292 43.136345 
58.458465 44.136345 
58.480640 45.136345 
58.502791 46.136345 
58.523965 47.136345 
58.545137 48.136341 
58.565350 49.136341 
58.585518 50.136341 
58.604687 51.136341 
58.623838 52.136341 
58.643010 53.136341 
58.661176 54.136341 
58.679357 55.136341 
58.697520 56.136341 
58.714693 57.136345 
58.731866 58.136349 
58.749032 59.136345 
58.765205 60.136341 
58.781377 61.136337 
58.797544 62.136333 
58.813724 63.136333 
58.828891 64.136337 
58.844064 65.136337 
58.859228 66.136337 
58.874386 67.136337 
58.888548 68.136337 
58.902720 69.136337 
58.916893 70.136337 
58.931065 71.136337 
58.945238 72.136337 
58.958410 73.136337 
58.971579 74.136337 
58.984752 75.136337 
58.997926 76.136337 
59.011076 77.136337 
59.023234 78.136337 
59.035407 79.136337 
59.047576 80.136337 
59.059743 81.136337 
59.071920 82.136337 
59.084088 83.136337 
59.096246 84.136337 
59.107418 85.136337 
59.118597 86.136337 
59.129747 87.136337 
59.140912 88.136337 
59.152084 89.136337 
59.163256 90.136337 
59.174430 91.136337 
59.184604 45.568169 
59.205810 22.784084 
59.248980 11.392042 
59.336188 5.696021 
59.511413 2.848011 
59.862631 3.848011 
60.121819 4.848011 
60.328009 5.848011 
60.498179 6.848011 
60.644347 7.848011 
60.771503 8.848011 
60.884677 9.848011 
60.985874 10.848011 
61.078066 11.848011 
61.162241 12.848011 
61.239423 13.848010 
61.311617 14.848010 
61.378823 15.848010 
61.442029 16.848011 
61.501241 17.848011 
61.557430 18.848011 
61.610606 19.848011 
61.660784 20.848011 
61.707967 21.848011 
61.753158 22.848011 
61.796338 23.848011 
61.837508 24.848011 
61.916754 25.848013 
61.954942 26.848013 
61.992109 27.848011 
62.063388 28.848009 
62.097585 29.848011 
62.130783 30.848013 
62.162958 31.848013 
62.194120 32.848015 
62.254332 33.848015 
62.313550 34.848015 
62.371767 35.848015 
62.430016 36.848015 
62.457219 37.848015 
62.483401 38.848015 
62.534660 39.848015 
62.559849 40.848015 
62.584023 41.848015 
62.607199 42.848015 
62.630366 43.848015 
62.652563 44.848015 
62.674731 45.848015 
62.695894 46.848015 
62.717049 47.848015 
62.737205 48.848015 
62.757364 49.848015 
62.777528 50.848015 
62.796690 51.848015 
62.815840 52.848019 
62.834002 53.848019 
62.852169 54.848019 
62.870333 55.848015 
62.887514 56.848019 
62.904699 57.848019 
62.921930 58.848019 
62.938111 59.848022 
62.954287 60.848026 
62.970469 61.848026 
62.986643 62.848026 
63.001809 63.848026 
63.016987 64.848022 
63.032191 65.848022 
63.047356 66.848022 
63.061520 67.848022 
63.075700 68.848022 
63.089866 69.848022 
63.104026 70.848022 
63.131226 71.848022 
63.144389 72.848022 
63.157570 73.848022 
63.170753 74.848022 
63.183919 75.848022 
63.197100 76.848022 
63.210283 77.848022 
63.222447 78.848022 
63.234608 79.848022 
63.258820 80.848022 
63.271010 81.848022 
63.283167 82.848022 
63.295337 83.848022 
63.306547 84.848022 
63.317724 85.848022 
63.328905 86.848022 
63.340072 87.848022 
63.351232 88.848022 
63.373457 89.848022 
63.384630 90.848022 
63.405847 91.848022 
63.416006 92.848022 
63.426178 93.848022 
63.436338 94.848022 
63.446481 95.848022 
63.456627 96.848022 
63.466772 97.848022 
63.476924 98.848022 
63.487065 99.848022 
63.497209 100.848022 
63.506362 101.848022 
63.515506 102.848022 
63.533715 103.848022 
63.542873 104.848030 
63.552032 105.848030 
63.570236 106.848030 
63.579398 107.848030 
63.588555 108.848038 
63.597707 109.848038 
63.615921 110.848038 
63.625087 111.848038 
63.633243 112.848045 
63.641392 113.848045 
63.649537 114.848045 
63.657689 115.848045 
63.665828 116.848045 
63.673968 117.848053 
63.682120 118.848045 
63.698308 119.848053 
63.706465 120.848061 
63.714624 121.848053 
63.730838 122.848061 
63.739003 123.848068 
63.747152 124.848076 
63.755292 125.848076 
63.762438 126.848076 
63.769586 127.848076 
63.776729 128.848083 
63.783868 129.848083 
63.791009 130.848083 
63.798152 131.848083 
63.805299 132.848083 
63.812454 133.848083 
63.819620 134.848083 
63.826775 135.848083 
63.833940 136.848083 
63.848141 137.848083 
63.855299 138.848083 
63.862454 139.848083 
63.876652 140.848083 
63.883806 141.848083 
63.898011 142.848083 
63.905167 143.848083 
63.911330 144.848083 
63.923541 145.848083 
63.929696 146.848083 
63.941907 147.848083 
63.948069 148.848083 
63.960281 149.848083 
63.966442 150.848083 
63.985655 75.424042 
63.998815 37.712021 
64.024982 18.856010 
64.078152 9.428005 
64.184315 4.714003 
64.396517 5.714003 
64.571696 6.714003 
64.719866 7.714003 
64.849054 8.714003 
64.963218 9.714003 
65.065434 10.714003 
65.158633 11.714003 
65.243849 12.714003 
65.322062 13.714002 
65.394275 14.714002 
65.461505 15.714002 
65.524722 16.714001 
65.583914 17.714001 
65.640142 18.714001 
65.693362 19.714001 
65.743567 20.714001 
65.791766 21.714001 
65.837976 22.714001 
65.882203 23.714001 
65.924473 24.714001 
65.964673 25.714001 
66.041962 26.714001 
66.079216 27.714003 
66.115439 28.714003 
66.149672 29.714003 
66.182883 30.714001 
66.215073 31.714001 
66.277361 32.714001 
66.307666 33.714001 
66.336897 34.714001 
66.365102 35.714001 
66.393281 36.714001 
66.420445 37.714001 
66.472667 38.714001 
66.497848 39.714001 
66.547094 40.714001 
66.571305 41.714001 
66.594496 42.714001 
66.617671 43.714001 
66.662964 44.714001 
66.685203 45.713997 
66.706397 46.713997 
66.727569 47.713997 
66.747733 48.713997 
66.767932 49.713997 
66.788113 50.713997 
66.807283 51.713997 
66.826464 52.713997 
66.844639 53.713997 
66.862803 54.713997 
66.881014 55.713997 
66.898190 56.713997 
66.915386 57.714001 
66.932542 58.713997 
66.949703 59.713997 
66.965855 60.713997 
66.982037 61.713997 
66.998220 62.713997 
67.013402 63.713997 
67.028617 64.713997 
67.043800 65.713997 
67.058968 66.713997 
67.073140 67.713997 
67.087294 68.713997 
67.101455 69.713997 
67.129655 70.713997 
67.143834 71.713997 
67.157011 72.713997 
67.170194 73.713997 
67.196410 74.713997 
67.209592 75.713997 
67.222776 76.713997 
67.235924 77.713997 
67.261149 78.713997 
67.273318 79.713997 
67.285477 80.713997 
67.309713 81.713997 
67.321890 82.713997 
67.334056 83.713997 
67.357299 84.713997 
67.368475 85.713997 
67.379655 86.713997 
67.390835 87.713997 
67.402017 88.713997 
67.424260 89.713997 
67.435443 90.713997 
67.446621 91.713997 
67.456801 92.713997 
67.466983 93.713997 
67.487214 94.713997 
67.497374 95.713997 
67.507539 96.713997 
67.517718 97.713997 
67.537971 98.713997 
67.548137 99.713997 
67.558318 100.713997 
67.567494 101.713997 
67.576652 102.713997 
67.585832 103.713997 
67.604033 104.713997 
67.613209 105.713997 
67.631432 106.713997 
67.640615 107.713989 
67.649819 108.713989 
67.659004 109.713989 
67.668184 110.713997 
67.685398 111.714005 
67.693578 112.714005 
67.701758 113.713997 
67.717974 114.713997 
67.726155 115.713989 
67.734327 116.713989 
67.750543 117.713989 
67.758723 118.713989 
67.766901 119.713989 
67.783122 120.713989 
67.791302 121.713989 
67.799509 60.856995 
67.815668 30.428497 
67.847866 15.214249 
67.913055 7.607124 
68.044260 3.803562 
68.306461 4.803562 
68.514692 5.803562 
68.686892 6.803562 
68.833062 7.803562 
68.961275 8.803562 
69.074515 9.803562 
69.176699 10.803562 
69.268891 11.803562 
69.353108 12.803562 
69.431287 13.803562 
69.503455 14.803562 
69.570633 15.803562 
69.633808 16.803562 
69.692977 17.803562 
69.749139 18.803562 
69.802302 19.803562 
69.852468 20.803562 
69.900633 21.803562 
69.945797 22.803562 
69.988959 23.803564 
70.031122 24.803564 
70.071295 25.803564 
70.109473 26.803564 
70.146637 27.803562 
70.217852 28.803560 
70.252011 29.803558 
70.285178 30.803556 
70.349432 31.803556 
70.380594 32.803558 
70.410775 33.803558 
70.468992 34.803558 
70.526212 35.803558 
70.553373 36.803558 
70.606600 37.803558 
70.658829 38.803558 
70.711057 39.803558 
70.762285 40.803558 
70.786446 41.803558 
70.833667 42.803558 
70.879935 43.803558 
70.902117 44.803558 
70.924289 45.803558 
70.967509 46.803558 
71.009758 47.803558 
71.029971 48.803558 
71.050173 49.803558 
71.070370 50.803558 
71.109630 51.803558 
71.128850 52.803558 
71.147048 53.803555 
71.165238 54.803555 
71.183414 55.803555 
71.200584 56.803555 
71.217756 57.803555 
71.234924 58.803551 
71.252112 59.803555 
71.268281 60.803555 
71.284448 61.803551 
71.300614 62.803551 
71.315766 63.803551 
71.330916 64.803551 
71.346092 65.803551 
71.361266 66.803551 
71.375483 67.803551 
71.389660 68.803551 
71.403835 69.803551 
71.418009 70.803551 
71.432182 71.803551 
71.445349 72.803551 
71.458521 73.803551 
71.471691 74.803551 
71.484842 75.803551 
71.498015 76.803551 
71.511184 77.803551 
71.523357 78.803551 
71.535492 79.803551 
71.547653 80.803551 
71.559835 81.803551 
71.572035 82.803551 
71.584208 83.803551 
71.595384 84.803551 
71.606535 85.803551 
71.617709 86.803551 
71.628882 87.803551 
71.640055 88.803551 
71.651230 89.803551 
71.662444 90.803551 
71.673636 91.803551 
71.683809 92.803551 
71.693990 93.803558 
71.704154 94.803558 
71.724399 95.803558 
71.734582 96.803551 
71.754811 97.803551 
71.764993 98.803551 
71.775165 99.803551 
71.785310 100.803551 
71.794451 101.803551 
71.803591 102.803551 
71.812742 103.803551 
71.821896 104.803551 
71.840098 105.803551 
71.849252 106.803551 
71.858402 107.803551 
71.876595 108.803543 
71.885810 109.803551 
71.895008 110.803551 
71.904171 111.803551 
71.912338 112.803551 
71.928554 113.803551 
71.936736 114.803551 
71.944901 115.803551 
71.961127 116.803558 
71.969294 117.803566 
71.977475 118.803574 
71.993686 119.803574 
72.001869 120.803574 
72.010050 121.803574 
72.026276 122.803574 
72.034435 123.803574 
72.042594 124.803566 
72.057812 125.803566 
72.064993 126.803566 
72.079266 127.803566 
72.086490 128.803558 
72.093666 129.803558 
72.107895 130.803558 
72.122126 131.803558 
72.129288 132.803558 
72.143508 133.803558 
72.150683 134.803558 
72.157864 135.803558 
72.172098 136.803558 
72.179249 137.803558 
72.186446 138.803558 
72.193653 139.803558 
72.200853 69.901779 
72.215070 34.950890 
72.243268 17.475445 
72.300488 8.737722 
72.414719 4.368861 
72.642976 5.368861 
72.829197 6.368861 
72.986402 7.368861 
73.121616 8.368861 
73.240826 9.368861 
73.347022 10.368861 
73.443236 11.368861 
73.530437 12.368860 
73.610644 13.368860 
73.684819 14.368860 
73.753987 15.368860 
73.819153 16.368860 
73.941370 17.368860 
74.060583 18.368860 
74.114776 19.368860 
74.165979 20.368860 
74.263250 21.368860 
74.309445 22.368860 
74.353626 23.368860 
74.395795 24.368860 
74.436961 25.368860 
74.515176 26.368860 
74.552347 27.368860 
74.624604 28.368858 
74.659785 29.368858 
74.693975 30.368860 
74.726131 31.368860 
74.757285 32.368858 
74.787449 33.368858 
74.846680 34.368858 
74.875834 35.368858 
74.904005 36.368858 
74.931207 37.368858 
74.957395 38.368858 
74.983557 39.368858 
75.008719 40.368858 
75.057939 41.368858 
75.106195 42.368858 
75.129368 43.368858 
75.152531 44.368858 
75.197735 45.368858 
75.242000 46.368858 
75.263188 47.368858 
75.284361 48.368858 
75.325581 49.368858 
75.365860 50.368858 
75.385078 51.368858 
75.404281 52.368858 
75.423464 54.368862 
75.460730 54.368862 
75.478910 55.368866 
75.497052 56.368866 
75.532274 57.368866 
75.567490 58.368866 
75.601744 59.368866 
75.617915 60.368862 
75.650028 61.368862 
75.682145 62.368862 
75.713266 63.368866 
75.744377 64.368866 
75.775495 65.368866 
75.790673 66.368866 
75.819897 67.368866 
75.849111 68.368866 
75.878323 69.368866 
75.907547 70.368866 
75.936772 71.368866 
75.964985 72.368866 
75.993231 73.368866 
76.006417 74.368866 
76.019591 75.368866 
76.032765 76.368866 
76.057987 77.368866 
76.083201 78.368866 
76.108415 79.368866 
76.133685 80.368866 
76.145856 81.368866 
76.158026 82.368866 
76.181252 83.368866 
76.204467 84.368866 
76.227679 85.368866 
76.250934 86.368866 
76.262160 87.368866 
76.284353 88.368866 
76.306516 89.368866 
76.328691 90.368866 
76.349876 91.368866 
76.360059 92.368866 
76.370232 93.368866 
76.390458 94.368866 
76.410687 95.368866 
76.430904 96.368858 
76.451129 97.368851 
76.471352 98.368843 
76.491565 99.368843 
76.510824 100.368843 
76.520011 101.368843 
76.538184 102.368843 
76.556355 103.368843 
76.574520 104.368843 
76.592704 105.368835 
76.610877 106.368835 
76.629090 107.368835 
76.638283 108.368835 
76.656460 109.368835 
76.674644 110.368835 
76.691804 111.368835 
76.708956 112.368835 
76.717126 113.368835 
76.733348 114.368835 
76.749620 115.368828 
76.757796 116.368828 
76.773893 117.368820 
76.789987 118.368820 
76.806076 119.368828 
76.822164 120.368835 
76.838249 121.368835 
76.854368 122.368835 
76.870470 123.368835 
76.886572 124.368828 
76.901687 125.368828 
76.916804 126.368828 
76.931919 127.368828 
76.947022 128.368835 
76.962138 129.368835 
76.977240 130.368835 
76.992342 131.368835 
77.007444 132.368835 
77.022624 133.368835 
77.029803 134.368835 
77.036977 135.368835 
77.051213 136.368835 
77.065447 137.368835 
77.079670 138.368835 
77.093894 139.368835 
77.108115 140.368835 
77.115291 141.368835 
77.129551 142.368835 
77.136721 143.368835 
77.149873 144.368835 
77.163039 145.368835 
77.176180 146.368835 
77.189353 147.368835 
77.202514 148.368835 
77.215671 149.368835 
77.228835 150.368835 
77.241995 151.368835 
77.255169 152.368835 
77.268312 153.368835 
77.281478 154.368835 
77.294634 155.368835 
77.307806 156.368835 
77.320979 157.368835 
77.334145 158.368835 
77.347319 159.368835 
77.360461 160.368835 
77.373634 161.368835 
77.386792 162.368835 
77.399966 163.368835 
77.413131 164.368835 
77.426291 165.368835 
77.439475 167.368835 
77.451621 167.368835 
77.469786 83.684418 
77.499931 41.842209 
77.554115 20.921104 
77.601299 10.460552 
77.735517 11.460552 
77.822743 12.460552 
77.983882 13.460551 
78.140005 14.460551 
78.291128 15.460551 
78.438281 16.460552 
78.498482 17.460552 
78.555657 18.460552 
78.663888 19.460552 
78.769123 20.460552 
78.817303 21.460552 
78.909517 22.460552 
78.999772 23.460550 
79.041972 24.460548 
79.123156 25.460548 
79.202325 26.460548 
79.280485 27.460548 
79.357644 28.460548 
79.432804 29.460548 
79.507018 30.460548 
79.539222 31.460548 
79.570405 32.460548 
79.630601 33.460548 
79.690809 34.460548 
79.750028 35.460548 
79.808265 36.460548 
79.865493 37.460548 
79.922719 38.460548 
79.978951 39.460548 
80.034175 40.460548 
80.089401 41.460548 
80.143608 42.460548 
80.197832 43.460548 
80.251063 44.460548 
80.303287 45.460548 
80.355528 46.460548 
80.376712 47.460548 
80.418817 48.460548 
80.459948 49.460548 
80.480120 50.460545 
80.519212 51.460545 
80.558305 52.460545 
80.596398 53.460545 
80.634489 54.460545 
80.672581 55.460545 
80.709672 56.460545 
80.746762 57.460545 
80.783853 58.460541 
80.819945 59.460537 
80.856076 60.460533 
80.872247 61.460537 
80.888425 62.460537 
80.919653 63.460537 
80.950862 64.460541 
80.982088 65.460541 
81.013299 66.460541 
81.043530 67.460541 
81.073755 68.460541 
81.103972 69.460541 
81.134195 70.460541 
81.163427 71.460541 
81.192658 72.460541 
81.221872 73.460541 
81.251133 74.460541 
81.264319 75.460541 
81.277491 76.460541 
81.302696 77.460541 
81.327912 78.460541 
81.353124 79.460541 
81.378379 80.460541 
81.390592 81.460541 
81.402799 82.460541 
81.426052 83.460541 
81.449289 84.460541 
81.472518 85.460541 
81.495779 86.460541 
81.506967 87.460541 
81.529089 88.460541 
81.551206 89.460541 
81.573319 90.460541 
81.594438 91.460541 
81.615546 92.460541 
81.636654 93.460541 
81.657764 94.460533 
81.678873 95.460533 
81.699982 96.460533 
81.721094 97.460533 
81.742211 98.460533 
81.763347 99.460533 
81.773525 100.460533 
81.782702 101.460526 
81.800923 102.460526 
81.819135 103.460518 
81.837346 105.460518 
81.855556 105.460518 
81.873812 106.460526 
81.882983 107.460533 
81.901087 108.460526 
81.919189 110.460526 
81.937292 110.460526 
81.954395 111.460518 
81.971526 112.460518 
81.988626 113.460518 
82.005727 114.460518 
82.022832 115.460510 
82.039932 116.460518 
82.057033 117.460518 
82.074133 118.460518 
82.091234 119.460510 
82.108337 120.460510 
82.125442 121.460510 
82.142544 122.460518 
82.159643 123.460518 
82.176731 124.460518 
82.192831 125.460518 
82.208931 126.460518 
82.225037 127.460518 
82.241139 128.460510 
82.257242 129.460510 
82.273384 130.460510 
82.280592 131.460510 
82.287755 132.460510 
82.301985 133.460510 
82.316223 134.460510 
82.330446 135.460510 
82.344667 136.460510 
82.358883 137.460510 
82.373099 138.460510 
82.387344 139.460510 
82.394510 140.460510 
82.408656 141.460510 
82.422798 142.460510 
82.435937 143.460510 
82.449076 144.460510 
82.462215 145.460510 
82.475353 146.460510 
82.488496 147.460510 
82.501664 148.460510 
82.514823 149.460510 
82.527967 150.460510 
82.541111 151.460510 
82.554264 152.460510 
82.567401 153.460510 
82.580545 154.460510 
82.593684 155.460510 
82.606827 156.460510 
82.619971 157.460510 
82.633115 158.460510 
82.646260 159.460510 
82.659432 160.460510 
82.665603 161.460510 
82.671761 162.460510 
82.683964 163.460510 
82.696174 164.460510 
82.708389 165.460510 
82.720612 166.460510 
82.731823 167.460510 
82.743034 168.460510 
82.754244 169.460510 
82.765455 170.460510 
82.776703 171.460510 
82.781883 172.460510 
82.792011 173.460510 
82.802140 174.460510 
82.812268 175.460510 
82.822396 176.460510 
82.832513 177.460510 
82.842649 178.460510 
82.858788 89.230255 
82.885909 44.615128 
82.908071 22.307564 
83.019285 11.153782 
83.123505 12.153782 
83.221786 13.153782 
83.298006 14.153782 
83.368181 15.153782 
83.433342 16.153782 
83.556554 17.153782 
83.614722 18.153782 
83.727985 19.153782 
83.780186 20.153782 
83.829392 21.153782 
83.876614 22.153782 
83.966775 23.153782 
84.010001 24.153782 
84.092183 25.153780 
84.131404 26.153780 
84.206515 27.153780 
84.280611 28.153778 
84.353733 29.153776 
84.425852 30.153776 
84.496946 31.153774 
84.567064 32.153774 
84.636212 33.153774 
84.666416 34.153774 
84.724556 35.153774 
84.781678 36.153774 
84.837793 37.153774 
84.893922 38.153774 
84.949056 39.153774 
85.003182 40.153774 
85.027341 41.153774 
85.074568 42.153774 
85.121836 43.153774 
85.145039 44.153774 
85.190211 45.153774 
85.234421 46.153774 
85.255653 47.153774 
85.296787 48.153774 
85.337926 49.153774 
85.358158 50.153774 
85.397309 51.153770 
85.436435 52.153770 
85.474549 53.153770 
85.512648 54.153770 
85.550740 55.153770 
85.587826 56.153770 
85.624975 57.153770 
85.642173 58.153770 
85.675305 59.153774 
85.708425 60.153770 
85.741582 61.153767 
85.757801 62.153763 
85.789007 63.153763 
85.820189 64.153763 
85.851401 65.153763 
85.866625 66.153763 
85.881813 67.153763 
85.911050 68.153763 
85.940281 69.153763 
85.969504 70.153763 
85.998769 71.153763 
86.012941 72.153763 
86.026104 73.153763 
86.052334 74.153763 
86.065511 75.153763 
86.091749 76.153763 
86.104957 77.153763 
86.117130 78.153763 
86.141274 79.153763 
86.165421 80.153763 
86.189548 81.153763 
86.213694 82.153763 
86.237845 83.153763 
86.260992 84.153763 
86.284136 85.153763 
86.307269 86.153763 
86.330416 87.153763 
86.353553 88.153763 
86.376693 89.153763 
86.399827 91.153763 
86.421968 91.153763 
86.444113 92.153763 
86.466258 93.153763 
86.488393 94.153770 
86.510559 95.153770 
86.520743 96.153770 
86.540907 97.153770 
86.561075 99.153763 
86.581232 99.153763 
86.600387 101.153755 
86.619594 101.153755 
86.628781 102.153755 
86.646911 103.153755 
86.665043 105.153763 
86.683175 105.153763 
86.701306 106.153755 
86.719435 107.153755 
86.737576 108.153755 
86.755721 109.153748 
86.773855 110.153748 
86.790990 111.153748 
86.808120 112.153748 
86.825259 113.153748 
86.842400 114.153748 
86.859499 115.153748 
86.876632 116.153748 
86.893762 117.153755 
86.910894 118.153763 
86.928024 120.153763 
86.945154 120.153763 
86.962282 122.153770 
86.979412 122.153770 
86.996514 123.153770 
87.013675 124.153763 
87.021855 125.153763 
87.037043 126.153763 
87.052215 127.153763 
87.067395 128.153763 
87.082578 130.153763 
87.097748 130.153763 
87.112918 132.153763 
87.128128 132.153763 
87.135309 133.153763 
87.149427 134.153763 
87.163498 136.153763 
87.177595 137.153763 
87.191689 137.153763 
87.205791 138.153763 
87.219899 139.153763 
87.234007 140.153763 
87.248115 141.153763 
87.262230 142.153763 
87.275340 143.153763 
87.288439 144.153763 
87.301538 145.153763 
87.314634 147.153763 
87.327762 147.153763 
87.340856 148.153763 
87.353967 149.153763 
87.367063 150.153763 
87.380159 151.153763 
87.393276 152.153763 
87.399442 76.076881 
87.412623 38.038441 
87.477828 19.019220 
87.596103 9.509610 
87.701300 4.754805 
87.911511 5.754805 
88.084714 6.754806 
88.232914 7.754806 
88.495054 8.754806 
88.609257 9.754806 
88.711429 10.754806 
88.803585 11.754806 
88.980792 12.754806 
89.145006 13.754806 
89.304222 14.754806 
89.371414 15.754806 
89.434615 16.754807 
89.553781 17.754807 
89.609935 18.754807 
89.716149 19.754807 
89.766318 20.754807 
89.861542 21.754807 
89.954766 22.754807 
90.046989 23.754807 
90.137205 24.754807 
90.225462 25.754805 
90.263629 26.754805 
90.300787 27.754807 
90.372056 28.754807 
90.406262 29.754805 
90.472430 30.754807 
90.504606 31.754807 
90.535767 32.754807 
90.596015 33.754807 
90.625227 34.754807 
90.681393 35.754807 
90.737583 36.754807 
90.764806 37.754807 
90.817016 38.754807 
90.842236 39.754807 
90.867418 40.754807 
90.891585 41.754807 
90.914741 42.754807 
90.959948 43.754807 
91.005160 44.754807 
91.049372 45.754807 
91.093587 46.754807 
91.136798 47.754807 
91.180010 48.754807 
91.223221 49.754807 
91.265471 50.754807 
91.284670 51.754807 
91.321834 52.754810 
91.359008 53.754814 
91.377189 54.754810 
91.395349 55.754810 
91.430557 56.754810 
91.465756 57.754810 
91.500971 58.754814 
91.535184 59.754810 
91.569396 60.754810 
91.603606 61.754807 
91.619769 62.754807 
91.634938 63.754807 
91.650123 64.754807 
91.680329 65.754807 
91.709533 66.754807 
91.738746 67.754807 
91.752902 68.754807 
91.781046 69.754807 
91.809200 70.754807 
91.836360 71.754807 
91.863528 72.754807 
91.890672 73.754807 
91.917816 74.754807 
91.944976 75.754807 
91.972129 76.754807 
91.998282 77.754807 
92.024435 78.754807 
92.050604 79.754807 
92.076757 80.754807 
92.102926 81.754807 
92.129114 82.754807 
92.141314 83.754807 
92.164516 84.754807 
92.187722 85.754807 
92.210915 86.754807 
92.234121 87.754807 
92.257335 88.754807 
92.280545 89.754807 
92.303769 90.754807 
92.325973 91.754807 
92.348179 92.754807 
92.370378 93.754807 
92.392586 94.754807 
92.414786 95.754807 
92.437014 96.754814 
92.459210 97.754814 
92.481412 98.754807 
92.503605 99.754799 
92.524785 100.754791 
92.545993 101.754791 
92.567226 102.754791 
92.588428 103.754791 
92.609629 104.754791 
92.630832 105.754791 
92.652106 106.754791 
92.661281 107.754791 
92.670459 108.754799 
92.688679 109.754807 
92.706885 110.754807 
92.724097 112.754814 
92.741308 113.754822 
92.758520 113.754822 
92.775711 114.754822 
92.783907 115.754814 
92.800121 116.754807 
92.816317 117.754799 
92.832521 118.754799 
92.848701 119.754799 
92.864894 121.754807 
92.881103 121.754807 
92.889302 122.754807 
92.905435 123.754814 
92.921561 124.754822 
92.936683 126.754822 
92.951805 127.754822 
92.966923 128.754822 
92.982047 129.754822 
92.997162 130.754822 
93.012277 131.754822 
93.027393 132.754822 
93.042564 132.754822 
93.049755 133.754822 
93.056913 135.754822 
93.071124 135.754822 
93.085335 137.754822 
93.099543 137.754822 
93.113754 139.754822 
93.127966 140.754822 
93.142178 141.754822 
93.156430 141.754822 
93.163603 142.754822 
93.170779 143.754822 
93.184007 144.754822 
93.197216 146.754822 
93.210427 147.754822 
93.223639 147.754822 
93.236858 149.754822 
93.250086 149.754822 
93.263297 151.754822 
93.276508 151.754822 
93.289718 153.754822 
93.302928 153.754822 
93.316146 155.754822 
93.329363 156.754822 
93.342572 157.754822 
93.355780 158.754822 
93.368991 159.754822 
93.382202 160.754822 
93.395409 161.754822 
93.408619 162.754822 
93.421830 162.754822 
93.435040 164.754822 
93.448252 165.754822 
93.461463 165.754822 
93.473673 166.754822 
93.485880 168.754822 
93.498090 169.754822 
93.510301 170.754822 
93.522517 170.754822 
93.534736 171.754822 
93.546987 172.754822 
93.552177 173.754822 
93.562348 175.754822 
93.572519 175.754822 
93.582690 177.754822 
93.592861 178.754822 
93.603032 179.754822 
93.613204 180.754822 
93.623377 181.754822 
93.633548 181.754822 
93.643717 182.754822 
93.653894 183.754822 
93.664106 184.754822 
93.669280 185.754822 
93.679414 187.754822 
93.689549 187.754822 
93.699680 188.754822 
93.709810 189.754822 
93.719955 191.754822 
93.730088 192.754822 
93.740221 193.754822 
93.750355 193.754822 
93.760488 195.754822 
93.770622 196.754822 
93.780771 196.754822 
93.790903 197.754837 
93.801049 199.754837 
93.811182 199.754837 
93.820315 200.754822 
93.829448 202.754837 
93.838582 203.754837 
93.847711 203.754837 
93.856842 205.754837 
93.865974 206.754837 
93.875108 206.754837 
93.884241 103.877426 
93.898373 51.938713 
93.922507 51.938713 
93.965642 25.969357 
94.047787 12.984678 
94.123972 13.984678 
94.195171 6.992339 
94.391356 7.992340 
94.573559 8.992340 
94.684763 9.992340 
94.784937 10.992340 
94.968080 11.992340 
95.051269 12.992340 
95.205416 13.992340 
95.276619 14.992340 
95.409870 15.992339 
95.539103 16.992340 
95.665317 17.992340 
95.788534 18.992340 
95.909762 19.992340 
96.027997 20.992340 
96.144237 21.992340 
96.258475 22.992340 
96.370711 23.992340 
96.481932 24.992340 
96.591185 25.992340 
96.629384 26.992340 
96.702608 27.992338 
96.774825 28.992338 
96.808985 29.992336 
96.875229 30.992336 
96.907409 31.992336 
96.969569 32.992336 
97.030726 33.992336 
97.090882 34.992336 
97.150032 35.992336 
97.209192 36.992336 
97.267382 37.992336 
97.293581 38.992336 
97.344759 39.992336 
97.394980 40.992336 
97.419193 41.992336 
97.442381 42.992336 
97.487617 43.992336 
97.532870 44.992336 
97.555094 45.992336 
97.598239 46.992336 
97.640398 47.992336 
97.660625 48.992336 
97.680839 49.992340 
97.720078 50.992340 
97.759310 51.992340 
97.797562 52.992340 
97.815777 53.992344 
97.833965 54.992344 
97.869188 55.992344 
97.904443 56.992344 
97.921633 57.992340 
97.954771 58.992340 
97.987901 59.992340 
98.021074 60.992336 
98.037238 61.992340 
98.068345 62.992340 
98.099442 63.992340 
98.130572 64.992340 
98.161687 65.992340 
98.176856 66.992340 
98.206078 67.992340 
98.235309 68.992340 
98.264538 69.992340 
98.293809 70.992340 
98.308005 71.992340 
98.335151 72.992340 
98.362295 73.992340 
98.389439 74.992340 
98.416629 75.992340 
98.429794 76.992340 
98.454906 77.992340 
98.480018 78.992340 
98.505132 79.992340 
98.530293 80.992340 
98.542474 81.992340 
98.566580 82.992340 
98.589692 83.992340 
98.612799 84.992340 
98.635917 85.992340 
98.659038 86.992340 
98.682214 87.992340 
98.693380 88.992340 
98.704540 89.992340 
98.725786 90.992340 
98.747027 91.992340 
98.768253 92.992348 
98.789501 93.992348 
98.799681 94.992348 
98.819832 95.992348 
98.839995 96.992348 
98.860150 97.992348 
98.880316 99.992340 
98.900467 99.992340 
98.919613 100.992340 
98.938756 101.992340 
98.957908 102.992340 
98.977054 103.992340 
98.996211 104.992340 
99.015368 105.992340 
99.034521 106.992340 
99.053676 107.992340 
99.072832 108.992348 
99.091978 109.992348 
99.111150 111.992355 
99.129299 111.992355 
99.147445 113.992371 
99.165601 113.992371 
99.183786 114.992371 
99.191961 115.992371 
99.208140 117.992386 
99.224345 118.992386 
99.240546 118.992386 
99.256740 119.992386 
99.272948 120.992378 
99.289147 121.992378 
99.305365 122.992386 
99.313532 123.992393 
99.329686 124.992401 
99.344846 126.992401 
99.359997 126.992401 
99.375158 128.992401 
99.390310 128.992401 
99.405468 129.992401 
99.420622 130.992401 
99.435779 131.992401 
99.450933 132.992401 
99.466094 134.992401 
99.481245 134.992401 
99.496404 135.992401 
99.511575 136.992401 
99.526735 138.992401 
99.541895 138.992401 
99.557057 140.992401 
99.572207 140.992401 
99.587377 142.992401 
99.601529 142.992401 
99.615683 143.992401 
99.629835 144.992401 
99.644003 146.992401 
99.658160 146.992401 
99.672316 147.992401 
99.686471 148.992401 
99.700676 149.992401 
99.706848 150.992401 
99.719057 151.992401 
99.731264 152.992401 
99.743485 153.992401 
99.755716 154.992401 
99.767918 155.992401 
99.780121 157.992401 
99.792345 157.992401 
99.804543 158.992401 
99.816788 159.992401 
99.822959 160.992401 
99.835128 161.992401 
99.847275 162.992401 
99.859444 163.992401 
99.871597 164.992401 
99.885111 165.992401 
99.891271 166.992401 
99.902502 167.992401 
99.913724 168.992401 
99.924952 169.992401 
99.936173 170.992401 
99.947381 171.992401 
99.958597 172.992401 
99.969803 173.992401 
99.981027 174.992401 
99.992240 175.992401 
100.003487 176.992401 
100.014687 178.992401 
100.025917 178.992401 
100.037177 180.992401 
100.048378 180.992401 
100.059598 181.992401 
100.070812 182.992401 
100.082020 183.992401 
100.093228 184.992401 
100.104445 185.992401 
100.115675 186.992401 
100.126897 187.992401 
100.138122 189.992416 
100.149340 189.992416 
100.160572 190.992416 
100.171803 191.992416 
100.183004 193.992401 
100.194235 193.992401 
100.205497 194.992401 
100.210672 195.992401 
100.220860 196.992401 
100.231038 197.992401 
100.241221 198.992401 
100.251413 200.992416 
100.260550 200.992416 
100.269728 201.992416 
100.278920 202.992416 
100.288097 204.992416 
100.297290 204.992416 
100.306482 205.992416 
100.320669 102.996208 
100.344852 51.498104 
100.388032 25.749052 
100.470213 12.874526 
100.547402 13.874527 
100.619672 14.874527 
100.686859 15.874527 
100.813046 16.874527 
100.872258 17.874527 
100.927450 18.874527 
100.979616 19.874527 
101.029775 20.874527 
101.076938 21.874527 
101.122106 22.874527 
101.165283 23.874527 
101.206459 24.874527 
101.246635 25.874527 
101.284811 26.874527 
101.321987 27.874525 
101.357163 28.874527 
101.391339 29.874529 
101.424494 30.874531 
101.456648 31.874531 
101.487833 32.874531 
101.518010 33.874531 
101.547179 34.874531 
101.575337 35.874531 
101.602501 36.874531 
101.655714 37.874531 
101.681882 38.874531 
101.707058 39.874531 
101.732245 40.874531 
101.756414 41.874531 
101.779579 42.874531 
101.802750 43.874531 
101.824926 44.874531 
101.847111 45.874531 
101.868264 46.874531 
101.909483 47.874531 
101.929658 48.874531 
101.969886 49.874531 
101.990040 50.874531 
102.029302 51.874531 
102.048494 52.874531 
102.066664 53.874527 
102.084830 54.874523 
102.120090 55.874519 
102.137264 56.874523 
102.154423 57.874519 
102.171576 58.874519 
102.187723 59.874519 
102.203835 60.874519 
102.220001 61.874519 
102.236169 62.874519 
102.267404 63.874519 
102.282581 64.874519 
102.297756 65.874519 
102.326979 66.874519 
102.341154 67.874519 
102.355329 68.874519 
102.383554 69.874519 
102.397730 70.874519 
102.411890 71.874519 
102.425067 72.874519 
102.438221 73.874519 
102.464439 74.874519 
102.477613 75.874519 
102.503839 76.874519 
102.517052 77.874519 
102.529232 78.874519 
102.541401 79.874519 
102.565630 80.874519 
102.577806 81.874519 
102.589959 82.874519 
102.602127 41.437260 
102.662403 20.718630 
102.710591 10.359315 
102.806806 11.359315 
102.895070 12.359314 
102.975331 13.359314 
103.049543 14.359313 
103.118730 15.359313 
103.183914 16.359314 
103.245080 17.359314 
103.302248 18.359314 
103.356431 19.359314 
103.407610 20.359314 
103.456817 21.359314 
103.503009 22.359314 
103.547221 23.359314 
103.589380 24.359314 
103.630538 25.359314 
103.669746 26.359312 
103.706920 27.359314 
103.779069 28.359314 
103.814258 29.359314 
103.848420 30.359314 
103.913639 31.359314 
103.977934 32.359314 
104.008152 33.359314 
104.067327 34.359314 
104.096536 35.359314 
104.152674 36.359314 
104.207872 37.359314 
104.234098 38.359314 
104.285253 39.359314 
104.310474 40.359314 
104.334667 41.359314 
104.381811 42.359314 
104.404966 43.359314 
104.450217 44.359314 
104.472385 45.359314 
104.515518 46.359314 
104.558699 47.359314 
104.579885 48.359314 
104.620993 49.359314 
104.661100 50.359314 
104.701201 51.359314 
104.741309 52.359314 
104.780418 53.359310 
104.819558 54.359310 
104.837725 55.359310 
104.872860 56.359310 
104.908003 57.359310 
104.943162 58.359306 
104.977312 59.359306 
105.011480 60.359306 
105.045638 61.359303 
105.079773 62.359299 
105.112914 63.359299 
105.146039 64.359299 
105.179171 65.359299 
105.212307 66.359299 
105.244431 67.359299 
105.276572 68.359299 
105.308707 69.359299 
105.340866 70.359299 
105.355038 71.359299 
105.382154 72.359299 
105.409270 73.359299 
105.436387 74.359299 
105.463547 75.359299 
105.476713 76.359299 
105.501834 77.359299 
105.526955 78.359299 
105.552076 79.359299 
105.577202 80.359299 
105.589361 81.359299 
105.613448 82.359299 
105.636534 83.359299 
105.659618 84.359299 
105.682706 85.359299 
105.705794 86.359299 
105.728910 87.359299 
105.740076 88.359299 
105.751237 89.359299 
105.773450 90.359299 
105.794660 91.359299 
105.815874 92.359299 
105.837088 93.359299 
105.858350 94.359299 
105.868510 95.359299 
105.888629 96.359299 
105.908747 97.359299 
105.928866 98.359299 
105.948986 99.359299 
105.968133 100.359299 
105.977306 101.359299 
105.995398 102.359299 
106.013493 103.359306 
106.031598 104.359306 
106.049690 105.359314 
106.067782 106.359322 
106.085867 107.359322 
106.103960 108.359322 
106.122097 109.359322 
106.131263 110.359322 
106.148373 111.359322 
106.165483 112.359329 
106.182593 113.359337 
106.199700 114.359337 
106.216806 115.359337 
106.233944 116.359337 
106.242129 117.359337 
106.258264 118.359337 
106.274404 120.359344 
106.290540 120.359344 
106.306688 121.359337 
106.322817 122.359344 
106.338954 123.359344 
106.355081 124.359344 
106.370217 125.359344 
106.385344 126.359344 
106.400479 127.359344 
106.415600 128.359344 
106.430733 129.359344 
106.453870 64.679672 
106.492017 32.339836 
106.561148 16.169918 
106.627327 17.169918 
106.685504 18.169918 
106.795700 19.169918 
106.847901 20.169918 
106.947086 21.169918 
106.994297 22.169918 
107.084443 23.169918 
107.172619 24.169918 
107.213827 25.169918 
107.293007 26.169918 
107.331216 27.169916 
107.404369 28.169916 
107.439589 29.169916 
107.473779 30.169918 
107.540051 31.169918 
107.572277 32.169918 
107.634383 33.169918 
107.695516 34.169918 
107.724726 35.169918 
107.780894 36.169918 
107.808079 37.169918 
107.861208 38.169918 
107.913375 39.169918 
107.938577 40.169918 
107.987718 41.169918 
108.035893 42.169918 
108.059122 43.169918 
108.104274 44.169918 
108.149426 45.169918 
108.171678 46.169918 
108.192896 47.169918 
108.234050 48.169918 
108.275187 49.169918 
108.315327 50.169918 
108.355453 51.169918 
108.395576 52.169918 
108.434730 53.169918 
108.452896 54.169918 
108.489061 55.169918 
108.524217 56.169918 
108.559438 57.169918 
108.576639 58.169922 
108.593823 59.169922 
108.627058 60.169918 
108.660312 61.169922 
108.676492 62.169918 
108.707552 63.169918 
108.738611 64.169922 
108.769666 65.169922 
108.800756 66.169922 
108.830867 67.169922 
108.845054 68.169922 
108.873193 69.169922 
108.901323 70.169922 
108.929469 71.169922 
108.943635 72.169922 
108.970725 73.169922 
108.997822 74.169922 
109.024942 75.169922 
109.052072 76.169922 
109.078186 77.169922 
109.104291 78.169922 
109.130410 79.169922 
109.156529 80.169922 
109.182651 81.169922 
109.208772 82.169922 
109.234894 83.169922 
109.260016 84.169922 
109.285162 86.169922 
109.310281 86.169922 
109.335444 87.169922 
109.346619 88.169922 
109.368709 89.169922 
109.390819 90.169922 
109.411931 91.169922 
109.433042 92.169922 
109.454231 93.169922 
109.464418 94.169922 
109.484577 95.169922 
109.504720 96.169930 
109.524879 97.169930 
109.545014 98.169930 
109.565187 99.169930 
109.575353 100.169930 
109.594405 101.169930 
109.613478 102.169930 
109.632543 103.169930 
109.651615 104.169930 
109.670661 105.169937 
109.689723 106.169937 
109.708803 107.169945 
109.717961 108.169945 
109.736113 109.169945 
109.754273 110.169937 
109.771425 111.169937 
109.788553 112.169937 
109.805696 113.169930 
109.822852 114.169930 
109.839994 115.169930 
109.857159 117.169922 
109.874294 117.169922 
109.891452 119.169930 
109.908613 119.169930 
109.925755 120.169930 
109.942911 121.169930 
109.960053 122.169937 
109.977209 124.169937 
109.994352 124.169937 
110.010512 125.169937 
110.026645 126.169937 
110.042783 127.169937 
110.058950 128.169937 
110.083092 64.084969 
110.123233 32.042484 
110.194370 16.021242 
110.261575 17.021242 
110.319772 18.021242 
110.429948 19.021242 
110.482171 20.021242 
110.581294 21.021242 
110.678410 22.021242 
110.773536 23.021242 
110.866653 24.021242 
110.957760 25.021242 
111.047867 26.021242 
111.136981 27.021244 
111.224089 28.021244 
111.310204 29.021244 
111.395320 30.021244 
111.479435 31.021244 
111.562562 32.021244 
111.644708 33.021244 
111.674878 34.021244 
111.733025 35.021244 
111.790212 36.021244 
111.817402 37.021244 
111.870578 38.021244 
111.896768 39.021244 
111.946857 40.021244 
111.996931 41.021244 
112.046073 42.021244 
112.069297 43.021244 
112.114450 44.021244 
112.159641 45.021244 
112.181831 46.021244 
112.224946 47.021244 
112.267102 48.021244 
112.287291 49.021244 
112.326415 50.021244 
112.365539 51.021248 
112.404664 52.021252 
112.442788 53.021255 
112.480914 54.021255 
112.519037 55.021252 
112.556233 56.021252 
112.573431 57.021252 
112.607576 58.021255 
112.640708 59.021255 
112.673881 60.021255 
112.690096 61.021259 
112.722234 62.021263 
112.753367 63.021263 
112.784527 64.021263 
112.799696 65.021263 
112.814854 66.021263 
112.844064 67.021263 
112.873267 68.021263 
112.902494 69.021263 
112.931740 70.021263 
112.945907 71.021263 
112.973034 72.021263 
113.000164 73.021263 
113.027293 74.021263 
113.054464 75.021263 
113.067661 76.021263 
113.092795 77.021263 
113.117925 78.021263 
113.143043 79.021263 
113.168200 80.021263 
113.180372 81.021263 
113.204479 82.021263 
113.228586 83.021263 
113.251684 84.021263 
113.274788 85.021263 
113.297919 86.021263 
113.321059 87.021263 
113.344157 88.021263 
113.367263 89.021263 
113.390372 90.021255 
113.412472 91.021255 
113.434624 92.021255 
113.444790 93.021255 
113.464902 94.021255 
113.485015 95.021255 
113.505136 96.021255 
113.525271 97.021255 
113.545407 98.021255 
113.565549 99.021255 
113.575717 100.021255 
113.594833 101.021255 
113.613934 102.021255 
113.633047 103.021255 
113.652175 104.021255 
113.671310 105.021255 
113.680478 106.021255 
113.689631 107.021263 
113.707855 108.021263 
113.726076 109.021263 
113.744314 110.021263 
113.762529 111.021271 
113.779793 112.021271 
113.797012 113.021271 
113.814249 114.021271 
113.831515 115.021271 
113.839696 116.021271 
113.847852 117.021271 
113.864078 118.021271 
113.880299 119.021271 
113.896531 120.021263 
113.912732 121.021263 
113.928952 122.021255 
113.945217 123.021255 
113.953394 124.021255 
113.968495 125.021255 
113.983590 126.021255 
113.998706 127.021255 
114.013824 129.021255 
114.028948 129.021255 
114.044050 131.021255 
114.059160 131.021255 
114.074285 132.021255 
114.089408 133.021255 
114.104533 134.021255 
114.119630 135.021255 
114.134745 137.021255 
114.149854 137.021255 
114.164978 138.021255 
114.180081 139.021255 
114.195206 141.021255 
114.210330 141.021255 
114.225431 142.021255 
114.239506 143.021255 
114.253600 144.021255 
114.267694 145.021255 
114.281808 146.021255 
114.295932 147.021255 
114.310034 148.021255 
114.324135 149.021255 
114.338289 149.021255 
114.344454 74.510628 
114.376557 37.255314 
114.435660 18.627657 
114.494808 18.627657 
114.547998 9.313828 
