0.000026 11.111111 
0.090349 12.111111 
0.172598 13.111111 
0.248860 14.111111 
0.319120 15.111110 
0.385343 16.111111 
0.447535 17.111111 
0.505733 18.111111 
0.560932 19.111111 
0.613112 20.111111 
0.662306 21.111111 
0.709485 22.111111 
0.754684 23.111111 
0.797871 24.111111 
0.839068 25.111111 
0.878265 26.111109 
0.916455 27.111109 
0.952626 28.111111 
0.987803 29.111109 
1.021997 30.111109 
1.055183 31.111109 
1.087372 32.111107 
1.118552 33.111107 
1.148742 34.111107 
1.177928 35.111107 
1.206120 36.111107 
1.233304 37.111107 
1.259481 38.111107 
1.285671 39.111107 
1.310832 40.111107 
1.335008 41.111107 
1.359198 42.111107 
1.382396 43.111107 
1.405576 44.111107 
1.427742 45.111107 
1.449926 46.111107 
1.471125 47.111107 
1.492284 48.111107 
1.512440 49.111111 
1.532616 50.111111 
1.551792 51.111111 
1.570949 52.111111 
1.590155 53.111115 
1.608370 54.111115 
1.626612 55.111115 
1.644852 56.111115 
1.662107 57.111111 
1.679318 58.111107 
1.696531 59.111111 
1.712759 60.111107 
1.728992 61.111107 
1.745209 62.111107 
1.761426 63.111107 
1.776645 64.111107 
1.791815 65.111107 
1.807000 66.111107 
1.822177 67.111107 
1.836341 68.111107 
1.850525 69.111107 
1.864688 70.111107 
1.878855 71.111107 
1.893022 72.111107 
1.906178 73.111107 
1.919333 74.111107 
1.932483 75.111107 
1.945635 76.111107 
1.958785 77.111107 
1.970935 78.111107 
1.983092 79.111107 
1.995242 80.111107 
2.007391 81.111107 
2.019549 82.111107 
2.031706 83.111107 
2.043861 84.111107 
2.055018 85.111107 
2.066171 86.111107 
2.077330 87.111107 
2.088480 88.111107 
2.099639 89.111107 
2.110788 90.111107 
2.121937 91.111099 
2.132093 92.111099 
2.142243 93.111092 
2.152400 94.111092 
2.162568 95.111092 
2.172727 96.111084 
2.182884 97.111084 
2.193042 98.111076 
2.203199 99.111076 
2.213362 100.111076 
2.222511 101.111084 
2.231659 102.111084 
2.240815 103.111084 
2.249971 104.111084 
2.259115 105.111084 
2.268263 106.111076 
2.277416 106.111076 
2.286569 106.111076 
2.295726 105.111076 
2.304892 104.111069 
2.314048 103.111076 
2.323204 102.111076 
2.332354 101.111084 
2.341511 100.111084 
2.350660 99.111076 
2.360818 98.111076 
2.370976 97.111076 
2.381132 96.111076 
2.391289 95.111076 
2.401446 94.111076 
2.411611 93.111076 
2.421760 92.111076 
2.431907 91.111076 
2.442063 90.111076 
2.453214 89.111076 
2.464360 88.111076 
2.475520 87.111076 
2.486677 86.111076 
2.497843 85.111076 
2.508992 84.111076 
2.520149 83.111076 
2.532306 82.111076 
2.544464 81.111076 
2.556621 80.111076 
2.568772 79.111076 
2.580947 78.111076 
2.593097 77.111076 
2.605248 76.111076 
2.618405 75.111076 
2.631562 74.111076 
2.644719 73.111076 
2.657869 72.111076 
2.671027 71.111076 
2.685181 70.111076 
2.699339 69.111076 
2.713496 68.111076 
2.727654 67.111076 
2.741811 66.111076 
2.756968 65.111076 
2.772122 64.111076 
2.787271 63.111076 
2.802428 62.111080 
2.818584 61.111076 
2.834741 60.111073 
2.850901 59.111069 
2.867047 58.111069 
2.884193 57.111069 
2.901343 56.111065 
2.918498 55.111065 
2.936648 54.111065 
2.954805 53.111065 
2.972962 52.111065 
2.992117 51.111065 
3.011275 50.111065 
3.030437 49.111061 
3.050603 48.111065 
3.070755 47.111065 
3.091906 46.111065 
3.113073 45.111065 
3.135229 44.111065 
3.157378 43.111065 
3.180544 42.111065 
3.203696 41.111065 
3.227863 40.111065 
3.252013 39.111065 
3.277179 38.111065 
3.303340 37.111065 
3.329502 36.111065 
3.356664 35.111065 
3.384826 34.111065 
3.413984 33.111065 
3.444141 32.111065 
3.475303 31.111063 
3.507472 30.111063 
3.540638 29.111065 
3.574800 28.111065 
3.609972 27.111067 
3.646152 26.111069 
3.684328 25.111071 
3.723517 24.111071 
3.764682 23.111071 
3.807833 22.111071 
3.853006 21.111071 
3.900170 20.111071 
3.949325 19.111071 
4.001488 18.111071 
4.056651 17.111071 
4.114812 16.111071 
4.176973 15.111070 
4.243138 14.111070 
4.313328 13.111069 
4.389495 12.111069 
4.471661 11.111069 
4.561825 10.111069 
4.659987 9.111069 
4.769153 8.111069 
4.892347 7.111069 
5.032540 6.111069 
5.195703 5.111069 
5.390898 4.111069 
5.634120 4.111069 
5.877357 5.111069 
6.072580 6.111069 
6.235786 7.111069 
6.375943 8.111069 
6.499131 9.111069 
6.608313 10.111069 
6.706491 11.111069 
6.796685 12.111069 
6.878898 13.111069 
6.955104 14.111069 
7.025335 15.111068 
7.091509 16.111069 
7.153675 17.111069 
7.211875 18.111069 
7.267074 19.111069 
7.319291 20.111069 
7.368488 21.111069 
7.415717 22.111069 
7.460928 23.111069 
7.504110 24.111069 
7.545277 25.111071 
7.584466 26.111071 
7.622690 27.111071 
7.658870 28.111071 
7.694067 29.111071 
7.728275 30.111071 
7.761464 31.111071 
7.793667 32.111069 
7.824847 33.111069 
7.855016 34.111069 
7.884167 35.111069 
7.912324 36.111069 
7.939478 37.111069 
7.965631 38.111069 
7.991789 39.111069 
8.016941 40.111069 
8.041091 41.111069 
8.065271 42.111069 
8.088431 43.111069 
8.111585 44.111069 
8.133735 45.111069 
8.155887 46.111069 
8.177036 47.111069 
8.198187 48.111069 
8.218339 49.111069 
8.238491 50.111069 
8.257643 51.111069 
8.276793 52.111069 
8.295944 53.111069 
8.314102 54.111069 
8.332252 55.111065 
8.350446 56.111065 
8.367610 57.111061 
8.384759 58.111061 
8.401924 59.111065 
8.418077 60.111065 
8.434227 61.111061 
8.450384 62.111065 
8.466545 63.111065 
8.481705 64.111069 
8.496857 65.111069 
8.512011 66.111069 
8.527157 67.111069 
8.541313 68.111069 
8.555473 69.111069 
8.569639 70.111069 
8.583827 71.111069 
8.597997 72.111069 
8.611153 73.111069 
8.624328 74.111069 
8.637504 75.111069 
8.650664 76.111069 
8.663796 77.111069 
8.675963 78.111069 
8.688130 79.111069 
8.700300 80.111069 
8.712459 81.111069 
8.724624 82.111069 
8.736773 83.111069 
8.748945 84.111069 
8.760093 85.111069 
8.771250 86.111069 
8.782454 87.111069 
8.793604 88.111069 
8.804753 89.111069 
8.815908 90.111069 
8.827057 91.111069 
8.837206 92.111069 
8.847415 93.111069 
8.857568 94.111069 
8.867725 95.111069 
8.877902 96.111069 
8.888049 97.111069 
8.898220 98.111069 
8.908377 99.111069 
8.918556 100.111061 
8.927725 101.111061 
8.936882 102.111061 
8.946050 103.111061 
8.955198 104.111061 
8.964380 105.111061 
8.973536 106.111061 
8.982685 107.111053 
8.991784 108.111053 
9.000935 109.111053 
9.010097 110.111053 
9.019249 111.111053 
9.028409 112.111053 
9.036564 113.111053 
9.044716 114.111046 
9.052871 115.111046 
9.061030 116.111046 
9.069189 117.111046 
9.077343 118.111038 
9.085497 119.111031 
9.093653 120.111031 
9.101816 121.111031 
9.109960 120.111031 
9.118126 119.111031 
9.126294 118.111031 
9.134441 117.111031 
9.142585 116.111038 
9.150751 115.111038 
9.158917 114.111038 
9.167079 113.111038 
9.175233 112.111038 
9.183389 111.111038 
9.192543 110.111038 
9.201697 109.111046 
9.210852 108.111053 
9.220007 107.111053 
9.229162 106.111061 
9.238315 105.111061 
9.247480 104.111061 
9.256642 103.111061 
9.265812 102.111061 
9.274969 101.111061 
9.284129 100.111061 
9.293277 99.111061 
9.303436 98.111061 
9.313584 97.111061 
9.323733 96.111061 
9.333921 95.111069 
9.344094 94.111069 
9.354287 93.111069 
9.364453 92.111069 
9.374609 91.111069 
9.384788 90.111069 
9.395961 89.111069 
9.407113 88.111069 
9.418262 87.111069 
9.429435 86.111069 
9.440606 85.111069 
9.451756 84.111069 
9.462916 83.111069 
9.475092 82.111069 
9.487272 81.111069 
9.499442 80.111069 
9.511598 79.111069 
9.523744 78.111069 
9.535895 77.111069 
9.548057 76.111069 
9.561206 75.111069 
9.574386 74.111069 
9.587558 73.111069 
9.600716 72.111069 
9.613866 71.111069 
9.628036 70.111069 
9.642201 69.111069 
9.656382 68.111069 
9.670561 67.111069 
9.684725 66.111069 
9.699879 65.111069 
9.715028 64.111069 
9.730186 63.111069 
9.745369 62.111073 
9.761542 61.111069 
9.777695 60.111065 
9.793861 59.111065 
9.810018 58.111061 
9.827193 57.111061 
9.844373 56.111061 
9.861552 55.111061 
9.879733 54.111057 
9.897905 53.111061 
9.916062 52.111065 
9.935218 51.111065 
9.954375 50.111065 
9.973550 49.111061 
9.993750 48.111065 
10.013930 47.111065 
10.035089 46.111065 
10.056238 45.111065 
10.078426 44.111065 
10.100608 43.111065 
10.123782 42.111065 
10.146956 41.111065 
10.171125 40.111065 
10.195303 39.111065 
10.220484 38.111065 
10.246656 37.111065 
10.272855 36.111065 
10.300036 35.111065 
10.328216 34.111065 
10.357397 33.111065 
10.387604 32.111065 
10.418781 31.111063 
10.450949 30.111063 
10.484133 29.111065 
10.518341 28.111065 
10.553554 27.111067 
10.589738 26.111069 
10.627944 25.111071 
10.667129 24.111071 
10.708293 23.111071 
10.751458 22.111071 
10.796645 21.111071 
10.843840 20.111071 
10.893034 19.111071 
10.945206 18.111071 
11.000372 17.111071 
11.058551 16.111071 
11.120729 15.111070 
11.186907 14.111070 
11.257088 13.111069 
11.333292 12.111069 
11.415488 11.111069 
11.505663 10.111069 
11.603832 9.111069 
11.713040 8.111069 
11.836243 7.111069 
11.976484 6.111069 
12.139695 5.111069 
12.334870 4.111069 
12.578058 3.111069 
12.899228 2.111069 
13.372397 3.111069 
13.693574 4.111069 
13.936759 5.111069 
14.131963 6.111069 
14.295183 7.111069 
14.435396 8.111069 
14.558593 9.111069 
14.667806 10.111069 
14.765982 11.111069 
14.856148 12.111069 
14.938315 13.111069 
15.014491 14.111069 
15.084677 15.111068 
15.150858 16.111069 
15.213036 17.111069 
15.271201 18.111069 
15.326365 19.111069 
15.378531 20.111069 
15.427699 21.111069 
15.474860 22.111069 
15.520071 23.111069 
15.563254 24.111069 
15.604415 25.111071 
15.643611 26.111071 
15.681795 27.111071 
15.717967 28.111071 
15.753175 29.111071 
15.787345 30.111071 
15.820506 31.111071 
15.852670 32.111069 
15.883847 33.111069 
15.914018 34.111069 
15.943180 35.111069 
15.971342 36.111069 
15.998500 37.111069 
16.024698 38.111069 
16.050884 39.111069 
16.076061 40.111069 
16.100240 41.111069 
16.124416 42.111069 
16.147631 43.111069 
16.170815 44.111069 
16.192976 45.111069 
16.215137 46.111069 
16.236296 47.111069 
16.257456 48.111069 
16.277616 49.111069 
16.297772 50.111069 
16.316950 51.111069 
16.336119 52.111069 
16.355273 53.111069 
16.373458 54.111069 
16.391695 55.111065 
16.409885 56.111065 
16.427067 57.111061 
16.444238 58.111061 
16.461435 59.111065 
16.477599 60.111065 
16.493757 61.111061 
16.509914 62.111065 
16.526113 63.111065 
16.541294 64.111069 
16.556476 65.111069 
16.571657 66.111069 
16.586846 67.111069 
16.600996 68.111069 
16.615163 69.111069 
16.629311 70.111069 
16.643507 71.111069 
16.657663 72.111069 
16.670851 73.111069 
16.684023 74.111069 
16.697203 75.111069 
16.710385 76.111069 
16.723564 77.111069 
16.735722 78.111069 
16.747905 79.111069 
16.760074 80.111069 
16.772225 81.111069 
16.784386 82.111069 
16.796570 83.111069 
16.808744 84.111069 
16.819923 85.111069 
16.831070 86.111069 
16.842250 87.111069 
16.853449 88.111069 
16.864607 89.111069 
16.875791 90.111069 
16.886982 91.111069 
16.897148 92.111069 
16.907336 93.111069 
16.917532 94.111069 
16.927700 95.111069 
16.937890 96.111069 
16.948054 97.111069 
16.958232 98.111069 
16.968413 99.111069 
16.978562 100.111061 
16.987718 101.111061 
16.996874 102.111061 
17.006047 103.111061 
17.015211 104.111061 
17.024390 105.111061 
17.033576 106.111061 
17.042741 107.111053 
17.051917 108.111053 
17.061126 109.111053 
17.070288 110.111053 
17.079466 111.111053 
17.088645 112.111053 
17.096834 113.111053 
17.105008 114.111046 
17.113184 115.111046 
17.121341 116.111046 
17.129487 117.111046 
17.137660 118.111038 
17.145816 119.111031 
17.153990 120.111031 
17.162140 121.111031 
17.170319 122.111031 
17.178497 123.111023 
17.186678 124.111015 
17.194849 125.111015 
17.202005 126.111015 
17.209161 127.111015 
17.216337 128.111023 
17.223508 129.111023 
17.230686 130.111023 
17.237865 131.111023 
17.245041 132.111023 
17.252218 133.111023 
17.259382 134.111023 
17.266560 135.111023 
17.273725 136.111023 
17.280898 137.111023 
17.288059 138.111023 
17.295212 139.111023 
17.302391 140.111023 
17.309555 141.111023 
17.316712 142.111023 
17.323875 143.111023 
17.330039 144.111023 
17.336205 145.111023 
17.342368 146.111023 
17.348547 147.111023 
17.354724 146.111023 
17.360888 145.111023 
17.367071 144.111023 
17.373240 143.111023 
17.379415 142.111023 
17.386569 141.111023 
17.393748 140.111023 
17.400926 139.111023 
17.408092 138.111023 
17.415251 137.111023 
17.422406 136.111023 
17.429583 135.111023 
17.436744 134.111023 
17.443920 133.111023 
17.451088 132.111023 
17.458261 131.111023 
17.465426 130.111023 
17.472590 129.111023 
17.479767 127.111023 
17.493996 127.111023 
17.501161 126.111023 
17.508317 125.111023 
17.515482 124.111015 
17.523670 123.111008 
17.531809 122.111008 
17.539976 121.111015 
17.548144 120.111015 
17.556302 119.111023 
17.564450 118.111031 
17.572630 117.111031 
17.580820 116.111038 
17.588991 115.111038 
17.597170 114.111038 
17.605350 113.111038 
17.613529 112.111038 
17.621719 111.111038 
17.630898 110.111038 
17.640075 109.111046 
17.649230 108.111053 
17.658387 107.111053 
17.667545 106.111061 
17.676702 105.111061 
17.685859 104.111061 
17.695038 103.111061 
17.704217 102.111061 
17.713362 101.111061 
17.722517 100.111061 
17.731697 99.111061 
17.741855 98.111061 
17.752001 97.111061 
17.762171 96.111061 
17.772346 95.111069 
17.782513 94.111069 
17.792693 93.111069 
17.802853 92.111069 
17.812999 91.111069 
17.823193 90.111069 
17.834366 89.111069 
17.845514 88.111069 
17.856665 87.111069 
17.867831 86.111069 
17.878980 85.111069 
17.890154 84.111069 
17.901319 83.111069 
17.913498 82.111069 
17.925677 81.111069 
17.937869 80.111069 
17.950048 79.111069 
17.962229 78.111069 
17.974408 77.111069 
17.986604 76.111069 
17.999785 74.111069 
18.025954 74.111069 
18.039112 73.111069 
18.052266 72.111069 
18.065416 71.111069 
18.079573 70.111069 
18.093729 69.111069 
18.107883 68.111069 
18.122041 67.111069 
18.136197 66.111069 
18.151346 65.111069 
18.166504 64.111069 
18.181660 63.111069 
18.196818 62.111073 
18.212987 61.111069 
18.229155 60.111065 
18.245326 59.111065 
18.261484 58.111061 
18.278636 57.111061 
18.295810 56.111061 
18.312997 55.111061 
18.331210 54.111057 
18.349381 53.111061 
18.367552 52.111065 
18.386733 51.111065 
18.405916 50.111065 
18.425089 49.111061 
18.445300 48.111065 
18.465468 47.111065 
18.486648 46.111065 
18.507840 45.111065 
18.530018 44.111065 
18.552188 43.111065 
18.575342 42.111065 
18.598499 41.111065 
18.622648 40.111065 
18.646820 39.111065 
18.671967 38.111065 
18.698128 37.111065 
18.724295 36.111065 
18.751460 35.111065 
18.779622 34.111065 
18.808790 33.111065 
18.838973 32.111065 
18.870155 31.111063 
18.902323 30.111063 
18.935492 29.111065 
18.969667 28.111065 
19.004826 27.111067 
19.041010 26.111069 
19.079183 25.111071 
19.118350 24.111071 
19.159517 23.111071 
19.202676 22.111071 
19.247879 21.111071 
19.295069 20.111071 
19.344261 19.111071 
19.396411 18.111071 
19.451574 17.111071 
19.509735 16.111071 
19.571892 15.111070 
19.638049 14.111070 
19.708227 13.111069 
19.784449 12.111069 
19.866699 11.111069 
19.956880 10.111069 
20.055093 9.111069 
20.164305 8.111069 
20.287531 7.111069 
20.427740 6.111069 
20.590942 5.111069 
20.786111 4.111069 
21.029282 3.111069 
21.350444 2.111069 
21.823622 1.111069 
22.723801 0.111069 
23.137066 1.111069 
24.037276 2.111069 
24.510503 3.111069 
24.831686 4.111069 
25.074842 5.111069 
25.270009 6.111069 
25.433174 7.111069 
25.573337 8.111069 
25.696491 9.111069 
25.805654 10.111069 
25.903812 11.111069 
25.993977 12.111069 
26.076140 13.111069 
26.152297 14.111069 
26.222462 15.111068 
26.288625 16.111069 
26.350784 17.111069 
26.408942 18.111069 
26.464120 19.111069 
26.516309 20.111069 
26.565485 21.111069 
26.612645 22.111069 
26.657811 23.111069 
26.701001 24.111069 
26.742176 25.111071 
26.781335 26.111071 
26.819503 27.111071 
26.855678 28.111071 
26.890861 29.111071 
26.925044 30.111071 
26.958218 31.111071 
26.990391 32.111069 
27.021544 33.111069 
27.051695 34.111069 
27.080848 35.111069 
27.109007 36.111069 
27.136174 37.111069 
27.162362 38.111069 
27.188521 39.111069 
27.213703 40.111069 
27.237877 41.111069 
27.262059 42.111069 
27.285216 43.111069 
27.308370 44.111069 
27.330531 45.111069 
27.352692 46.111069 
27.373845 47.111069 
27.395001 48.111069 
27.415167 49.111069 
27.435335 50.111069 
27.454490 51.111069 
27.473656 52.111069 
27.492823 53.111069 
27.510974 54.111069 
27.529152 55.111065 
27.547333 56.111065 
27.564512 57.111061 
27.581681 58.111061 
27.598831 59.111065 
27.614988 60.111065 
27.631146 61.111061 
27.647302 62.111065 
27.663459 63.111065 
27.678616 64.111069 
27.693773 65.111069 
27.708930 66.111069 
27.724084 67.111069 
27.738240 68.111069 
27.752390 69.111069 
27.766539 70.111069 
27.780697 71.111069 
27.794846 72.111069 
27.808009 73.111069 
27.821160 74.111069 
27.834317 75.111069 
27.847475 76.111069 
27.860631 77.111069 
27.872791 78.111069 
27.884941 79.111069 
27.897098 80.111069 
27.909255 81.111069 
27.921411 82.111069 
27.933569 83.111069 
27.945726 84.111069 
27.956883 85.111069 
27.968038 86.111069 
27.979201 87.111069 
27.990351 88.111069 
28.001509 89.111069 
28.012672 90.111069 
28.023836 91.111069 
28.033987 92.111069 
28.044142 93.111069 
28.054295 94.111069 
28.064443 95.111069 
28.074601 96.111069 
28.084756 97.111069 
28.094903 98.111069 
28.105061 99.111069 
28.115215 100.111061 
28.124361 101.111061 
28.133524 102.111061 
28.142680 103.111061 
28.151808 104.111061 
28.160956 105.111061 
28.170112 106.111061 
28.179266 107.111053 
28.188413 108.111053 
28.197569 109.111053 
28.206721 110.111053 
28.215867 111.111053 
28.225022 112.111053 
28.233178 113.111053 
28.241335 114.111046 
28.249482 115.111046 
28.257638 116.111046 
28.265794 117.111046 
28.273951 118.111038 
28.282107 119.111031 
28.290295 120.111031 
28.298458 121.111031 
28.306618 122.111031 
28.314775 123.111023 
28.322931 124.111015 
28.331088 125.111015 
28.338237 126.111015 
28.345393 127.111015 
28.352549 128.111023 
28.359702 129.111023 
28.366850 130.111023 
28.374012 131.111023 
28.381167 132.111023 
28.388323 133.111023 
28.395480 134.111023 
28.402628 135.111023 
28.409790 136.111023 
28.416945 137.111023 
28.424100 138.111023 
28.431249 139.111023 
28.438411 140.111023 
28.445567 141.111023 
28.452723 142.111023 
28.459870 143.111023 
28.466031 144.111023 
28.472186 145.111023 
28.478341 146.111023 
28.484499 147.111023 
28.490648 148.111023 
28.496811 149.111023 
28.502959 150.111023 
28.509107 151.111023 
28.515256 152.111023 
28.521404 153.111023 
28.527560 154.111023 
28.533716 155.111023 
28.539869 156.111023 
28.546023 157.111023 
28.552170 158.111023 
28.558326 159.111023 
28.564482 160.111023 
28.570638 161.111023 
28.576795 162.111023 
28.582941 163.111023 
28.589097 164.111023 
28.595252 165.111023 
28.601405 165.111023 
28.607562 164.111023 
28.613709 163.111023 
28.619863 162.111023 
28.626024 161.111023 
28.632179 160.111023 
28.638335 159.111023 
28.644483 158.111023 
28.650640 157.111023 
28.656795 156.111023 
28.662951 155.111023 
28.669113 154.111023 
28.675261 153.111023 
28.681424 152.111023 
28.687579 151.111023 
28.693735 150.111023 
28.699888 149.111023 
28.706035 148.111023 
28.712190 147.111023 
28.718346 146.111023 
28.724501 145.111023 
28.730659 144.111023 
28.736807 143.111023 
28.742963 142.111023 
28.750118 141.111023 
28.757274 140.111023 
28.764439 139.111023 
28.771587 138.111023 
28.778750 137.111023 
28.785905 136.111023 
28.793062 135.111023 
28.800209 134.111023 
28.807365 133.111023 
28.814521 132.111023 
28.821683 131.111023 
28.828832 130.111023 
28.835985 129.111023 
28.843138 128.111023 
28.850294 127.111023 
28.857442 126.111023 
28.864598 125.111023 
28.871761 124.111015 
28.879917 123.111008 
28.888077 122.111008 
28.896232 121.111015 
28.904381 120.111015 
28.912551 119.111023 
28.920699 118.111031 
28.928846 117.111031 
28.937002 116.111038 
28.945158 115.111038 
28.953318 114.111038 
28.961474 113.111038 
28.969630 112.111038 
28.977786 111.111038 
28.986934 110.111038 
28.996097 109.111046 
29.005255 108.111053 
29.014425 107.111053 
29.023603 106.111061 
29.032767 105.111061 
29.041946 104.111061 
29.051124 103.111061 
29.060287 102.111061 
29.069467 101.111061 
29.078646 100.111061 
29.087808 99.111061 
29.097965 98.111061 
29.108113 97.111061 
29.118270 96.111061 
29.128428 95.111069 
29.138578 94.111069 
29.148735 93.111069 
29.158893 92.111069 
29.169042 91.111069 
29.179206 90.111069 
29.190363 89.111069 
29.201512 88.111069 
29.212669 87.111069 
29.223810 86.111069 
29.234960 85.111069 
29.246125 84.111069 
29.257283 83.111069 
29.269442 82.111069 
29.281594 81.111069 
29.293742 80.111069 
29.305898 79.111069 
29.318067 78.111069 
29.330230 77.111069 
29.342387 76.111069 
29.355544 75.111069 
29.368701 74.111069 
29.381858 73.111069 
29.395020 72.111069 
29.408179 71.111069 
29.422327 70.111069 
29.436495 69.111069 
29.450663 68.111069 
29.464820 67.111069 
29.478975 66.111069 
29.494139 65.111069 
29.509297 64.111069 
29.524452 63.111069 
29.539608 62.111073 
29.555763 61.111069 
29.571926 60.111065 
29.588079 59.111065 
29.604234 58.111061 
29.621393 57.111061 
29.638555 56.111061 
29.655718 55.111061 
29.673875 54.111057 
29.692027 53.111061 
29.710194 52.111065 
29.729344 51.111065 
29.748520 50.111065 
29.767683 49.111061 
29.787839 48.111065 
29.808002 47.111065 
29.829176 46.111065 
29.850361 45.111065 
29.872549 44.111065 
29.894723 43.111065 
29.917889 42.111065 
29.941047 41.111065 
29.965198 40.111065 
29.989356 39.111065 
30.014518 38.111065 
30.040680 37.111065 
30.066838 36.111065 
30.093997 35.111065 
30.122163 34.111065 
30.151354 33.111065 
30.181528 32.111065 
30.212709 31.111063 
30.244890 30.111063 
30.278065 29.111065 
30.312231 28.111065 
30.347391 27.111067 
30.383552 26.111069 
30.421711 25.111071 
30.460870 24.111071 
30.502039 23.111071 
30.545206 22.111071 
30.590366 21.111071 
30.637536 20.111071 
30.686723 19.111071 
30.738922 18.111071 
30.794133 17.111071 
30.852319 16.111071 
30.914523 15.111070 
30.980733 14.111070 
31.050918 13.111069 
31.127130 12.111069 
31.209342 11.111069 
31.299523 10.111069 
31.397698 9.111069 
31.506925 8.111069 
31.630112 7.111069 
31.770322 6.111069 
31.933499 5.111069 
32.128684 4.111069 
32.371851 3.111069 
32.693036 2.111069 
33.166218 1.111069 
34.066401 0.111069 
34.479646 1.111069 
35.379844 2.111069 
35.853077 3.111069 
36.174274 4.111069 
36.417468 5.111069 
36.612657 6.111069 
36.775815 7.111069 
36.915978 8.111069 
37.039143 9.111069 
37.148304 10.111069 
37.246466 11.111069 
37.336631 12.111069 
37.418814 13.111069 
37.494967 14.111069 
37.565107 15.111068 
37.631247 16.111069 
37.693397 17.111069 
37.751571 18.111069 
37.806738 19.111069 
37.858912 20.111069 
37.908083 21.111069 
37.955244 22.111069 
38.000403 23.111069 
38.043567 24.111069 
38.084730 25.111071 
38.123895 26.111071 
38.162058 27.111071 
38.198224 28.111071 
38.233390 29.111071 
38.267553 30.111071 
38.300711 31.111071 
38.332849 32.111069 
38.363988 33.111069 
38.394138 34.111069 
38.423297 35.111069 
38.451448 36.111069 
38.478606 37.111069 
38.504774 38.111069 
38.530937 39.111069 
38.556089 40.111069 
38.580265 41.111069 
38.604433 42.111069 
38.627580 43.111069 
38.650722 44.111069 
38.672866 45.111069 
38.695011 46.111069 
38.716145 47.111069 
38.737280 48.111069 
38.757424 49.111069 
38.777565 50.111069 
38.796701 51.111069 
38.815849 52.111069 
38.835004 53.111069 
38.853153 54.111069 
38.871298 55.111065 
38.889454 56.111065 
38.906620 57.111061 
38.923768 58.111061 
38.940929 59.111065 
38.957074 60.111065 
38.973217 61.111061 
38.989362 62.111065 
39.005503 63.111065 
39.020645 64.111069 
39.035785 65.111069 
39.050945 66.111069 
39.066082 67.111069 
39.080216 68.111069 
39.094352 69.111069 
39.108527 70.111069 
39.122693 71.111069 
39.136853 72.111069 
39.149991 73.111069 
39.163125 74.111069 
39.176258 75.111069 
39.189393 76.111069 
39.202525 77.111069 
39.214661 78.111069 
39.226802 79.111069 
39.238938 80.111069 
39.251074 81.111069 
39.263207 82.111069 
39.275341 83.111069 
39.287486 84.111069 
39.298650 85.111069 
39.309797 86.111069 
39.320943 87.111069 
39.332082 88.111069 
39.343225 89.111069 
39.354367 90.111069 
39.365502 91.111069 
39.375648 92.111069 
39.385810 93.111069 
39.395968 94.111069 
39.406109 95.111069 
39.416250 96.111069 
39.426393 97.111069 
39.436537 98.111069 
39.446683 99.111069 
39.456835 100.111061 
39.465992 101.111061 
39.475154 102.111061 
39.484308 103.111061 
39.493453 104.111061 
39.502591 105.111061 
39.511729 106.111061 
39.520875 107.111053 
39.530038 108.111053 
39.539191 109.111053 
39.548333 110.111053 
39.557473 111.111053 
39.566611 112.111053 
39.574763 113.111053 
39.582910 114.111046 
39.591067 115.111046 
39.599229 116.111046 
39.607386 117.111046 
39.615534 118.111038 
39.623691 119.111031 
39.631845 120.111031 
39.640006 121.111031 
39.648160 122.111031 
39.656331 123.111023 
39.664487 124.111015 
39.672652 125.111015 
39.679802 126.111015 
39.686960 127.111015 
39.694115 128.111023 
39.701281 129.111023 
39.708429 130.111023 
39.715600 131.111023 
39.722756 132.111023 
39.729921 133.111023 
39.737082 134.111023 
39.744253 135.111023 
39.751431 136.111023 
39.758604 137.111023 
39.772806 138.111023 
39.779960 139.111023 
39.787122 140.111023 
39.794301 141.111023 
39.801472 142.111023 
39.808635 143.111023 
39.814814 144.111023 
39.820994 145.111023 
39.827152 146.111023 
39.833301 147.111023 
39.839464 148.111023 
39.845635 149.111023 
39.851792 150.111023 
39.857949 151.111023 
39.864105 152.111023 
39.870261 153.111023 
39.876418 154.111023 
39.882568 155.111023 
39.888718 156.111023 
39.894874 157.111023 
39.901031 158.111023 
39.907195 159.111023 
39.913377 160.111023 
39.919524 161.111023 
39.925703 162.111023 
39.931879 163.111023 
39.938047 164.111023 
39.944208 164.111023 
39.950389 163.111023 
39.956539 162.111023 
39.962719 161.111023 
39.968884 160.111023 
39.975065 159.111023 
39.981234 158.111023 
39.987413 157.111023 
39.993583 156.111023 
39.999748 155.111023 
40.005934 154.111023 
40.012123 153.111023 
40.018287 152.111023 
40.024466 151.111023 
40.030644 150.111023 
40.036810 149.111023 
40.042989 148.111023 
40.049153 147.111023 
40.055332 146.111023 
40.061495 145.111023 
40.067675 144.111023 
40.073835 143.111023 
40.080011 142.111023 
40.087188 141.111023 
40.094351 140.111023 
40.101532 139.111023 
40.108687 138.111023 
40.115863 137.111023 
40.123031 136.111023 
40.130211 135.111023 
40.137359 134.111023 
40.144515 133.111023 
40.151679 132.111023 
40.158843 131.111023 
40.166023 130.111023 
40.173195 129.111023 
40.180373 128.111023 
40.187552 127.111023 
40.194716 126.111023 
40.201888 125.111023 
40.209066 124.111015 
40.217245 123.111008 
40.225424 122.111008 
40.233596 121.111015 
40.241774 120.111015 
40.249964 119.111023 
40.258121 118.111031 
40.266293 117.111031 
40.274471 116.111038 
40.282648 115.111038 
40.290828 114.111038 
40.298963 113.111038 
40.307103 112.111038 
40.315257 111.111038 
40.324408 110.111038 
40.333563 109.111046 
40.342732 108.111053 
40.351877 107.111053 
40.361024 106.111061 
40.370187 105.111061 
40.379351 104.111061 
40.388507 103.111061 
40.397663 102.111061 
40.406821 101.111061 
40.415967 100.111061 
40.425122 99.111061 
40.435287 98.111061 
40.445448 97.111061 
40.455605 96.111061 
40.465763 95.111069 
40.475922 94.111069 
40.486077 93.111069 
40.496235 92.111069 
40.506386 91.111069 
40.516543 90.111069 
40.527702 89.111069 
40.538851 88.111069 
40.550008 87.111069 
40.561166 86.111069 
40.572323 85.111069 
40.583480 84.111069 
40.594638 83.111069 
40.606795 82.111069 
40.618959 81.111069 
40.631115 80.111069 
40.643272 79.111069 
40.655429 78.111069 
40.667585 77.111069 
40.679752 76.111069 
40.692918 75.111069 
40.706081 74.111069 
40.719248 73.111069 
40.732398 72.111069 
40.745556 71.111069 
40.759713 70.111069 
40.773881 69.111069 
40.788027 68.111069 
40.802185 67.111069 
40.816336 66.111069 
40.831495 65.111069 
40.846647 64.111069 
40.861808 63.111069 
40.876960 62.111073 
40.893112 61.111069 
40.909274 60.111065 
40.925433 59.111065 
40.941592 58.111061 
40.958749 57.111061 
40.975905 56.111061 
40.993060 55.111061 
41.011217 54.111057 
41.029383 53.111061 
41.047536 52.111065 
41.066693 51.111065 
41.085860 50.111065 
41.105032 49.111061 
41.125195 48.111065 
41.145354 47.111065 
41.166515 46.111065 
41.187678 45.111065 
41.209837 44.111065 
41.232005 43.111065 
41.255155 42.111065 
41.278311 41.111065 
41.302477 40.111065 
41.326636 39.111065 
41.351793 38.111065 
41.377945 37.111065 
41.404101 36.111065 
41.431269 35.111065 
41.459430 34.111065 
41.488590 33.111065 
41.518753 32.111065 
41.549907 31.111063 
41.582075 30.111063 
41.615238 29.111065 
41.649399 28.111065 
41.684553 27.111067 
41.720707 26.111069 
41.758875 25.111071 
41.798036 24.111071 
41.839208 23.111071 
41.882371 22.111071 
41.927525 21.111071 
41.974696 20.111071 
42.023883 19.111071 
42.076047 18.111071 
42.131219 17.111071 
42.189382 16.111071 
42.251543 15.111070 
42.317698 14.111070 
42.387885 13.111069 
42.464057 12.111069 
42.546284 11.111069 
42.636567 10.111069 
42.734784 9.111069 
42.843966 8.111069 
42.967149 7.111069 
43.107354 6.111069 
43.270553 5.111069 
43.465718 4.111069 
43.708895 3.111069 
44.030078 2.111069 
44.503266 1.111069 
45.403468 0.111069 
45.816725 1.111069 
46.716922 2.111069 
47.190119 3.111069 
47.511351 4.111069 
47.754558 5.111069 
47.949732 6.111069 
48.112910 7.111069 
48.253093 8.111069 
48.376277 9.111069 
48.485458 10.111069 
48.583640 11.111069 
48.673818 12.111069 
48.755994 13.111069 
48.832165 14.111069 
48.902345 15.111068 
48.968524 16.111069 
49.030696 17.111069 
49.088869 18.111069 
49.144049 19.111069 
49.196229 20.111069 
49.245409 21.111069 
49.292578 22.111069 
49.337758 23.111069 
49.380936 24.111069 
49.422117 25.111071 
49.502339 26.111071 
49.540511 27.111071 
49.576699 28.111071 
49.611877 29.111071 
49.646057 30.111071 
49.679221 31.111071 
49.711408 32.111069 
49.742588 33.111069 
49.772760 34.111069 
49.801942 35.111069 
49.830114 36.111069 
49.857294 37.111069 
49.883457 38.111069 
49.909637 39.111069 
49.934816 40.111069 
49.959000 41.111069 
49.983183 42.111069 
50.006362 43.111069 
50.029544 44.111069 
50.051718 45.111069 
50.073909 46.111069 
50.095087 47.111069 
50.116274 48.111069 
50.136438 49.111069 
50.156617 50.111069 
50.175807 51.111069 
50.194982 52.111069 
50.214177 53.111069 
50.232343 54.111069 
50.250527 55.111065 
50.268713 56.111065 
50.285883 57.111061 
50.303062 58.111061 
50.320239 59.111065 
50.336417 60.111065 
50.352599 61.111061 
50.384840 62.111065 
50.401000 63.111065 
50.416170 64.111069 
50.431324 65.111069 
50.446496 66.111069 
50.461650 67.111069 
50.475841 68.111069 
50.490024 69.111069 
50.504205 70.111069 
50.518364 71.111069 
50.532535 72.111069 
50.559759 73.111069 
50.586981 74.111069 
50.600149 75.111069 
50.613304 76.111069 
50.626485 77.111069 
50.638643 78.111069 
50.650816 79.111069 
50.662986 80.111069 
50.675142 81.111069 
50.687306 82.111069 
50.699462 83.111069 
50.711620 84.111069 
50.722795 85.111069 
50.733968 86.111069 
50.745148 87.111069 
50.756322 88.111069 
50.767479 89.111069 
50.778642 90.111069 
50.789791 91.111069 
50.799968 92.111069 
50.810146 93.111069 
50.820294 94.111069 
50.830474 95.111069 
50.840688 96.111069 
50.850849 97.111069 
50.861014 98.111069 
50.871197 99.111069 
50.881368 100.111061 
50.890531 101.111061 
50.899720 102.111061 
50.917922 103.111061 
50.927101 104.111061 
50.945323 105.111061 
50.954479 106.111061 
50.963638 107.111053 
50.972798 108.111053 
50.981955 109.111053 
51.000191 110.111053 
51.009363 111.111053 
51.018536 112.111053 
51.035718 113.111053 
51.043866 114.111046 
51.052025 115.111046 
51.060203 116.111046 
51.068375 117.111046 
51.084600 118.111038 
51.092750 119.111031 
51.100906 120.111031 
51.117123 121.111031 
51.125279 122.111031 
51.141488 123.111023 
51.157721 124.111015 
51.165893 125.111015 
51.181116 126.111015 
51.188272 127.111015 
51.202495 128.111023 
51.216727 129.111023 
51.223896 130.111023 
51.231065 131.111023 
51.245280 132.111023 
51.252452 133.111023 
51.266667 134.111023 
51.273828 135.111023 
51.281008 136.111023 
51.295231 137.111023 
51.309440 138.111023 
51.316619 139.111023 
51.330845 140.111023 
51.338005 141.111023 
51.345184 142.111023 
51.358392 143.111023 
51.364558 144.111023 
51.370738 145.111023 
51.382961 146.111023 
51.395194 147.111023 
51.401365 148.111023 
51.413587 149.111023 
51.425822 150.111023 
51.431991 151.111023 
51.438160 152.111023 
51.450385 153.111023 
51.462593 154.111023 
51.468773 155.111023 
51.481004 156.111023 
51.493229 157.111023 
51.499401 158.111023 
51.511629 159.111023 
51.517782 160.111023 
51.523937 161.111023 
51.530091 162.111023 
51.542302 163.111023 
51.548454 164.111023 
51.554612 165.111023 
51.566828 166.111023 
51.573009 167.111023 
51.584212 168.111023 
51.595435 169.111023 
51.600615 170.111023 
51.610839 171.111023 
51.616016 172.111023 
51.621185 173.111023 
51.631409 174.111023 
51.636590 175.111023 
51.641739 175.111023 
51.651942 174.111023 
51.657111 173.111023 
51.667320 172.111023 
51.672510 171.111023 
51.682717 170.111023 
51.692897 169.111023 
51.698078 168.111023 
51.703229 167.111023 
51.714452 166.111023 
51.725685 165.111023 
51.736897 164.111023 
51.748121 163.111023 
51.754300 162.111023 
51.766532 161.111023 
51.778749 160.111023 
51.784929 159.111023 
51.797146 158.111023 
51.803318 157.111023 
51.815541 156.111023 
51.821723 155.111023 
51.833899 154.111023 
51.840079 153.111023 
51.852305 152.111023 
51.858454 151.111023 
51.870663 150.111023 
51.876842 149.111023 
51.889076 148.111023 
51.895249 147.111023 
51.907473 146.111023 
51.919705 145.111023 
51.931918 144.111023 
51.938080 143.111023 
51.951314 142.111023 
51.964531 141.111023 
51.977764 140.111023 
51.990980 139.111023 
51.998160 138.111023 
52.012386 137.111023 
52.026622 136.111023 
52.033802 135.111023 
52.040994 134.111023 
52.055218 133.111023 
52.062411 132.111023 
52.076629 131.111023 
52.083792 130.111023 
52.098009 129.111023 
52.112209 128.111023 
52.119388 127.111023 
52.133614 126.111023 
52.140793 125.111023 
52.156015 124.111015 
52.164204 123.111008 
52.172384 122.111008 
52.188609 121.111015 
52.196759 120.111015 
52.204915 119.111023 
52.221133 118.111031 
52.229299 117.111031 
52.245528 116.111038 
52.261753 115.111038 
52.269925 114.111038 
52.286134 113.111038 
52.294314 112.111038 
52.311540 111.111038 
52.320701 110.111038 
52.329880 109.111046 
52.348105 108.111053 
52.357273 107.111053 
52.375497 106.111061 
52.384667 105.111061 
52.402895 104.111061 
52.412057 103.111061 
52.421237 102.111061 
52.439468 101.111061 
52.448640 100.111061 
52.467856 99.111061 
52.478034 98.111061 
52.488215 97.111061 
52.508433 96.111061 
52.518609 95.111069 
52.538826 94.111069 
52.548991 93.111069 
52.569206 92.111069 
52.579386 91.111069 
52.600604 90.111069 
52.611783 89.111069 
52.633993 88.111069 
52.645172 87.111069 
52.656324 86.111069 
52.667505 85.111069 
52.689732 84.111069 
52.700906 83.111069 
52.713095 82.111069 
52.725268 81.111069 
52.749503 80.111069 
52.761670 79.111069 
52.773860 78.111069 
52.786033 77.111069 
52.810259 76.111069 
52.823441 75.111069 
52.836608 74.111069 
52.849781 73.111069 
52.876027 72.111069 
52.889200 71.111069 
52.903364 70.111069 
52.931581 69.111069 
52.945742 68.111069 
52.959903 67.111069 
52.974090 66.111069 
52.989255 65.111069 
53.004438 64.111069 
53.019601 63.111069 
53.034753 62.111073 
53.050912 61.111069 
53.067092 60.111065 
53.083273 59.111065 
53.099455 58.111061 
53.116638 57.111061 
53.133817 56.111061 
53.150966 55.111061 
53.169149 54.111057 
53.187330 53.111061 
53.205514 52.111065 
53.224698 51.111065 
53.243844 50.111065 
53.263031 49.111061 
53.302272 48.111065 
53.322456 47.111065 
53.343637 46.111065 
53.364805 45.111065 
53.386995 44.111065 
53.409170 43.111065 
53.432335 42.111065 
53.455526 41.111065 
53.479710 40.111065 
53.503895 39.111065 
53.529093 38.111065 
53.555279 37.111065 
53.581469 36.111065 
53.608644 35.111065 
53.636857 34.111065 
53.666050 33.111065 
53.696232 32.111065 
53.727415 31.111063 
53.759597 30.111063 
53.792780 29.111065 
53.826964 28.111065 
53.862158 27.111067 
53.898346 26.111069 
53.936544 25.111071 
53.975732 24.111071 
54.016908 23.111071 
54.060097 22.111071 
54.105295 21.111071 
54.152527 20.111071 
54.201719 19.111071 
54.253883 18.111071 
54.309070 17.111071 
54.367255 16.111071 
54.429466 15.111070 
54.495660 14.111070 
54.565866 13.111069 
54.642073 12.111069 
54.724283 11.111069 
54.814550 10.111069 
54.912743 9.111069 
55.021937 8.111069 
55.145148 7.111069 
55.285318 6.111069 
55.448484 5.111069 
55.643662 4.111069 
55.886837 3.111069 
56.207996 2.111069 
56.681182 1.111069 
57.581389 0.111069 
57.994631 1.111069 
58.894807 2.111069 
59.367988 3.111069 
59.689185 4.111069 
59.933559 5.111069 
60.128730 6.111069 
60.291916 7.111069 
60.432096 8.111069 
60.555262 9.111069 
60.664430 10.111069 
60.863659 11.111069 
60.953846 12.111069 
61.120081 13.111069 
61.196266 14.111069 
61.266446 15.111068 
61.332619 16.111069 
61.394790 17.111069 
61.452974 18.111069 
61.508160 19.111069 
61.560327 20.111069 
61.609495 21.111069 
61.656676 22.111069 
61.701860 23.111069 
61.745036 24.111069 
61.786211 25.111071 
61.825401 26.111071 
61.863564 27.111071 
61.899727 28.111071 
61.934880 29.111071 
61.969042 30.111071 
62.002195 31.111071 
62.034354 32.111069 
62.065520 33.111069 
62.095688 34.111069 
62.153907 35.111069 
62.182087 36.111069 
62.236334 37.111069 
62.262511 38.111069 
62.288705 39.111069 
62.313889 40.111069 
62.338082 41.111069 
62.362250 42.111069 
62.409485 43.111069 
62.432646 44.111069 
62.454797 45.111069 
62.498010 46.111069 
62.519166 47.111069 
62.540315 48.111069 
62.560470 49.111069 
62.580636 50.111069 
62.599838 51.111069 
62.618990 52.111069 
62.638149 53.111069 
62.675369 54.111069 
62.693535 55.111065 
62.711716 56.111065 
62.728902 57.111061 
62.746083 58.111061 
62.763277 59.111065 
62.779403 60.111065 
62.811610 61.111061 
62.827781 62.111065 
62.843950 63.111065 
62.859114 64.111069 
62.889330 65.111069 
62.919549 66.111069 
62.934703 67.111069 
62.948862 68.111069 
62.963009 69.111069 
62.977181 70.111069 
62.991343 71.111069 
63.018559 72.111069 
63.045777 73.111069 
63.072992 74.111069 
63.086165 75.111069 
63.112379 76.111069 
63.137596 77.111069 
63.149762 78.111069 
63.173978 79.111069 
63.186158 80.111069 
63.210369 81.111069 
63.222553 82.111069 
63.234714 83.111069 
63.257947 84.111069 
63.281201 85.111069 
63.292362 86.111069 
63.314592 87.111069 
63.325754 88.111069 
63.347989 89.111069 
63.359149 90.111069 
63.380368 91.111069 
63.390542 92.111069 
63.410759 93.111069 
63.430976 94.111069 
63.451202 95.111069 
63.471429 96.111069 
63.491654 97.111069 
63.511880 98.111069 
63.532104 99.111069 
63.551324 100.111061 
63.560483 101.111061 
63.578687 102.111061 
63.596901 103.111061 
63.615117 104.111061 
63.633335 105.111061 
63.651559 106.111061 
63.669783 107.111053 
63.687998 108.111053 
63.697160 109.111053 
63.715382 110.111053 
63.733606 111.111053 
63.750831 112.111053 
63.768057 113.111053 
63.785287 114.111046 
63.793459 115.111046 
63.809680 116.111046 
63.825889 117.111046 
63.842099 118.111038 
63.858312 119.111031 
63.874513 120.111031 
63.890729 121.111031 
63.906945 122.111031 
63.915103 123.111023 
63.931320 124.111015 
63.946543 125.111015 
63.961761 126.111015 
63.976983 127.111015 
63.992198 128.111023 
64.007419 129.111023 
64.022644 130.111023 
64.037868 131.111023 
64.053091 132.111023 
64.068303 133.111023 
64.083520 134.111023 
64.098735 135.111023 
64.113951 136.111023 
64.129178 137.111023 
64.144397 138.111023 
64.159626 139.111023 
64.174839 140.111023 
64.181996 141.111023 
64.196213 142.111023 
64.209424 143.111023 
64.222657 144.111023 
64.235881 145.111023 
64.242057 146.111023 
64.254275 147.111023 
64.266498 148.111023 
64.278720 149.111023 
64.290936 150.111023 
64.297116 151.111023 
64.309341 152.111023 
64.321563 153.111023 
64.333787 154.111023 
64.346018 155.111023 
64.358220 156.111023 
64.370451 157.111023 
64.382677 158.111023 
64.394885 159.111023 
64.407125 160.111023 
64.419361 161.111023 
64.431562 162.111023 
64.443792 163.111023 
64.456015 164.111023 
64.462185 165.111023 
64.474411 166.111023 
64.480591 167.111023 
64.491808 168.111023 
64.503031 169.111023 
64.508192 170.111023 
64.518416 171.111023 
64.528641 172.111023 
64.533823 173.111023 
64.544021 174.111023 
64.554228 175.111023 
64.564453 176.111023 
64.574654 177.111023 
64.584882 178.111023 
64.595107 179.111023 
64.605307 180.111023 
64.615515 181.111008 
64.625741 182.111008 
64.635937 183.111008 
64.641106 184.111008 
64.651315 185.111008 
64.656497 186.111008 
64.666697 187.111008 
64.676898 188.111008 
64.687123 189.111008 
64.697323 190.111008 
64.707540 191.111008 
64.717763 192.111008 
64.722923 193.111008 
64.733146 194.111008 
64.743372 195.111008 
64.753582 196.110992 
64.763792 197.110992 
64.774008 198.110992 
64.784233 199.110992 
64.793459 200.110992 
64.802683 201.110992 
64.811904 202.110992 
64.816047 202.110992 
64.824244 201.110992 
64.832454 200.110992 
64.841663 199.110992 
64.850863 198.110992 
64.860071 197.110992 
64.869293 196.110992 
64.878495 195.110992 
64.887704 194.110992 
64.892873 193.110992 
64.898033 192.110992 
64.908259 191.110992 
64.918481 190.110992 
64.928698 189.110992 
64.938908 188.110992 
64.949123 187.110992 
64.959333 186.110992 
64.969544 185.110992 
64.979749 184.110992 
64.984910 183.110992 
64.995141 182.110992 
65.005341 181.110992 
65.010521 180.110992 
65.020746 179.110992 
65.030959 178.110992 
65.041160 177.110992 
65.051383 176.110992 
65.061602 175.110992 
65.071808 174.110992 
65.082011 173.110992 
65.092212 172.110992 
65.102433 171.110992 
65.112656 170.110992 
65.122862 169.110992 
65.133083 168.110992 
65.138248 167.110992 
65.149450 166.110992 
65.160658 165.110992 
65.171863 164.110992 
65.183066 163.110992 
65.194265 162.110992 
65.205477 161.110992 
65.216679 160.110992 
65.227877 159.110992 
65.239084 158.110992 
65.250326 157.110992 
65.256509 156.110992 
65.262670 155.110992 
65.274886 154.110992 
65.287100 153.110992 
65.299314 152.110992 
65.311518 151.110992 
65.323732 150.110992 
65.335943 149.110992 
65.342114 148.110992 
65.354323 147.110992 
65.366548 146.110992 
65.378758 145.110992 
65.390975 144.110992 
65.403176 143.110992 
65.409356 142.110992 
65.422583 141.110992 
65.435792 140.110992 
65.448994 139.110992 
65.462196 138.110992 
65.475405 137.110992 
65.488623 136.110992 
65.501847 135.110992 
65.515066 134.110992 
65.522232 133.110992 
65.536418 132.110992 
65.550605 131.110992 
65.557778 130.110992 
65.571996 129.110992 
65.586207 128.110992 
65.600432 127.110992 
65.614657 126.110992 
65.628882 125.110992 
65.644140 124.110985 
65.652308 123.110985 
65.668490 122.110992 
65.676671 121.111000 
65.692897 120.111000 
65.709100 119.111008 
65.725310 118.111015 
65.741510 117.111023 
65.757757 116.111023 
65.765927 115.111023 
65.774106 114.111023 
65.790333 113.111031 
65.798483 112.111023 
65.815701 111.111031 
65.832927 110.111031 
65.850153 109.111031 
65.867353 108.111031 
65.884563 107.111031 
65.901787 106.111023 
65.919014 105.111023 
65.928172 104.111023 
65.946398 103.111023 
65.955550 102.111031 
65.973769 101.111031 
65.982921 100.111023 
66.002151 99.111023 
66.012311 98.111023 
66.032559 97.111023 
66.042726 96.111023 
66.052885 95.111023 
66.073103 94.111023 
66.083284 93.111023 
66.103496 92.111023 
66.113678 91.111023 
66.133897 90.111023 
66.145120 89.111023 
66.156287 88.111023 
66.167458 87.111023 
66.178640 86.111023 
66.189823 85.111023 
66.212026 84.111023 
66.223207 83.111023 
66.246449 82.111023 
66.269665 81.111023 
66.281826 80.111023 
66.306036 79.111023 
66.318204 78.111023 
66.342424 77.111023 
66.354623 76.111023 
66.379849 75.111023 
66.405070 74.111023 
66.430314 73.111023 
66.443481 72.111023 
66.456663 71.111023 
66.483897 70.111023 
66.498059 69.111023 
66.526264 68.111023 
66.540446 67.111023 
66.554625 66.111023 
66.569790 65.111023 
66.584951 64.111023 
66.615153 63.111023 
66.630305 62.111019 
66.661540 61.111019 
66.692755 60.111019 
66.708908 59.111015 
66.742137 58.111019 
66.759311 57.111019 
66.776494 56.111019 
66.811753 55.111019 
66.829925 54.111019 
66.848076 53.111023 
66.885306 52.111023 
66.922526 51.111027 
66.941727 50.111023 
66.960925 49.111023 
66.981097 48.111023 
67.001262 47.111019 
67.042479 46.111019 
67.063665 45.111019 
67.085874 44.111019 
67.108045 43.111019 
67.131211 42.111019 
67.178467 41.111019 
67.202639 40.111019 
67.226799 39.111019 
67.277003 38.111019 
67.303185 37.111019 
67.356456 36.111019 
67.383662 35.111019 
67.411842 34.111019 
67.469130 33.111019 
67.499349 32.111019 
67.530531 31.111019 
67.562698 30.111019 
67.595874 29.111019 
67.630038 28.111019 
67.665198 27.111019 
67.701360 26.111019 
67.739570 25.111019 
67.778750 24.111019 
67.819919 23.111019 
67.863092 22.111019 
67.908267 21.111019 
67.955468 20.111019 
68.004645 19.111019 
68.056811 18.111019 
68.111994 17.111019 
68.170186 16.111019 
68.232408 15.111019 
68.298590 14.111020 
68.368775 13.111020 
68.444963 12.111020 
68.527166 11.111020 
68.617408 10.111020 
68.715587 9.111020 
68.824779 8.111020 
68.948004 7.111020 
69.088194 6.111021 
69.251373 5.111021 
69.446566 4.111021 
69.689755 3.111021 
70.010939 2.111021 
70.484101 1.111021 
71.384300 0.111021 
71.801553 1.111021 
72.701748 2.111021 
73.174951 3.111021 
73.496135 4.111021 
73.739302 5.111021 
73.934484 6.111021 
74.097652 7.111021 
74.237838 8.111021 
74.361014 9.111021 
74.470184 10.111021 
74.568354 11.111021 
74.658507 12.111021 
74.740677 13.111020 
74.816840 14.111020 
74.887005 15.111019 
74.953167 16.111019 
75.077382 17.111019 
75.198596 18.111019 
75.316810 19.111019 
75.368971 20.111019 
75.418135 21.111019 
75.465296 22.111019 
75.557510 23.111019 
75.600674 24.111019 
75.682889 25.111019 
75.722052 26.111019 
75.760206 27.111019 
75.796367 28.111019 
75.866589 29.111019 
75.900743 30.111019 
75.967964 31.111019 
76.000126 32.111019 
76.031289 33.111019 
76.092501 34.111019 
76.121656 35.111019 
76.149808 36.111019 
76.204029 37.111019 
76.258235 38.111019 
76.284399 39.111019 
76.334613 40.111019 
76.358782 41.111019 
76.382935 42.111019 
76.406100 43.111019 
76.429265 44.111019 
76.451436 45.111019 
76.494655 46.111019 
76.537901 47.111019 
76.559086 48.111019 
76.600322 49.111015 
76.640551 50.111015 
76.680770 51.111015 
76.699945 52.111015 
76.719094 53.111015 
76.756325 54.111015 
76.793553 55.111015 
76.811729 56.111019 
76.846978 57.111019 
76.864140 58.111019 
76.897355 59.111015 
76.930561 60.111019 
76.946724 61.111019 
76.962884 62.111019 
76.994110 63.111019 
77.009269 64.111023 
77.039496 65.111023 
77.069724 66.111023 
77.084883 67.111023 
77.114103 68.111023 
77.143337 69.111023 
77.172572 70.111023 
77.186755 71.111023 
77.200905 72.111023 
77.228131 73.111023 
77.255351 74.111023 
77.282593 75.111023 
77.309797 76.111023 
77.322947 77.111023 
77.348175 78.111023 
77.360350 79.111023 
77.384577 80.111023 
77.408791 81.111023 
77.433005 82.111023 
77.445158 83.111023 
77.468393 84.111023 
77.491597 85.111023 
77.514801 86.111023 
77.538014 87.111023 
77.561234 88.111023 
77.572415 89.111023 
77.594627 90.111023 
77.615858 91.111023 
77.637070 92.111023 
77.658282 93.111023 
77.679503 94.111023 
77.689686 95.111023 
77.709900 96.111023 
77.730101 97.111023 
77.750321 98.111023 
77.770557 99.111023 
77.789759 100.111023 
77.808983 101.111023 
77.828209 102.111031 
77.847427 103.111031 
77.866660 104.111031 
77.885887 105.111031 
77.905106 106.111023 
77.924333 107.111023 
77.943534 108.111031 
77.962768 109.111031 
77.981979 110.111031 
78.001189 111.111031 
78.019400 112.111023 
78.037618 113.111031 
78.055841 114.111038 
78.074055 115.111038 
78.092269 116.111038 
78.110495 117.111031 
78.128721 118.111031 
78.146940 119.111031 
78.165174 120.111031 
78.183418 121.111031 
78.201644 122.111031 
78.219859 123.111023 
78.238071 124.111015 
78.255284 125.111015 
78.272489 126.111015 
78.289702 127.111015 
78.306909 128.111023 
78.324125 129.111023 
78.341343 131.111023 
78.358556 131.111023 
78.375776 133.111023 
78.392998 133.111023 
78.410212 134.111023 
78.427418 135.111023 
78.444636 136.111023 
78.461853 137.111023 
78.479071 138.111023 
78.496296 139.111023 
78.513511 140.111023 
78.530725 141.111023 
78.547926 142.111023 
78.555089 143.111023 
78.568302 144.111023 
78.581535 145.111023 
78.594751 146.111023 
78.607965 147.111023 
78.621178 148.111023 
78.627332 149.111023 
78.639545 150.111023 
78.651762 152.111023 
78.663993 152.111023 
78.676206 154.111023 
78.688420 154.111023 
78.700636 155.111023 
78.712850 156.111023 
78.725051 157.111023 
78.737284 158.111023 
78.749521 159.111023 
78.761753 160.111023 
78.773965 161.111023 
78.786165 162.111023 
78.798399 164.111023 
78.810614 164.111023 
78.822835 165.111023 
78.835052 166.111023 
78.846257 167.111023 
78.857481 168.111023 
78.868704 169.111023 
78.879924 170.111023 
78.891138 171.111023 
78.902363 172.111023 
78.913584 173.111023 
78.924800 174.111023 
78.936005 175.111023 
78.947219 176.111023 
78.958444 177.111023 
78.969660 178.111023 
78.980884 180.111023 
78.992099 180.111023 
79.003315 181.111008 
79.014532 182.111008 
79.025742 183.111008 
79.036956 184.111008 
79.048180 185.111008 
79.059406 186.111008 
79.070625 187.111008 
79.081845 188.111008 
79.093046 189.111008 
79.104266 190.111008 
79.115500 191.111008 
79.126719 192.111008 
79.137897 193.111008 
79.149123 194.111008 
79.160341 195.111008 
79.171575 196.110992 
79.182779 197.110992 
79.194012 198.110992 
79.205245 199.110992 
79.215457 200.110992 
79.225675 201.110992 
79.235891 202.110992 
79.246089 203.110992 
79.256307 204.110992 
79.266533 205.110992 
79.276735 206.110992 
79.286953 207.110992 
79.297188 208.110992 
79.307400 209.110992 
79.317632 210.110992 
79.327856 211.111008 
79.338053 212.111008 
79.348271 213.111023 
79.358490 214.111023 
79.368720 215.111023 
79.378945 216.111023 
79.383120 217.111023 
79.391290 218.111008 
79.399462 219.111008 
79.407641 220.110992 
79.415809 221.110992 
79.423976 221.110992 
79.432151 220.110992 
79.440314 219.110992 
79.448508 218.110992 
79.456670 217.110992 
79.464864 216.110977 
79.473060 215.110977 
79.481242 214.110977 
79.489415 213.110977 
79.497603 212.110977 
79.505799 211.110977 
79.513981 210.110992 
79.522176 209.110992 
79.530363 208.110992 
79.538561 207.110992 
79.546743 206.110992 
79.554940 205.110992 
79.563134 204.110992 
79.571316 203.110992 
79.579498 202.110992 
79.587662 201.110992 
79.595855 200.110992 
79.605031 199.110992 
79.614194 198.110992 
79.623381 197.110992 
79.632560 196.110992 
79.641755 195.110992 
79.650935 194.110992 
79.660119 193.110992 
79.669307 192.110992 
79.678501 191.110992 
79.687696 190.110992 
79.696875 189.110992 
79.706046 188.110992 
79.715233 187.110992 
79.724430 186.110992 
79.733639 185.110992 
79.742833 184.110992 
79.752009 183.110992 
79.761178 182.110992 
79.770364 181.110992 
79.779558 180.110992 
79.788737 179.110992 
79.797908 178.110992 
79.807102 177.110992 
79.816280 176.110992 
79.825455 175.110992 
79.834650 174.110992 
79.843843 173.110992 
79.853021 172.110992 
79.862216 171.110992 
79.871395 170.110992 
79.880582 169.110992 
79.889792 168.110992 
79.894970 167.110992 
79.900142 166.110992 
79.911362 165.110992 
79.922572 164.110992 
79.933798 163.110992 
79.945015 162.110992 
79.956249 161.110992 
79.967486 160.110992 
79.978690 159.110992 
79.989923 158.110992 
80.001148 157.110992 
80.012389 156.110992 
80.018560 155.110992 
80.030646 154.110992 
80.042733 153.110992 
80.054805 152.110992 
80.066885 151.110992 
80.078957 150.110992 
80.091031 149.110992 
80.103130 148.110992 
80.115201 147.110992 
80.127276 146.110992 
80.139347 145.110992 
80.151428 144.110992 
80.163526 143.110992 
80.176605 142.110992 
80.189676 141.110992 
80.202745 140.110992 
80.215810 139.110992 
80.228881 138.110992 
80.241949 137.110992 
80.255017 136.110992 
80.268100 135.110992 
80.281180 134.110992 
80.288363 133.110992 
80.302547 132.110992 
80.316725 131.110992 
80.330861 130.110992 
80.345039 129.110992 
80.359221 128.110992 
80.373417 127.110992 
80.387604 126.110992 
80.401828 125.110992 
80.409012 124.110985 
80.417170 123.110985 
80.433392 122.110992 
80.449625 121.111000 
80.465860 120.111000 
80.482086 119.111008 
80.498312 118.111015 
80.514560 117.111023 
80.530775 116.111023 
80.538950 115.111023 
80.555136 114.111023 
80.571341 113.111031 
80.587521 112.111023 
80.604685 111.111031 
80.621871 110.111031 
80.639052 109.111031 
80.656213 108.111031 
80.673384 107.111031 
80.690561 106.111023 
80.707739 105.111023 
80.724929 104.111023 
80.742107 103.111023 
80.759275 102.111031 
80.768436 101.111031 
80.786703 100.111023 
80.795869 99.111023 
80.806027 98.111023 
80.826255 97.111023 
80.846483 96.111023 
80.866697 95.111023 
80.886934 94.111023 
80.907191 93.111023 
80.917386 92.111023 
80.927540 91.111023 
80.948760 90.111023 
80.959940 89.111023 
80.982157 88.111023 
81.004397 87.111023 
81.015570 86.111023 
81.037801 85.111023 
81.060015 84.111023 
81.083253 83.111023 
81.106491 82.111023 
81.129724 81.111023 
81.152941 80.111023 
81.176163 79.111023 
81.188325 78.111023 
81.212539 77.111023 
81.237753 76.111023 
81.262989 75.111023 
81.288199 74.111023 
81.313419 73.111023 
81.326579 72.111023 
81.353796 71.111023 
81.367976 70.111023 
81.396194 69.111023 
81.424450 68.111023 
81.438636 67.111023 
81.452796 66.111023 
81.467963 65.111023 
81.483115 64.111023 
81.513337 63.111023 
81.544583 62.111019 
81.575821 61.111019 
81.591994 60.111019 
81.608173 59.111015 
81.641409 58.111019 
81.674627 57.111019 
81.707835 56.111019 
81.724996 55.111019 
81.760232 54.111019 
81.795450 53.111023 
81.831665 52.111023 
81.850819 51.111027 
81.870007 50.111023 
81.909187 49.111023 
81.948385 48.111023 
81.968557 47.111019 
82.009750 46.111019 
82.030948 45.111019 
82.074230 44.111019 
82.096417 43.111019 
82.119587 42.111019 
82.166832 41.111019 
82.191002 40.111019 
82.215189 39.111019 
82.240360 38.111019 
82.266538 37.111019 
82.319806 36.111019 
82.346975 35.111019 
82.375126 34.111019 
82.433337 33.111019 
82.463510 32.111019 
82.494682 31.111019 
82.526868 30.111019 
82.593145 29.111019 
82.627325 28.111019 
82.662513 27.111019 
82.735783 26.111019 
82.773980 25.111019 
82.813146 24.111019 
82.854337 23.111019 
82.897563 22.111019 
82.942743 21.111019 
82.989963 20.111019 
83.039180 19.111019 
83.091390 18.111019 
83.146607 17.111019 
83.204801 16.111019 
83.267005 15.111019 
83.333230 14.111020 
83.403425 13.111020 
83.479648 12.111020 
83.561817 11.111020 
83.652017 10.111020 
83.750265 9.111020 
83.859502 8.111020 
83.982697 7.111020 
84.122888 6.111021 
84.286090 5.111021 
84.481258 4.111021 
84.724435 3.111021 
85.045612 2.111021 
85.518782 1.111021 
86.418959 0.111021 
86.836223 1.111021 
87.736401 2.111021 
88.209607 3.111021 
88.530791 4.111021 
88.773985 5.111021 
88.969176 6.111021 
89.304418 7.111021 
89.444606 8.111021 
89.567780 10.111021 
89.789009 10.111021 
90.002233 11.111021 
90.092405 12.111021 
90.174581 13.111020 
90.326795 14.111020 
90.475035 15.111019 
90.541202 16.111019 
90.665428 17.111019 
90.786645 18.111019 
90.904862 19.111019 
91.020068 20.111019 
91.069227 21.111019 
91.163450 22.111019 
91.255675 23.111019 
91.345889 24.111019 
91.434104 25.111019 
91.521344 26.111019 
91.606584 27.111019 
91.690822 28.111019 
91.774037 29.111019 
91.856284 30.111019 
91.937518 31.111019 
92.017757 32.111019 
92.096986 33.111019 
92.175234 34.111019 
92.252472 35.111019 
92.328707 36.111019 
92.404947 37.111019 
92.480187 38.111019 
92.554418 39.111019 
92.627666 40.111019 
92.700907 41.111019 
92.773146 42.111019 
92.845384 43.111019 
92.916626 44.111019 
92.938808 45.111019 
92.982050 46.111019 
93.025259 47.111019 
93.067502 48.111019 
93.109739 49.111015 
93.150986 50.111015 
93.170172 51.111015 
93.208424 52.111015 
93.245662 53.111015 
93.282889 54.111015 
93.320122 55.111015 
93.356355 56.111019 
93.392578 57.111019 
93.428807 58.111019 
93.464044 59.111015 
93.480211 60.111019 
93.512467 61.111019 
93.544700 62.111019 
93.575908 63.111019 
93.607145 64.111023 
93.638386 65.111023 
93.669627 66.111023 
93.699846 68.111023 
93.730082 68.111023 
93.760342 69.111023 
93.790561 70.111023 
93.820787 71.111023 
93.850028 72.111023 
93.879250 73.111023 
93.908497 74.111023 
93.937719 75.111023 
93.966940 76.111023 
93.995166 77.111023 
94.023391 78.111023 
94.051608 79.111023 
94.079839 80.111023 
94.108049 81.111023 
94.120225 82.111023 
94.144473 83.111023 
94.167699 84.111023 
94.190917 85.111023 
94.214141 86.111023 
94.237380 87.111023 
94.260616 88.111023 
94.283848 89.111023 
94.307075 90.111023 
94.329291 91.111023 
94.351518 92.111023 
94.373750 93.111023 
94.395983 95.111023 
94.418211 95.111023 
94.440437 96.111023 
94.462664 97.111023 
94.484888 98.111023 
94.507120 99.111023 
94.528345 100.111023 
94.549577 101.111023 
94.570783 102.111031 
94.592008 103.111031 
94.613230 104.111031 
94.634434 105.111031 
94.655679 106.111023 
94.676903 107.111023 
94.698132 108.111031 
94.719372 109.111031 
94.740611 110.111031 
94.761844 111.111031 
94.782051 112.111023 
94.802289 113.111031 
94.822521 114.111038 
94.842745 115.111038 
94.863029 116.111038 
94.883249 117.111031 
94.903463 118.111031 
94.923699 119.111031 
94.943946 120.111031 
94.964148 121.111031 
94.984381 122.111031 
95.004610 123.111023 
95.024814 124.111015 
95.044029 125.111015 
95.063254 126.111015 
95.082476 127.111015 
95.101690 128.111023 
95.120902 129.111023 
95.140119 130.111023 
95.159358 131.111023 
95.178580 132.111023 
95.197810 133.111023 
95.217046 134.111023 
95.236273 135.111023 
95.255544 136.111023 
95.274771 137.111023 
95.294008 138.111023 
95.313246 139.111023 
95.332458 140.111023 
95.351704 141.111023 
95.370934 142.111023 
95.389155 143.111023 
95.407373 144.111023 
95.425588 145.111023 
95.443830 146.111023 
95.462056 147.111023 
95.480286 148.111023 
95.498528 149.111023 
95.516751 150.111023 
95.535001 151.111023 
95.553225 152.111023 
95.571451 153.111023 
95.589668 154.111023 
95.607871 155.111023 
95.626098 156.111023 
95.644335 157.111023 
95.662566 158.111023 
95.680784 159.111023 
95.699007 160.111023 
95.717229 161.111023 
95.735451 162.111023 
95.753685 163.111023 
95.771898 164.111023 
95.790141 165.111023 
95.808370 166.111023 
95.825609 167.111023 
95.842838 168.111023 
95.860064 169.111023 
95.877267 170.111023 
95.894490 171.111023 
95.911696 172.111023 
95.928916 173.111023 
95.946183 174.111023 
95.951358 175.111023 
95.961579 176.111023 
95.971837 177.111023 
95.982059 178.111023 
95.992265 179.111023 
96.002493 180.111023 
96.012724 181.111008 
96.022921 182.111008 
96.033132 183.111008 
96.043363 184.111008 
96.053559 185.111008 
96.063774 187.111008 
96.073982 187.111008 
96.079136 188.111008 
96.089355 189.111008 
96.099574 190.111008 
96.109793 191.111008 
96.120010 192.111008 
96.130225 193.111008 
96.140459 194.111008 
96.150693 195.111008 
96.160896 196.110992 
96.171133 197.110992 
96.181368 198.110992 
96.191602 199.110992 
96.200822 200.110992 
96.210040 201.110992 
96.219274 202.110992 
96.228509 203.110992 
96.237722 204.110992 
96.246956 205.110992 
96.256198 206.110992 
96.265419 207.110992 
96.274644 208.110992 
96.283857 209.110992 
96.293070 210.110992 
96.302288 211.111008 
96.311505 212.111008 
96.320728 213.111023 
96.329942 214.111023 
96.339176 215.111023 
96.348418 216.111023 
96.357638 217.111023 
96.366872 218.111008 
96.376106 219.111008 
96.385341 220.110992 
96.394575 221.110992 
96.403807 222.110992 
96.413034 223.110977 
96.422248 224.110962 
96.431467 225.110962 
96.440695 226.110962 
96.449963 227.110962 
96.454133 228.110962 
96.458298 229.110962 
96.466533 230.110977 
96.474747 231.110962 
96.482971 232.110962 
96.491206 233.110962 
96.499417 234.110962 
96.507637 235.110977 
96.515795 236.110962 
96.523994 237.110947 
96.532201 238.110962 
96.540405 239.110947 
96.548617 240.110947 
96.556829 241.110962 
96.565066 241.110962 
96.569278 240.110962 
96.573481 239.110947 
96.581710 238.110962 
96.589943 237.110947 
96.598159 236.110947 
96.602326 235.110947 
96.610560 234.110947 
96.618788 233.110931 
96.627006 232.110931 
96.631170 231.110947 
96.639391 230.110947 
96.647609 229.110962 
96.655808 228.110962 
96.659969 227.110962 
96.668176 226.110962 
96.676394 225.110962 
96.684612 224.110962 
96.688770 223.110962 
96.692928 222.110962 
96.701137 221.110977 
96.709344 220.110977 
96.717549 219.110992 
96.721705 218.110992 
96.729915 217.110992 
96.734071 216.110977 
96.742281 215.110977 
96.750485 214.110977 
96.754659 213.110977 
96.758825 212.110977 
96.767058 211.110977 
96.775292 210.110992 
96.783504 209.110992 
96.787671 208.110992 
96.795888 207.110992 
96.804091 206.110992 
96.812323 205.110992 
96.816490 204.110992 
96.824689 203.110992 
96.832906 202.110992 
96.841139 201.110992 
96.845299 200.110992 
96.854504 199.110992 
96.863717 198.110992 
96.872921 197.110992 
96.882125 196.110992 
96.891352 195.110992 
96.900581 194.110992 
96.909789 193.110992 
96.918993 192.110992 
96.928219 191.110992 
96.937448 190.110992 
96.946676 189.110992 
96.955910 188.110992 
96.961080 187.110992 
96.966250 186.110992 
96.976454 185.110992 
96.986679 184.110992 
96.996898 183.110992 
97.007110 182.110992 
97.017327 181.110992 
97.027553 180.110992 
97.037764 179.110992 
97.047994 178.110992 
97.058210 177.110992 
97.068436 176.110992 
97.078654 175.110992 
97.088881 174.110992 
97.099100 173.110992 
97.109324 172.110992 
97.119536 171.110992 
97.129738 170.110992 
97.139948 169.110992 
97.150176 168.110992 
97.160401 167.110992 
97.171611 166.110992 
97.182830 165.110992 
97.194057 164.110992 
97.205302 163.110992 
97.216527 162.110992 
97.227745 161.110992 
97.238961 160.110992 
97.250164 159.110992 
97.261382 158.110992 
97.272601 157.110992 
97.283808 156.110992 
97.295019 155.110992 
97.306239 154.110992 
97.317472 153.110992 
97.328708 152.110992 
97.339940 151.110992 
97.351187 150.110992 
97.357354 149.110992 
97.369552 148.110992 
97.381765 147.110992 
97.393993 146.110992 
97.406196 145.110992 
97.418424 144.110992 
97.430621 143.110992 
97.443808 142.110992 
97.457014 141.110992 
97.470258 140.110992 
97.477440 139.110992 
97.491555 138.110992 
97.505653 137.110992 
97.519768 135.110992 
97.533903 135.110992 
97.548031 134.110992 
97.562150 133.110992 
97.576257 132.110992 
97.590355 131.110992 
97.604478 130.110992 
97.618586 129.110992 
97.632716 128.110992 
97.646800 127.110992 
97.660915 126.110992 
97.675027 125.110992 
97.690149 124.110985 
97.705279 123.110985 
97.720409 122.110992 
97.735539 121.111000 
97.750637 120.111000 
97.765752 119.111008 
97.780881 118.111015 
97.796016 117.111023 
97.811143 116.111023 
97.826257 115.111023 
97.841378 114.111023 
97.856524 113.111031 
97.864695 112.111023 
97.881792 111.111031 
97.898895 110.111031 
97.915984 109.111031 
97.933070 108.111031 
97.950174 107.111031 
97.967280 106.111023 
97.984363 105.111023 
98.001452 104.111023 
98.018555 103.111023 
98.035659 102.111031 
98.052763 101.111031 
98.069853 100.111023 
98.087954 99.111023 
98.106024 98.111023 
98.124144 97.111023 
98.142225 96.111023 
98.160316 95.111023 
98.178421 94.111023 
98.196505 93.111023 
98.214607 92.111023 
98.232711 91.111023 
98.251779 90.111023 
98.270877 89.111023 
98.289973 88.111023 
98.309063 87.111023 
98.328166 86.111023 
98.347238 85.111023 
98.366351 84.111023 
98.377530 83.111023 
98.389713 82.111023 
98.413928 81.111023 
98.438163 80.111023 
98.462386 79.111023 
98.486625 78.111023 
98.510835 77.111023 
98.536049 76.111023 
98.561293 75.111023 
98.586531 74.111023 
98.611762 72.111023 
98.637014 72.111023 
98.663243 71.111023 
98.689467 70.111023 
98.715694 69.111023 
98.741929 68.111023 
98.768175 67.111023 
98.782338 66.111023 
98.811538 65.111023 
98.840748 64.111023 
98.869945 63.111023 
98.900163 62.111019 
98.916347 61.111019 
98.948578 60.111019 
98.980809 59.111015 
99.014059 58.111019 
99.031245 57.111019 
99.048409 56.111019 
99.083648 55.111019 
99.118880 54.111019 
99.137081 53.111023 
99.174189 52.111023 
99.211298 51.111027 
99.248407 50.111023 
99.286529 49.111023 
99.306713 48.111023 
99.347951 47.111019 
99.389221 46.111019 
99.410410 45.111019 
99.432575 44.111019 
99.454764 43.111019 
99.500009 42.111019 
99.523194 41.111019 
99.570435 40.111019 
99.618678 39.111019 
99.667912 38.111019 
99.717129 37.111019 
99.767346 36.111019 
99.818566 35.111019 
99.846729 34.111019 
99.903962 33.111019 
99.934155 32.111019 
99.965327 31.111019 
100.029541 30.111019 
100.062757 29.111019 
100.130977 28.111019 
100.200195 27.111019 
100.236352 26.111019 
100.311570 25.111019 
100.350737 24.111019 
100.432944 23.111019 
100.476119 22.111019 
100.566344 21.111019 
100.613524 20.111019 
100.712764 19.111019 
100.764989 18.111019 
100.820182 17.111019 
100.878356 16.111019 
101.002591 15.111019 
101.068792 14.111020 
101.138994 13.111020 
101.291253 12.111020 
101.373451 11.111020 
101.463643 10.111020 
101.561865 9.111020 
101.671077 8.111020 
101.794250 7.111020 
101.934451 6.111021 
102.097670 5.111021 
102.292871 4.111021 
102.536065 3.111021 
103.252288 2.111021 
103.725476 1.111021 
104.625676 2.111021 
105.098854 3.111021 
105.420045 4.111021 
105.663217 5.111021 
106.069470 6.111021 
106.232658 7.111021 
106.518866 8.111021 
106.791080 9.111021 
107.052286 10.111021 
107.305491 11.111021 
107.550705 12.111021 
107.789908 13.111020 
108.023110 14.111020 
108.252312 15.111019 
108.477519 16.111019 
108.698721 17.111019 
108.916922 18.111019 
109.132125 19.111019 
109.344330 20.111019 
109.554532 21.111019 
109.762738 22.111019 
109.968942 23.111019 
110.173140 24.111019 
110.375353 25.111019 
110.576550 26.111019 
110.775764 28.111019 
110.974004 28.111019 
111.171230 29.111019 
111.367434 30.111019 
111.562668 31.111019 
111.756898 32.111019 
111.950098 33.111019 
112.142298 34.111019 
112.333500 35.111019 
112.523730 36.111019 
112.712961 37.111019 
112.902185 38.111019 
113.090410 39.111019 
113.277637 40.111019 
113.464865 41.111019 
113.651096 42.111019 
113.837323 43.111019 
114.022554 44.111019 
114.207784 45.111019 
114.391988 46.111019 
114.576216 47.111019 
114.759445 48.111019 
114.942672 49.111015 
115.124901 50.111015 
115.307120 51.111015 
115.489349 52.111015 
115.670555 53.111015 
115.851753 54.111015 
116.032978 55.111015 
116.213170 56.111019 
116.393387 57.111019 
116.573588 58.111019 
116.752800 59.111015 
116.932006 60.111019 
117.111209 61.111019 
117.290409 62.111019 
117.468612 63.111019 
117.646819 64.111023 
117.825045 65.111023 
118.003263 66.111023 
118.180474 67.111023 
118.357699 68.111023 
118.534897 69.111023 
118.712124 70.111023 
118.889351 71.111023 
119.065572 72.111023 
119.241793 73.111023 
119.418017 74.111023 
119.594233 75.111023 
119.770461 76.111023 
119.946678 77.111023 
120.121895 78.111023 
120.297125 79.111023 
120.472348 80.111023 
120.647575 81.111023 
120.822806 82.111023 
120.998034 83.111023 
121.172266 84.111023 
121.346492 85.111023 
121.520715 86.111023 
121.694937 87.111023 
121.869191 88.111023 
122.043416 89.111023 
122.217643 90.111023 
122.390862 91.111023 
122.564081 92.111023 
122.737290 93.111023 
122.910512 94.111023 
123.083737 95.111023 
123.256969 96.111023 
123.430204 97.111023 
123.440382 98.111023 
123.460591 99.111023 
123.479839 100.111023 
123.499070 101.111023 
123.518327 102.111031 
123.537539 103.111031 
123.556765 104.111031 
123.575989 105.111031 
123.595210 106.111023 
123.614431 107.111023 
123.633658 108.111031 
123.652884 109.111031 
123.672112 110.111031 
123.691342 111.111031 
123.709560 112.111023 
123.727795 113.111031 
123.746024 115.111038 
123.764251 115.111038 
123.782469 116.111038 
123.800695 117.111031 
123.818911 118.111031 
123.837136 119.111031 
123.855362 120.111031 
123.873582 121.111031 
123.891804 122.111031 
123.910026 123.111023 
123.928249 124.111015 
123.945484 125.111015 
123.962704 126.111015 
123.979934 127.111015 
123.997148 128.111023 
124.014367 129.111023 
124.031582 130.111023 
124.048808 131.111023 
124.066041 132.111023 
124.083249 133.111023 
124.100468 134.111023 
124.117678 135.111023 
124.134901 136.111023 
124.152125 137.111023 
124.169341 138.111023 
124.186565 139.111023 
124.203784 140.111023 
124.221010 141.111023 
124.238225 142.111023 
124.254451 143.111023 
124.270668 144.111023 
124.286892 145.111023 
124.303117 146.111023 
124.319334 147.111023 
124.335559 148.111023 
124.351803 150.111023 
124.368012 150.111023 
124.384230 151.111023 
124.400477 152.111023 
124.416682 153.111023 
124.432917 154.111023 
124.449130 155.111023 
124.465364 156.111023 
124.481567 157.111023 
124.497785 158.111023 
124.513987 159.111023 
124.530196 160.111023 
124.546407 161.111023 
124.562626 162.111023 
124.578858 163.111023 
124.595084 164.111023 
124.611317 165.111023 
124.627535 166.111023 
124.642755 167.111023 
124.657978 168.111023 
124.673221 169.111023 
124.688441 170.111023 
124.703682 171.111023 
124.718900 172.111023 
124.734117 173.111023 
124.749343 174.111023 
124.764576 175.111023 
124.779791 177.111023 
124.794998 177.111023 
124.810220 178.111023 
124.825450 179.111023 
124.840661 180.111023 
124.855892 181.111008 
124.871092 182.111008 
124.886308 183.111008 
124.901520 184.111008 
124.916761 185.111008 
124.931978 186.111008 
124.947201 187.111008 
124.962411 188.111008 
124.977646 189.111008 
124.992849 190.111008 
125.008059 191.111008 
125.023277 192.111008 
125.038518 193.111008 
125.053729 194.111008 
125.068962 195.111008 
125.084187 196.110992 
125.099413 197.110992 
125.114648 198.110992 
125.129890 199.110992 
125.144093 200.110992 
125.158311 201.110992 
125.172544 202.110992 
125.186763 203.110992 
125.200973 204.110992 
125.215207 205.110992 
125.229435 206.110992 
125.243638 207.110992 
125.257850 208.110992 
125.272059 209.110992 
125.286278 210.110992 
125.300491 211.111008 
125.314721 212.111008 
125.328948 213.111023 
125.343180 214.111023 
125.357399 215.111023 
125.371631 216.111023 
125.385850 217.111023 
125.400083 218.111008 
125.414317 219.111008 
125.428550 220.110992 
125.442784 221.110992 
125.457009 222.110992 
125.471225 223.110977 
125.485434 224.110962 
125.499652 225.110962 
125.513860 226.110962 
125.528087 227.110962 
125.542298 228.110962 
125.556514 229.110962 
125.570730 230.110977 
125.584945 231.110962 
125.599167 232.110962 
125.613393 233.110962 
125.627614 234.110962 
125.641848 235.110977 
125.656081 236.110962 
125.670314 237.110947 
125.684539 238.110962 
125.698756 239.110947 
125.712981 240.110947 
125.727199 241.110962 
125.741413 242.110947 
125.755631 243.110931 
125.769847 244.110947 
125.784070 245.110931 
125.798284 246.110916 
125.812499 247.110916 
125.826722 248.110916 
125.840952 249.110916 
125.854154 250.110916 
125.867379 251.110916 
125.880586 252.110916 
125.893812 254.110916 
125.907013 254.110916 
125.920245 255.110916 
125.933480 256.110901 
125.946690 257.110901 
125.959906 258.110901 
125.973138 259.110901 
125.986341 260.110901 
125.999544 261.110901 
126.012763 262.110901 
126.025985 262.110901 
126.039192 262.110901 
126.052412 261.110901 
126.065643 260.110901 
126.078855 259.110901 
126.092055 258.110901 
126.105279 256.110901 
126.118510 256.110901 
126.131747 255.110901 
126.144987 254.110901 
126.158220 253.110901 
126.171440 252.110901 
126.184641 251.110901 
126.197868 250.110901 
126.212085 249.110886 
126.226291 248.110886 
126.240507 247.110886 
126.254741 246.110886 
126.268971 245.110870 
126.283195 244.110855 
126.297429 243.110855 
126.311663 242.110870 
126.325904 241.110870 
126.340137 240.110855 
126.354369 239.110870 
126.368580 238.110870 
126.382811 237.110870 
126.397029 236.110855 
126.401197 235.110870 
126.409393 234.110870 
126.417605 233.110855 
126.425810 232.110855 
126.434038 231.110870 
126.442267 230.110870 
126.450465 229.110886 
126.458670 228.110886 
126.466883 227.110901 
126.475108 226.110916 
126.483304 225.110916 
126.491523 224.110916 
126.499768 222.110916 
126.507984 222.110916 
126.512139 221.110931 
126.520272 220.110931 
126.528407 219.110947 
126.536543 218.110947 
126.544688 217.110962 
126.552823 215.110962 
126.560942 215.110962 
126.569053 214.110962 
126.577166 213.110947 
126.585278 212.110947 
126.593405 211.110931 
126.601527 210.110916 
126.609646 209.110916 
126.617757 208.110916 
126.625892 207.110931 
126.634012 206.110931 
126.642146 205.110931 
126.650272 204.110931 
126.658394 203.110931 
126.666499 202.110931 
126.674612 201.110931 
126.682725 200.110931 
126.691855 199.110931 
126.700957 198.110931 
126.710068 197.110916 
126.719202 196.110901 
126.728315 195.110901 
126.737435 193.110901 
126.746545 193.110901 
126.755656 192.110901 
126.764767 191.110901 
126.773906 190.110901 
126.779093 189.110901 
126.789192 188.110901 
126.799290 187.110901 
126.809403 186.110901 
126.819494 185.110901 
126.829593 183.110901 
126.839683 183.110901 
126.849784 182.110901 
126.859888 181.110901 
126.869983 180.110901 
126.880106 179.110901 
126.890198 177.110901 
126.900295 177.110901 
126.910417 176.110901 
126.920502 175.110901 
126.930600 174.110901 
126.940707 173.110901 
126.950820 171.110901 
126.960931 171.110901 
126.971054 169.110901 
126.981136 169.110901 
126.991233 168.110901 
127.001347 167.110901 
127.012439 166.110901 
127.023541 165.110901 
127.034665 164.110901 
127.045786 163.110901 
127.056868 162.110901 
127.067947 161.110901 
127.079034 160.110901 
127.090132 159.110901 
127.101223 158.110901 
127.112332 157.110901 
127.123445 156.110901 
127.134533 155.110901 
127.145632 154.110901 
127.156725 153.110901 
127.167794 152.110901 
127.178901 151.110901 
127.189991 150.110901 
127.201102 149.110901 
127.212191 148.110901 
127.223304 147.110901 
127.234425 145.110901 
127.245515 145.110901 
127.256613 144.110901 
127.267713 143.110901 
127.279802 141.110901 
127.291889 141.110901 
127.299057 140.110901 
127.313252 139.110901 
127.327457 138.110901 
127.341684 137.110901 
127.355907 136.110901 
127.370124 135.110901 
127.384350 134.110901 
127.398584 132.110901 
127.412856 132.110901 
127.420039 131.110901 
127.427195 129.110901 
127.441420 129.110901 
127.455654 128.110901 
127.469871 127.110901 
127.484106 126.110901 
127.498319 125.110901 
127.513531 124.110901 
127.528742 123.110893 
127.543982 122.110893 
127.559192 121.110886 
127.574419 120.110893 
127.589630 119.110901 
127.604856 118.110893 
127.620070 117.110886 
127.635284 116.110878 
127.650509 115.110886 
127.665735 114.110886 
127.680954 113.110886 
127.696167 112.110886 
127.712399 111.110886 
127.728613 110.110878 
127.744831 109.110870 
127.761048 108.110870 
127.777267 107.110870 
127.793519 106.110878 
127.802709 105.110878 
127.820795 104.110878 
127.838914 103.110878 
127.857031 102.110878 
127.875157 101.110878 
127.893291 100.110886 
127.912407 99.110886 
127.931536 98.110886 
127.950667 97.110893 
127.969815 96.110893 
127.988921 95.110893 
128.008046 94.110886 
128.027163 93.110886 
128.046300 92.110878 
128.065418 91.110878 
128.085532 90.110878 
128.105635 89.110878 
128.125749 88.110878 
128.145856 86.110878 
128.165965 86.110878 
128.186074 85.110878 
128.206183 84.110878 
128.227282 83.110878 
128.248414 82.110878 
128.269546 81.110878 
128.290653 80.110878 
128.311782 79.110878 
128.323954 78.110878 
128.336134 77.110878 
128.361373 76.110878 
128.386597 75.110878 
128.411828 74.110878 
128.437123 73.110878 
128.450300 72.110878 
128.477396 71.110878 
128.504512 70.110878 
128.531637 69.110878 
128.558760 68.110878 
128.585882 67.110878 
128.613995 66.110878 
128.642125 65.110878 
128.670246 64.110878 
128.698369 63.110878 
128.713544 62.110882 
128.744764 61.110886 
128.775999 60.110886 
128.807240 59.110882 
128.839492 58.110882 
128.856670 57.110882 
128.890898 56.110882 
128.926124 55.110882 
128.961356 54.110882 
128.979526 53.110882 
129.016768 52.110882 
129.054002 51.110882 
129.073197 50.110882 
129.112305 49.110882 
129.132480 48.110882 
129.173723 47.110882 
129.214955 46.110882 
129.236139 45.110882 
129.279358 44.110882 
129.323609 43.110882 
129.346802 42.110882 
129.393961 41.110882 
129.441121 40.110882 
129.489282 39.110882 
129.538427 38.110882 
129.587574 37.110882 
129.637771 36.110882 
129.664974 35.110882 
129.721132 34.110882 
129.750321 33.110882 
129.810437 32.110882 
129.871567 31.110882 
129.933705 30.110880 
129.996841 29.110880 
130.060975 28.110882 
130.126140 27.110882 
130.162356 26.110880 
130.237525 25.110880 
130.276715 24.110880 
130.358882 23.110880 
130.402068 22.110880 
130.492161 21.110880 
130.584260 20.110880 
130.679429 19.110880 
130.731631 18.110880 
130.841784 17.110880 
130.955930 16.110880 
131.074160 15.110880 
131.140364 14.110880 
131.282527 13.110880 
131.430699 12.110880 
131.586929 11.110880 
131.677126 10.110880 
131.876297 9.110880 
132.089477 8.110880 
132.319670 7.110879 
132.572884 6.110879 
132.736080 5.110879 
133.142287 4.110879 
133.500493 5.110879 
133.826689 6.110879 
134.129889 7.110879 
134.416123 8.110880 
134.539327 9.110880 
134.771464 10.110880 
134.984611 11.110880 
135.189773 12.110880 
135.388971 13.110880 
135.465192 14.110880 
135.607402 15.110880 
135.745622 16.110880 
135.879833 17.110880 
136.011051 18.110880 
136.139256 19.110880 
136.264480 20.110880 
136.387705 21.110880 
136.508948 22.110880 
136.628153 23.110880 
136.745352 24.110880 
136.860570 25.110880 
136.974809 26.110880 
137.087020 27.110882 
137.198219 28.110882 
137.308419 29.110884 
137.417618 30.110884 
137.525842 31.110882 
137.633064 32.110882 
137.739284 33.110882 
137.844508 34.110882 
137.948730 35.110882 
138.051951 36.110882 
138.154173 37.110882 
138.256387 38.110882 
138.357592 39.110882 
138.457806 40.110882 
138.558024 41.110882 
138.657234 42.110882 
138.756449 43.110882 
138.854661 44.110882 
138.952874 45.110882 
139.050087 46.110882 
139.147298 47.110882 
139.243510 48.110882 
139.339724 49.110882 
139.434929 50.110882 
139.530139 51.110882 
139.625342 52.110882 
139.719554 53.110882 
139.813771 54.110882 
139.907980 55.110882 
140.001202 56.110882 
140.094421 57.110882 
140.187644 58.110882 
140.279872 59.110882 
140.372082 60.110882 
140.464301 61.110886 
140.556523 62.110886 
140.647744 63.110886 
140.738972 64.110886 
140.830183 65.110886 
140.921393 66.110886 
141.011612 67.110886 
141.101831 68.110886 
141.192050 69.110886 
141.282271 70.110886 
141.372492 71.110886 
141.461716 72.110886 
141.550941 73.110886 
141.640155 74.110886 
141.729386 75.110886 
141.818578 76.110886 
141.906809 77.110886 
141.995028 78.110886 
142.083246 79.110886 
142.171467 80.110886 
142.259688 81.110886 
142.347890 82.110886 
142.436110 83.110886 
142.523333 84.110886 
142.610547 85.110886 
142.697759 86.110886 
142.784972 87.110886 
142.872183 88.110886 
142.959385 89.110886 
143.046595 90.110886 
143.132814 91.110886 
143.219034 92.110878 
143.305254 93.110878 
143.391470 94.110878 
143.477687 95.110878 
